Title: Depleted MORB Mantle of Workmann & Hart 2005

Solid Composition:
Pressure Temperature mass SiO2 TiO2 Al2O3 Fe2O3 Cr2O3 FeO MnO MgO NiO CaO Na2O 
44001.00 1540.90 99.763256 44.6639 0.123962 3.98403 0.189736 0.568621 7.96227 0.129614 38.7282 0.240111 3.16438 0.245156
43901.00 1540.68 99.766108 44.6637 0.124005 3.98388 0.189745 0.56862 7.96262 0.129617 38.7279 0.240108 3.16437 0.245379
43801.00 1540.45 99.768907 44.6636 0.124048 3.98372 0.189755 0.56862 7.96297 0.12962 38.7276 0.240106 3.16436 0.245598
43701.00 1540.23 99.771652 44.6634 0.124089 3.98357 0.189764 0.568619 7.96331 0.129623 38.7273 0.240104 3.16434 0.245814
43601.00 1540.00 99.774343 44.6633 0.12413 3.98341 0.189773 0.568619 7.96365 0.129625 38.727 0.240102 3.16433 0.246026
43501.00 1539.77 99.776980 44.6632 0.124171 3.98326 0.189781 0.568619 7.96398 0.129628 38.7267 0.2401 3.16432 0.246235
43401.00 1539.55 99.779563 44.663 0.12421 3.98312 0.18979 0.568619 7.96431 0.129631 38.7264 0.240098 3.16431 0.246439
43301.00 1539.32 99.782093 44.6629 0.124249 3.98297 0.189798 0.568618 7.96463 0.129634 38.7262 0.240096 3.1643 0.24664
43201.00 1539.09 99.784568 44.6628 0.124287 3.98282 0.189807 0.568618 7.96494 0.129637 38.7259 0.240094 3.16428 0.246838
43101.00 1538.86 99.786990 44.6627 0.124325 3.98268 0.189815 0.568618 7.96524 0.12964 38.7256 0.240092 3.16427 0.247031
43001.00 1538.64 99.789358 44.6625 0.124362 3.98253 0.189822 0.568618 7.96554 0.129642 38.7254 0.24009 3.16426 0.247221
42901.00 1538.41 99.791671 44.6624 0.124397 3.98239 0.18983 0.568619 7.96584 0.129645 38.7251 0.240089 3.16424 0.247406
42801.00 1538.18 99.793930 44.6623 0.124433 3.98225 0.189837 0.568619 7.96613 0.129648 38.7249 0.240087 3.16423 0.247588
42701.00 1537.95 99.796135 44.6622 0.124467 3.98211 0.189845 0.568619 7.96641 0.12965 38.7246 0.240085 3.16422 0.247766
42601.00 1537.72 99.798285 44.6621 0.124501 3.98197 0.189852 0.568619 7.96669 0.129653 38.7244 0.240084 3.16421 0.247941
42501.00 1537.49 99.800381 44.662 0.124534 3.98184 0.189859 0.568619 7.96696 0.129656 38.7242 0.240082 3.16419 0.248111
42401.00 1537.26 99.802422 44.6619 0.124566 3.9817 0.189865 0.56862 7.96722 0.129658 38.724 0.240081 3.16418 0.248277
42301.00 1537.03 99.804408 44.6618 0.124598 3.98157 0.189872 0.56862 7.96748 0.129661 38.7238 0.24008 3.16416 0.248439
42201.00 1536.79 99.806340 44.6617 0.124628 3.98143 0.189878 0.568621 7.96773 0.129663 38.7236 0.240078 3.16415 0.248597
42101.00 1536.56 99.808216 44.6616 0.124658 3.9813 0.189884 0.568621 7.96798 0.129666 38.7234 0.240077 3.16414 0.248751
42001.00 1536.33 99.810037 44.6615 0.124687 3.98117 0.18989 0.568621 7.96822 0.129668 38.7232 0.240076 3.16412 0.248901
41901.00 1536.10 99.811803 44.6614 0.124716 3.98104 0.189896 0.568622 7.96846 0.129671 38.723 0.240075 3.16411 0.249046
41801.00 1535.86 99.813514 44.6613 0.124743 3.98091 0.189901 0.568622 7.96869 0.129673 38.7228 0.240074 3.16409 0.249188
41701.00 1535.63 99.815168 44.6612 0.12477 3.98078 0.189907 0.568623 7.96891 0.129675 38.7227 0.240073 3.16408 0.249325
41601.00 1535.40 99.816767 44.6611 0.124796 3.98066 0.189912 0.568624 7.96913 0.129678 38.7225 0.240072 3.16406 0.249458
41501.00 1535.16 99.818309 44.661 0.124822 3.98053 0.189917 0.568624 7.96935 0.12968 38.7223 0.240072 3.16404 0.249587
41401.00 1534.93 99.819796 44.661 0.124846 3.98041 0.189922 0.568625 7.96956 0.129682 38.7222 0.240071 3.16403 0.249711
41301.00 1534.69 99.821226 44.6609 0.12487 3.98028 0.189927 0.568625 7.96976 0.129685 38.7221 0.24007 3.16401 0.249831
41201.00 1534.46 99.822599 44.6608 0.124893 3.98016 0.189931 0.568626 7.96996 0.129687 38.7219 0.24007 3.16399 0.249947
41101.00 1534.22 99.823915 44.6607 0.124915 3.98004 0.189935 0.568627 7.97015 0.129689 38.7218 0.240069 3.16398 0.250058
41001.00 1533.99 99.825174 44.6607 0.124937 3.97992 0.189939 0.568627 7.97033 0.129691 38.7217 0.240069 3.16396 0.250164
40901.00 1533.75 99.826376 44.6606 0.124957 3.97979 0.189943 0.568628 7.97051 0.129694 38.7216 0.240068 3.16394 0.250267
40801.00 1533.51 99.827520 44.6605 0.124977 3.97967 0.189947 0.568629 7.97069 0.129696 38.7215 0.240068 3.16392 0.250364
40701.00 1533.27 99.828606 44.6605 0.124996 3.97955 0.189951 0.568629 7.97086 0.129698 38.7214 0.240068 3.16391 0.250457
40601.00 1533.04 99.829634 44.6604 0.125014 3.97944 0.189954 0.56863 7.97102 0.1297 38.7213 0.240068 3.16389 0.250546
40501.00 1532.80 99.830604 44.6604 0.125031 3.97932 0.189957 0.568631 7.97118 0.129702 38.7213 0.240068 3.16387 0.25063
40401.00 1532.56 99.831514 44.6603 0.125048 3.9792 0.18996 0.568631 7.97134 0.129704 38.7212 0.240068 3.16385 0.250709
40301.00 1532.32 99.832366 44.6603 0.125064 3.97908 0.189963 0.568632 7.97149 0.129706 38.7211 0.240068 3.16383 0.250784
40201.00 1532.08 99.833158 44.6602 0.125078 3.97897 0.189966 0.568633 7.97163 0.129709 38.7211 0.240068 3.16381 0.250854
40101.00 1531.84 99.833891 44.6602 0.125092 3.97885 0.189969 0.568634 7.97177 0.129711 38.7211 0.240069 3.16378 0.250919
40001.00 1531.60 99.834564 44.6601 0.125106 3.97873 0.189971 0.568634 7.9719 0.129713 38.721 0.240069 3.16376 0.250979
39901.00 1531.36 99.835176 44.6601 0.125118 3.97862 0.189973 0.568635 7.97203 0.129715 38.721 0.240069 3.16374 0.251034
39801.00 1531.12 99.835728 44.66 0.12513 3.9785 0.189975 0.568636 7.97215 0.129717 38.721 0.24007 3.16372 0.251085
39701.00 1530.87 99.836218 44.66 0.12514 3.97838 0.189977 0.568636 7.97227 0.129719 38.721 0.24007 3.16369 0.251131
39601.00 1530.63 99.836647 44.66 0.12515 3.97827 0.189979 0.568637 7.97238 0.129721 38.721 0.240071 3.16367 0.251171
39501.00 1530.39 99.837015 44.6599 0.125159 3.97815 0.18998 0.568638 7.97248 0.129723 38.721 0.240072 3.16365 0.251207
39401.00 1530.15 99.837320 44.6599 0.125167 3.97804 0.189981 0.568639 7.97259 0.129725 38.721 0.240073 3.16362 0.251238
39301.00 1529.90 99.837563 44.6599 0.125175 3.97792 0.189982 0.568639 7.97268 0.129727 38.7211 0.240074 3.16359 0.251263
39201.00 1529.66 99.837742 44.6599 0.125181 3.97781 0.189983 0.56864 7.97277 0.129729 38.7211 0.240075 3.16357 0.251284
39101.00 1529.41 99.837858 44.6598 0.125187 3.97769 0.189984 0.568641 7.97286 0.12973 38.7212 0.240076 3.16354 0.2513
39001.00 1529.17 99.837911 44.6598 0.125191 3.97757 0.189985 0.568641 7.97294 0.129732 38.7212 0.240077 3.16351 0.25131
38901.00 1528.92 99.837899 44.6598 0.125195 3.97746 0.189985 0.568642 7.97302 0.129734 38.7213 0.240079 3.16348 0.251315
38801.00 1528.68 99.837822 44.6598 0.125198 3.97734 0.189985 0.568643 7.97309 0.129736 38.7214 0.24008 3.16345 0.251315
38701.00 1528.43 99.837680 44.6598 0.1252 3.97722 0.189985 0.568644 7.97315 0.129738 38.7215 0.240082 3.16342 0.25131
38601.00 1528.18 99.837473 44.6598 0.125201 3.9771 0.189985 0.568644 7.97321 0.12974 38.7216 0.240083 3.16339 0.2513
38501.00 1527.93 99.837199 44.6598 0.125202 3.97698 0.189984 0.568645 7.97327 0.129742 38.7217 0.240085 3.16336 0.251284
38401.00 1527.69 99.836858 44.6598 0.125201 3.97686 0.189984 0.568646 7.97332 0.129744 38.7218 0.240087 3.16333 0.251263
38301.00 1527.44 99.836451 44.6598 0.125199 3.97674 0.189983 0.568647 7.97336 0.129746 38.7219 0.240089 3.16329 0.251236
38201.00 1527.19 99.835975 44.6598 0.125197 3.97662 0.189982 0.568647 7.9734 0.129748 38.7221 0.240091 3.16326 0.251204
38101.00 1526.94 99.835432 44.6598 0.125194 3.9765 0.189981 0.568648 7.97344 0.12975 38.7222 0.240093 3.16322 0.251167
38001.00 1526.69 99.834819 44.6598 0.125189 3.97638 0.18998 0.568649 7.97347 0.129752 38.7224 0.240095 3.16319 0.251124
37901.00 1526.44 99.834137 44.6598 0.125184 3.97625 0.189978 0.56865 7.97349 0.129754 38.7226 0.240098 3.16315 0.251076
37801.00 1526.19 99.833385 44.6598 0.125178 3.97612 0.189976 0.56865 7.97352 0.129755 38.7228 0.2401 3.16311 0.251022
37701.00 1525.93 99.832563 44.6598 0.125171 3.976 0.189974 0.568651 7.97353 0.129757 38.723 0.240103 3.16307 0.250962
37601.00 1525.68 99.831669 44.6598 0.125163 3.97587 0.189972 0.568652 7.97354 0.129759 38.7232 0.240106 3.16303 0.250897
37501.00 1525.43 99.830704 44.6599 0.125154 3.97574 0.18997 0.568653 7.97355 0.129761 38.7234 0.240109 3.16299 0.250826
37401.00 1525.18 99.829666 44.6599 0.125145 3.97561 0.189967 0.568654 7.97355 0.129763 38.7236 0.240111 3.16295 0.25075
37301.00 1524.92 99.828555 44.6599 0.125134 3.97547 0.189964 0.568655 7.97354 0.129765 38.7239 0.240115 3.1629 0.250668
37201.00 1524.67 99.827370 44.6599 0.125122 3.97534 0.189962 0.568656 7.97353 0.129767 38.7241 0.240118 3.16286 0.25058
37101.00 1524.41 99.826111 44.66 0.12511 3.9752 0.189958 0.568657 7.97352 0.129769 38.7244 0.240121 3.16281 0.250486
37001.00 1524.16 99.824776 44.66 0.125096 3.97506 0.189955 0.568658 7.9735 0.129771 38.7247 0.240125 3.16276 0.250387
36901.00 1523.90 99.823366 44.6601 0.125082 3.97492 0.189951 0.568659 7.97348 0.129773 38.725 0.240128 3.16271 0.250281
36801.00 1523.65 99.821879 44.6601 0.125066 3.97478 0.189948 0.56866 7.97345 0.129775 38.7253 0.240132 3.16266 0.25017
36701.00 1523.39 99.820315 44.6601 0.12505 3.97463 0.189943 0.568661 7.97341 0.129778 38.7256 0.240136 3.16261 0.250053
36601.00 1523.13 99.818673 44.6602 0.125032 3.97448 0.189939 0.568662 7.97337 0.12978 38.7259 0.24014 3.16255 0.24993
36501.00 1522.87 99.816952 44.6602 0.125014 3.97433 0.189935 0.568664 7.97333 0.129782 38.7263 0.240144 3.1625 0.249801
36401.00 1522.61 99.815151 44.6603 0.124994 3.97418 0.18993 0.568665 7.97328 0.129784 38.7266 0.240148 3.16244 0.249666
36301.00 1522.35 99.813270 44.6603 0.124974 3.97402 0.189925 0.568666 7.97323 0.129786 38.727 0.240153 3.16238 0.249525
36201.00 1522.09 99.811307 44.6604 0.124953 3.97386 0.18992 0.568668 7.97317 0.129788 38.7274 0.240157 3.16232 0.249378
36101.00 1521.83 99.809262 44.6605 0.12493 3.9737 0.189915 0.56867 7.9731 0.129791 38.7278 0.240162 3.16226 0.249225
36001.00 1521.57 99.807135 44.6605 0.124907 3.97353 0.189909 0.568671 7.97304 0.129793 38.7282 0.240167 3.1622 0.249066
35901.00 1521.31 99.804923 44.6606 0.124883 3.97336 0.189903 0.568673 7.97296 0.129795 38.7286 0.240172 3.16213 0.2489
35801.00 1521.05 99.802626 44.6607 0.124857 3.97319 0.189897 0.568675 7.97288 0.129798 38.7291 0.240177 3.16206 0.248729
35701.00 1520.78 99.800244 44.6607 0.124831 3.97301 0.189891 0.568677 7.9728 0.1298 38.7295 0.240182 3.16199 0.248551
35601.00 1520.52 99.797775 44.6608 0.124804 3.97283 0.189884 0.568679 7.97271 0.129802 38.73 0.240188 3.16192 0.248367
35501.00 1520.26 99.795219 44.6609 0.124775 3.97265 0.189877 0.568681 7.97262 0.129805 38.7305 0.240194 3.16185 0.248177
35401.00 1519.99 99.792573 44.661 0.124746 3.97246 0.18987 0.568684 7.97252 0.129807 38.731 0.240199 3.16177 0.24798
35301.00 1519.73 99.789839 44.661 0.124716 3.97227 0.189863 0.568686 7.97242 0.12981 38.7315 0.240205 3.16169 0.247777
35201.00 1519.46 99.787013 44.6611 0.124684 3.97207 0.189855 0.568689 7.97231 0.129813 38.7321 0.240212 3.16161 0.247568
35101.00 1519.19 99.784096 44.6612 0.124652 3.97187 0.189847 0.568692 7.9722 0.129815 38.7326 0.240218 3.16153 0.247352
35001.00 1518.92 99.781086 44.6613 0.124618 3.97166 0.189839 0.568695 7.97208 0.129818 38.7332 0.240225 3.16144 0.24713
34901.00 1518.66 99.777982 44.6614 0.124584 3.97145 0.189831 0.568698 7.97195 0.129821 38.7338 0.240231 3.16136 0.246902
34801.00 1518.39 99.774783 44.6615 0.124548 3.97123 0.189822 0.568701 7.97183 0.129823 38.7344 0.240238 3.16127 0.246667
34701.00 1518.12 99.771487 44.6616 0.124512 3.97101 0.189813 0.568705 7.97169 0.129826 38.735 0.240245 3.16117 0.246426
34601.00 1517.85 99.768095 44.6617 0.124474 3.97078 0.189804 0.568709 7.97155 0.129829 38.7356 0.240253 3.16108 0.246178
34501.00 1517.58 99.764604 44.6618 0.124435 3.97055 0.189794 0.568713 7.97141 0.129832 38.7363 0.24026 3.16098 0.245923
34401.00 1517.30 99.761013 44.6619 0.124396 3.97031 0.189785 0.568717 7.97126 0.129835 38.7369 0.240268 3.16088 0.245662
34301.00 1517.03 99.757321 44.6621 0.124355 3.97006 0.189775 0.568721 7.97111 0.129838 38.7376 0.240276 3.16077 0.245395
34201.00 1516.76 99.753527 44.6622 0.124313 3.96981 0.189764 0.568726 7.97095 0.129842 38.7383 0.240284 3.16067 0.245121
34101.00 1516.48 99.749630 44.6623 0.12427 3.96955 0.189753 0.568731 7.97079 0.129845 38.7391 0.240292 3.16056 0.24484
34001.00 1516.21 99.745627 44.6624 0.124226 3.96929 0.189742 0.568736 7.97062 0.129848 38.7398 0.2403 3.16044 0.244553
33901.00 1515.93 99.741518 44.6626 0.124181 3.96902 0.189731 0.568742 7.97045 0.129852 38.7406 0.240309 3.16033 0.244259
33801.00 1515.66 99.737302 44.6627 0.124135 3.96874 0.18972 0.568747 7.97027 0.129855 38.7414 0.240318 3.16021 0.243958
33701.00 1515.38 99.732976 44.6628 0.124088 3.96845 0.189708 0.568754 7.97009 0.129859 38.7422 0.240327 3.16008 0.243651
33601.00 1515.10 99.728540 44.663 0.124039 3.96816 0.189695 0.56876 7.9699 0.129862 38.743 0.240337 3.15995 0.243337
33501.00 1514.82 99.723992 44.6631 0.12399 3.96786 0.189683 0.568767 7.9697 0.129866 38.7438 0.240346 3.15982 0.243016
33401.00 1514.54 99.719331 44.6632 0.123939 3.96755 0.18967 0.568774 7.9695 0.12987 38.7447 0.240356 3.15969 0.242688
33301.00 1514.26 99.714554 44.6634 0.123888 3.96723 0.189657 0.568782 7.9693 0.129874 38.7456 0.240366 3.15955 0.242354
33201.00 1513.98 99.709661 44.6635 0.123835 3.9669 0.189643 0.56879 7.96909 0.129878 38.7465 0.240377 3.15941 0.242013
33101.00 1513.70 99.704649 44.6637 0.123781 3.96657 0.189629 0.568798 7.96888 0.129882 38.7475 0.240387 3.15926 0.241665
33001.00 1513.42 99.699518 44.6639 0.123726 3.96622 0.189615 0.568807 7.96866 0.129886 38.7484 0.240398 3.15911 0.24131
32901.00 1513.13 99.694265 44.664 0.12367 3.96587 0.1896 0.568816 7.96843 0.12989 38.7494 0.240409 3.15895 0.240949
32801.00 1512.85 99.688889 44.6642 0.123613 3.96551 0.189585 0.568826 7.9682 0.129895 38.7504 0.240421 3.15879 0.24058
32701.00 1512.56 99.683388 44.6644 0.123555 3.96514 0.18957 0.568836 7.96796 0.129899 38.7514 0.240432 3.15863 0.240205
32601.00 1512.28 99.677759 44.6645 0.123495 3.96475 0.189554 0.568846 7.96772 0.129904 38.7525 0.240444 3.15846 0.239823
32501.00 1511.99 99.672003 44.6647 0.123435 3.96436 0.189538 0.568858 7.96748 0.129909 38.7535 0.240456 3.15828 0.239434
32401.00 1511.70 99.666115 44.6649 0.123373 3.96396 0.189522 0.568869 7.96722 0.129913 38.7546 0.240469 3.15811 0.239038
32301.00 1511.41 99.660095 44.6651 0.12331 3.96354 0.189505 0.568882 7.96697 0.129918 38.7558 0.240482 3.15792 0.238635
32201.00 1511.12 99.653941 44.6653 0.123247 3.96312 0.189488 0.568894 7.9667 0.129924 38.7569 0.240495 3.15773 0.238225
32101.00 1510.83 99.647650 44.6655 0.123181 3.96268 0.18947 0.568908 7.96644 0.129929 38.7581 0.240508 3.15754 0.237809
32001.00 1510.54 99.641221 44.6656 0.123115 3.96223 0.189452 0.568922 7.96616 0.129934 38.7593 0.240522 3.15733 0.237385
31901.00 1510.25 99.634651 44.6658 0.123048 3.96177 0.189434 0.568937 7.96588 0.12994 38.7605 0.240536 3.15713 0.236954
31801.00 1509.95 99.627939 44.666 0.122979 3.96129 0.189415 0.568952 7.9656 0.129945 38.7618 0.24055 3.15691 0.236517
31701.00 1509.66 99.621081 44.6663 0.12291 3.96081 0.189396 0.568968 7.96531 0.129951 38.7631 0.240564 3.1567 0.236072
31601.00 1509.36 99.614076 44.6665 0.122839 3.96031 0.189376 0.568985 7.96501 0.129957 38.7644 0.240579 3.15647 0.235621
31501.00 1509.06 99.606922 44.6667 0.122767 3.95979 0.189356 0.569002 7.96471 0.129963 38.7657 0.240595 3.15624 0.235163
31401.00 1508.77 99.599616 44.6669 0.122694 3.95927 0.189335 0.56902 7.9644 0.129969 38.7671 0.24061 3.156 0.234697
31301.00 1508.47 99.592156 44.6671 0.12262 3.95872 0.189314 0.569039 7.96409 0.129975 38.7685 0.240626 3.15575 0.234225
31201.00 1508.17 99.584540 44.6673 0.122544 3.95817 0.189293 0.569059 7.96377 0.129982 38.77 0.240642 3.1555 0.233746
31101.00 1507.87 99.576764 44.6676 0.122468 3.95759 0.189271 0.56908 7.96344 0.129989 38.7714 0.240659 3.15524 0.233259
31001.00 1507.56 99.568826 44.6678 0.12239 3.95701 0.189249 0.569102 7.96311 0.129995 38.7729 0.240676 3.15498 0.232766
30901.00 1507.26 99.560724 44.668 0.122311 3.9564 0.189226 0.569124 7.96278 0.130002 38.7744 0.240693 3.1547 0.232266
30801.00 1506.95 99.552456 44.6683 0.122231 3.95579 0.189202 0.569147 7.96243 0.13001 38.776 0.240711 3.15442 0.231759
30701.00 1506.65 99.544017 44.6685 0.12215 3.95515 0.189179 0.569172 7.96209 0.130017 38.7776 0.240729 3.15413 0.231245
30601.00 1506.34 99.535406 44.6688 0.122067 3.9545 0.189155 0.569197 7.96173 0.130025 38.7792 0.240748 3.15383 0.230724
30501.00 1506.03 99.526620 44.669 0.121984 3.95383 0.18913 0.569223 7.96137 0.130032 38.7809 0.240767 3.15352 0.230196
30401.00 1505.72 99.517655 44.6693 0.121899 3.95314 0.189105 0.569251 7.961 0.13004 38.7826 0.240786 3.1532 0.229661
30301.00 1505.41 99.508510 44.6696 0.121813 3.95243 0.189079 0.569279 7.96063 0.130048 38.7844 0.240806 3.15288 0.229119
30201.00 1505.10 99.499180 44.6698 0.121726 3.9517 0.189053 0.569309 7.96025 0.130057 38.7861 0.240826 3.15254 0.22857
30101.00 1504.79 99.489662 44.6701 0.121637 3.95096 0.189026 0.569339 7.95986 0.130065 38.788 0.240847 3.1522 0.228014
30001.00 1504.47 99.479954 44.6704 0.121548 3.95019 0.188999 0.569371 7.95947 0.130074 38.7898 0.240868 3.15184 0.227452
29901.00 1504.16 99.470052 44.6707 0.121457 3.94941 0.188971 0.569404 7.95907 0.130083 38.7917 0.240889 3.15148 0.226882
29801.00 1503.84 99.459952 44.6709 0.121365 3.9486 0.188943 0.569439 7.95867 0.130092 38.7936 0.240911 3.1511 0.226306
29701.00 1503.52 99.449652 44.6712 0.121272 3.94777 0.188914 0.569474 7.95826 0.130101 38.7956 0.240934 3.15072 0.225723
29601.00 1503.20 99.439148 44.6715 0.121178 3.94692 0.188885 0.569511 7.95784 0.130111 38.7976 0.240957 3.15032 0.225133
29501.00 1502.88 99.428436 44.6718 0.121083 3.94605 0.188855 0.56955 7.95741 0.130121 38.7997 0.24098 3.14991 0.224537
29401.00 1502.56 99.417513 44.6721 0.120986 3.94515 0.188825 0.569589 7.95698 0.130131 38.8018 0.241004 3.14949 0.223933
29301.00 1502.23 99.406374 44.6724 0.120888 3.94423 0.188794 0.569631 7.95654 0.130141 38.8039 0.241028 3.14906 0.223323
29201.00 1501.91 99.395016 44.6727 0.120789 3.94329 0.188762 0.569673 7.9561 0.130152 38.8061 0.241053 3.14861 0.222706
29101.00 1501.58 99.383436 44.6731 0.120689 3.94232 0.18873 0.569717 7.95564 0.130163 38.8084 0.241079 3.14816 0.222082
29001.00 1501.25 99.371629 44.6734 0.120588 3.94133 0.188698 0.569763 7.95518 0.130174 38.8107 0.241105 3.14768 0.221452
28901.00 1500.92 99.359590 44.6737 0.120485 3.9403 0.188665 0.56981 7.95472 0.130185 38.813 0.241131 3.1472 0.220815
28801.00 1500.59 99.347317 44.674 0.120382 3.93926 0.188631 0.569859 7.95424 0.130197 38.8154 0.241158 3.1467 0.220172
28701.00 1500.26 99.334804 44.6744 0.120277 3.93818 0.188597 0.56991 7.95376 0.130209 38.8178 0.241186 3.14619 0.219522
28601.00 1499.92 99.322047 44.6747 0.120171 3.93708 0.188562 0.569962 7.95327 0.130221 38.8203 0.241214 3.14566 0.218865
28501.00 1499.58 99.309041 44.675 0.120063 3.93595 0.188527 0.570017 7.95278 0.130234 38.8228 0.241243 3.14512 0.218202
28401.00 1499.25 99.295783 44.6754 0.119955 3.93479 0.188491 0.570073 7.95228 0.130246 38.8254 0.241273 3.14456 0.217533
28301.00 1498.91 99.282267 44.6757 0.119846 3.9336 0.188455 0.570131 7.95176 0.13026 38.8281 0.241303 3.14399 0.216857
28201.00 1498.56 99.268489 44.6761 0.119735 3.93237 0.188418 0.57019 7.95125 0.130273 38.8308 0.241333 3.1434 0.216174
28101.00 1498.22 99.254443 44.6765 0.119623 3.93112 0.18838 0.570252 7.95072 0.130287 38.8335 0.241364 3.14279 0.215486
28001.00 1497.88 99.240126 44.6768 0.11951 3.92983 0.188342 0.570316 7.95019 0.130301 38.8363 0.241396 3.14217 0.214791
27901.00 1497.53 99.225530 44.6772 0.119396 3.92851 0.188304 0.570382 7.94964 0.130315 38.8392 0.241429 3.14152 0.21409
27801.00 1497.18 99.210652 44.6776 0.119281 3.92716 0.188264 0.57045 7.94909 0.13033 38.8421 0.241462 3.14086 0.213383
27701.00 1496.83 99.195486 44.678 0.119164 3.92577 0.188225 0.57052 7.94853 0.130345 38.8451 0.241496 3.14018 0.21267
27601.00 1496.47 99.180027 44.6784 0.119047 3.92435 0.188184 0.570593 7.94797 0.130361 38.8482 0.241531 3.13948 0.211951
27501.00 1496.12 99.164268 44.6787 0.118928 3.92289 0.188144 0.570667 7.94739 0.130376 38.8513 0.241566 3.13876 0.211226
27401.00 1495.76 99.148205 44.6791 0.118808 3.92139 0.188102 0.570745 7.94681 0.130393 38.8545 0.241603 3.13802 0.210495
27301.00 1495.40 99.131831 44.6795 0.118688 3.91985 0.188061 0.570824 7.94622 0.130409 38.8577 0.241639 3.13726 0.209758
27201.00 1495.04 99.115170 44.68 0.118566 3.91828 0.188018 0.570906 7.94562 0.130426 38.8611 0.241677 3.13648 0.209016
27101.00 1494.68 99.098274 44.6804 0.118442 3.91668 0.187976 0.570989 7.94501 0.130443 38.8644 0.241715 3.13568 0.208267
27001.00 1494.32 99.081139 44.6808 0.118318 3.91506 0.187933 0.571073 7.94439 0.130461 38.8678 0.241754 3.13487 0.207512
26901.00 1493.95 99.063764 44.6812 0.118193 3.91341 0.187889 0.57116 7.94376 0.130478 38.8713 0.241793 3.13404 0.20675
26801.00 1493.58 99.046146 44.6816 0.118066 3.91174 0.187846 0.571247 7.94313 0.130496 38.8748 0.241833 3.1332 0.205983
26701.00 1493.21 99.028282 44.6821 0.117938 3.91004 0.187802 0.571337 7.94249 0.130514 38.8784 0.241873 3.13234 0.205209
26601.00 1492.84 99.010170 44.6825 0.117809 3.90832 0.187758 0.571427 7.94183 0.130533 38.882 0.241914 3.13146 0.204429
26501.00 1492.46 98.991807 44.6829 0.117679 3.90656 0.187713 0.57152 7.94117 0.130551 38.8857 0.241955 3.13057 0.203644
26401.00 1492.09 98.973190 44.6834 0.117548 3.90478 0.187668 0.571614 7.9405 0.13057 38.8894 0.241997 3.12966 0.202852
26301.00 1491.71 98.954317 44.6838 0.117416 3.90298 0.187623 0.57171 7.93982 0.130589 38.8932 0.24204 3.12873 0.202055
26201.00 1491.33 98.935185 44.6843 0.117282 3.90114 0.187578 0.571807 7.93913 0.130609 38.8971 0.242083 3.12779 0.201252
26101.00 1490.95 98.915792 44.6847 0.117148 3.89927 0.187532 0.571906 7.93843 0.130628 38.901 0.242127 3.12682 0.200443
26001.00 1490.56 98.896134 44.6852 0.117012 3.89738 0.187486 0.572007 7.93773 0.130648 38.9049 0.242171 3.12584 0.199629
25901.00 1490.17 98.876209 44.6857 0.116876 3.89545 0.18744 0.57211 7.93701 0.130669 38.9089 0.242216 3.12484 0.198809
25801.00 1489.79 98.856014 44.6861 0.116738 3.8935 0.187394 0.572214 7.93628 0.130689 38.913 0.242262 3.12382 0.197984
25701.00 1489.39 98.835547 44.6866 0.116599 3.89151 0.187347 0.572321 7.93555 0.13071 38.9171 0.242308 3.12278 0.197153
25601.00 1489.00 98.814805 44.6871 0.11646 3.88949 0.187301 0.572429 7.93481 0.130731 38.9213 0.242355 3.12171 0.196318
25501.00 1488.60 98.793784 44.6876 0.116319 3.88744 0.187254 0.572539 7.93405 0.130752 38.9256 0.242403 3.12063 0.195477
25401.00 1488.21 98.772484 44.6881 0.116177 3.88535 0.187207 0.572651 7.93329 0.130774 38.9299 0.242451 3.11953 0.194632
25301.00 1487.81 98.750900 44.6886 0.116035 3.88324 0.18716 0.572764 7.93252 0.130796 38.9343 0.2425 3.11841 0.193781
25201.00 1487.40 98.729030 44.6891 0.115891 3.88109 0.187113 0.57288 7.93173 0.130819 38.9387 0.24255 3.11726 0.192926
25101.00 1487.00 98.706872 44.6896 0.115747 3.8789 0.187066 0.572997 7.93094 0.130841 38.9432 0.2426 3.11609 0.192066
25001.00 1486.59 98.684422 44.6901 0.115601 3.87668 0.187018 0.573117 7.93014 0.130864 38.9478 0.242651 3.1149 0.191202
24901.00 1486.18 98.661679 44.6906 0.115455 3.87442 0.186971 0.573238 7.92933 0.130887 38.9524 0.242703 3.11369 0.190333
24801.00 1485.76 98.638639 44.6911 0.115308 3.87213 0.186924 0.573362 7.92851 0.130911 38.9571 0.242755 3.11245 0.18946
24701.00 1485.35 98.615301 44.6916 0.11516 3.86981 0.186877 0.573488 7.92768 0.130935 38.9619 0.242809 3.11119 0.188584
24601.00 1484.93 98.591662 44.6921 0.115011 3.86744 0.18683 0.573615 7.92684 0.130959 38.9667 0.242862 3.1099 0.187703
24501.00 1484.51 98.567719 44.6927 0.114862 3.86504 0.186783 0.573745 7.92599 0.130984 38.9716 0.242917 3.10859 0.186819
24401.00 1484.08 98.543470 44.6932 0.114712 3.8626 0.186736 0.573877 7.92514 0.131009 38.9766 0.242972 3.10726 0.185931
24301.00 1483.66 98.518913 44.6937 0.114561 3.86012 0.186689 0.574011 7.92427 0.131035 38.9816 0.243029 3.1059 0.18504
24201.00 1483.22 98.494047 44.6943 0.11441 3.8576 0.186642 0.574147 7.92339 0.13106 38.9867 0.243085 3.10451 0.184146
24101.00 1482.79 98.468868 44.6948 0.114257 3.85504 0.186596 0.574285 7.9225 0.131086 38.9919 0.243143 3.1031 0.183249
24001.00 1482.35 98.443376 44.6954 0.114105 3.85244 0.18655 0.574426 7.9216 0.131113 38.9972 0.243201 3.10166 0.182349
23901.00 1481.92 98.417568 44.6959 0.113952 3.8498 0.186504 0.574568 7.92069 0.13114 39.0025 0.24326 3.10019 0.181447
23801.00 1481.47 98.391443 44.6965 0.113798 3.84712 0.186459 0.574713 7.91978 0.131167 39.0079 0.24332 3.09869 0.180542
23701.00 1481.03 98.365000 44.697 0.113644 3.8444 0.186414 0.574861 7.91885 0.131195 39.0134 0.243381 3.09717 0.179635
23601.00 1480.58 98.338237 44.6976 0.11349 3.84164 0.18637 0.57501 7.91791 0.131223 39.019 0.243443 3.09561 0.178727
23501.00 1480.12 98.311154 44.6982 0.113335 3.83883 0.186326 0.575162 7.91697 0.131251 39.0246 0.243505 3.09403 0.177818
23401.00 1479.67 98.283751 44.6988 0.11318 3.83598 0.186282 0.575316 7.91601 0.13128 39.0303 0.243568 3.09242 0.176907
23301.00 1479.21 98.256026 44.6993 0.113025 3.83308 0.186239 0.575472 7.91504 0.131309 39.0361 0.243632 3.09077 0.175995
23201.00 1478.74 98.227979 44.6999 0.112869 3.83014 0.186197 0.575631 7.91407 0.131339 39.042 0.243697 3.0891 0.175083
23101.00 1478.27 98.199612 44.7005 0.112714 3.82716 0.186155 0.575792 7.91308 0.131369 39.0479 0.243762 3.0874 0.17417
23001.00 1477.80 98.170925 44.7011 0.112558 3.82413 0.186115 0.575955 7.91209 0.131399 39.0539 0.243828 3.08566 0.173258
22901.00 1477.33 98.141918 44.7017 0.112403 3.82106 0.186075 0.576121 7.91108 0.13143 39.06 0.243895 3.08389 0.172346
22801.00 1476.85 98.112594 44.7023 0.112248 3.81794 0.186036 0.576289 7.91007 0.131461 39.0662 0.243963 3.08209 0.171435
22701.00 1476.36 98.082955 44.7028 0.112093 3.81478 0.185998 0.576459 7.90904 0.131493 39.0725 0.244032 3.08026 0.170526
22601.00 1475.88 98.053003 44.7034 0.111938 3.81157 0.185961 0.576631 7.90801 0.131525 39.0788 0.244102 3.0784 0.169618
22501.00 1475.38 98.022741 44.704 0.111784 3.80832 0.185925 0.576806 7.90697 0.131557 39.0852 0.244172 3.0765 0.168712
22401.00 1474.89 97.992175 44.7046 0.11163 3.80502 0.18589 0.576984 7.90592 0.13159 39.0917 0.244243 3.07457 0.167809
22301.00 1474.41 97.952371 44.7054 0.111369 3.80106 0.185812 0.577183 7.90455 0.131631 39.1001 0.244334 3.0722 0.166423
22201.00 1473.97 97.902746 44.7063 0.110993 3.79641 0.185686 0.577407 7.90285 0.13168 39.1104 0.244447 3.06935 0.16453
22101.00 1473.53 97.852659 44.7072 0.110614 3.7917 0.185558 0.577633 7.90115 0.131729 39.1208 0.244561 3.06646 0.162636
22001.00 1473.09 97.802103 44.708 0.110231 3.78693 0.185428 0.577862 7.89944 0.131779 39.1314 0.244677 3.06351 0.160742
21901.00 1472.64 97.751070 44.7089 0.109845 3.7821 0.185295 0.578094 7.89772 0.13183 39.1421 0.244793 3.06051 0.158848
21801.00 1472.19 97.699551 44.7098 0.109455 3.77721 0.18516 0.578329 7.896 0.131882 39.1529 0.244911 3.05746 0.156954
21701.00 1471.74 97.647539 44.7106 0.109061 3.77226 0.185022 0.578567 7.89428 0.131934 39.1638 0.245031 3.05436 0.15506
21601.00 1471.29 97.595026 44.7115 0.108664 3.76725 0.184881 0.578807 7.89254 0.131987 39.1749 0.245151 3.0512 0.153166
21501.00 1470.83 97.542002 44.7123 0.108264 3.76217 0.184738 0.579051 7.89081 0.132041 39.1861 0.245273 3.04798 0.151272
21401.00 1470.38 97.488459 44.7132 0.107859 3.75703 0.184592 0.579298 7.88906 0.132095 39.1974 0.245397 3.04471 0.149379
21301.00 1469.92 97.434389 44.714 0.107451 3.75182 0.184443 0.579548 7.88732 0.132151 39.2089 0.245522 3.04138 0.147486
21201.00 1469.46 97.379781 44.7148 0.107039 3.74655 0.184292 0.579801 7.88556 0.132207 39.2205 0.245648 3.03799 0.145594
21101.00 1469.00 97.324627 44.7156 0.106623 3.74121 0.184137 0.580057 7.8838 0.132263 39.2323 0.245776 3.03453 0.143702
21001.00 1468.54 97.268916 44.7165 0.106203 3.7358 0.18398 0.580317 7.88203 0.132321 39.2442 0.245906 3.03102 0.141812
20901.00 1468.07 97.212640 44.7173 0.105778 3.73031 0.183819 0.58058 7.88026 0.132379 39.2562 0.246037 3.02744 0.139922
20801.00 1467.60 97.155787 44.718 0.10535 3.72476 0.183656 0.580847 7.87848 0.132438 39.2684 0.246169 3.0238 0.138034
20701.00 1467.13 97.098347 44.7188 0.104918 3.71913 0.183489 0.581117 7.8767 0.132498 39.2808 0.246303 3.02008 0.136147
20601.00 1466.66 97.040310 44.7196 0.104481 3.71343 0.183319 0.581391 7.8749 0.132559 39.2933 0.246439 3.01631 0.134261
20501.00 1466.19 96.981664 44.7204 0.10404 3.70764 0.183145 0.581668 7.87311 0.13262 39.306 0.246577 3.01246 0.132377
20401.00 1465.71 96.922399 44.7211 0.103595 3.70179 0.182969 0.58195 7.8713 0.132683 39.3188 0.246716 3.00853 0.130495
20301.00 1465.23 96.862502 44.7219 0.103145 3.69585 0.182788 0.582235 7.86949 0.132746 39.3319 0.246857 3.00454 0.128615
20201.00 1464.75 96.801962 44.7226 0.102691 3.68983 0.182604 0.582524 7.86768 0.13281 39.345 0.247 3.00047 0.126736
20101.00 1464.27 96.740767 44.7233 0.102232 3.68372 0.182417 0.582817 7.86585 0.132876 39.3584 0.247145 2.99632 0.12486
20001.00 1463.78 96.678904 44.7241 0.101769 3.67753 0.182226 0.583114 7.86403 0.132942 39.372 0.247291 2.9921 0.122986
19901.00 1463.30 96.616360 44.7248 0.101301 3.67126 0.182031 0.583415 7.86219 0.133009 39.3857 0.24744 2.98779 0.121115
19801.00 1462.81 96.553122 44.7255 0.100828 3.66489 0.181832 0.58372 7.86035 0.133077 39.3996 0.24759 2.9834 0.119246
19701.00 1462.31 96.489177 44.7261 0.10035 3.65844 0.181629 0.58403 7.8585 0.133146 39.4137 0.247742 2.97893 0.11738
19601.00 1461.82 96.424510 44.7268 0.0998669 3.65189 0.181422 0.584344 7.85664 0.133216 39.428 0.247897 2.97437 0.115517
19501.00 1461.32 96.359107 44.7275 0.0993791 3.64525 0.181211 0.584663 7.85478 0.133288 39.4425 0.248053 2.96973 0.113657
19401.00 1460.82 96.292955 44.7281 0.0988861 3.63851 0.180995 0.584986 7.85291 0.13336 39.4572 0.248212 2.96499 0.111801
19301.00 1460.32 96.226036 44.7288 0.098388 3.63168 0.180775 0.585315 7.85103 0.133433 39.4721 0.248372 2.96016 0.109948
19201.00 1459.81 96.158337 44.7294 0.0978846 3.62474 0.180551 0.585648 7.84915 0.133508 39.4873 0.248535 2.95523 0.108099
19101.00 1459.30 96.089840 44.73 0.0973758 3.6177 0.180322 0.585985 7.84726 0.133584 39.5026 0.2487 2.95021 0.106254
19001.00 1458.79 96.020530 44.7306 0.0968615 3.61056 0.180088 0.586328 7.84537 0.133661 39.5182 0.248868 2.94508 0.104413
18901.00 1458.28 95.950390 44.7311 0.0963417 3.60331 0.17985 0.586677 7.84346 0.133739 39.534 0.249038 2.93985 0.102576
18801.00 1457.76 95.879403 44.7317 0.0958163 3.59594 0.179606 0.58703 7.84155 0.133818 39.5501 0.24921 2.93452 0.100744
18701.00 1457.24 95.807550 44.7323 0.0952851 3.58847 0.179358 0.587389 7.83963 0.133899 39.5663 0.249385 2.92908 0.0989171
18601.00 1456.71 95.734813 44.7328 0.0947481 3.58088 0.179104 0.587753 7.83771 0.13398 39.5829 0.249562 2.92353 0.0970948
18501.00 1456.19 95.661174 44.7333 0.0942052 3.57317 0.178845 0.588123 7.83578 0.134064 39.5996 0.249742 2.91786 0.0952777
18401.00 1455.66 95.586613 44.7338 0.0936563 3.56534 0.178581 0.588499 7.83384 0.134148 39.6167 0.249924 2.91208 0.0934661
18301.00 1455.12 95.511110 44.7343 0.0931012 3.55739 0.178311 0.588881 7.83189 0.134234 39.634 0.25011 2.90618 0.0916602
18201.00 1454.59 95.434645 44.7347 0.09254 3.54931 0.178035 0.589269 7.82994 0.134321 39.6516 0.250298 2.90016 0.0898603
18101.00 1454.05 95.357196 44.7351 0.0919724 3.5411 0.177754 0.589663 7.82798 0.13441 39.6694 0.250488 2.89401 0.0880666
18001.00 1453.50 95.278743 44.7355 0.0913984 3.53276 0.177466 0.590063 7.82601 0.1345 39.6876 0.250682 2.88773 0.0862794
17901.00 1452.96 95.199262 44.7359 0.0908178 3.52428 0.177173 0.59047 7.82404 0.134592 39.706 0.250879 2.88131 0.084499
17801.00 1452.40 95.118730 44.7363 0.0902306 3.51567 0.176873 0.590884 7.82206 0.134686 39.7247 0.251079 2.87476 0.0827255
17701.00 1451.85 95.037124 44.7366 0.0896366 3.50691 0.176567 0.591304 7.82007 0.134781 39.7438 0.251281 2.86807 0.0809594
17601.00 1451.29 94.954420 44.737 0.0890358 3.498 0.176254 0.591732 7.81807 0.134877 39.7631 0.251488 2.86124 0.0792009
17501.00 1450.73 94.870593 44.7373 0.088428 3.48895 0.175934 0.592166 7.81607 0.134975 39.7828 0.251697 2.85425 0.0774503
17401.00 1450.16 94.785616 44.7375 0.0878131 3.47974 0.175608 0.592608 7.81406 0.135075 39.8028 0.25191 2.84712 0.0757079
17301.00 1449.59 94.699463 44.7378 0.087191 3.47037 0.175274 0.593058 7.81205 0.135177 39.8232 0.252126 2.83982 0.0739741
17201.00 1449.02 94.612107 44.738 0.0865615 3.46084 0.174933 0.593515 7.81003 0.135281 39.8439 0.252346 2.83237 0.0722491
17101.00 1448.44 94.523519 44.7382 0.0859246 3.45114 0.174585 0.593981 7.808 0.135386 39.865 0.252569 2.82475 0.0705333
17001.00 1447.85 94.433671 44.7383 0.0852802 3.44128 0.174229 0.594454 7.80596 0.135493 39.8864 0.252796 2.81696 0.0688271
16901.00 1447.27 94.342533 44.7384 0.084628 3.43124 0.173865 0.594936 7.80392 0.135603 39.9082 0.253027 2.809 0.0671308
16801.00 1446.67 94.250074 44.7385 0.083968 3.42101 0.173493 0.595426 7.80187 0.135714 39.9304 0.253262 2.80085 0.0654447
16701.00 1446.08 94.156262 44.7386 0.0833001 3.41061 0.173113 0.595925 7.79982 0.135827 39.953 0.253501 2.79252 0.0637693
16601.00 1445.48 94.061065 44.7386 0.0826242 3.40001 0.172725 0.596434 7.79776 0.135943 39.9761 0.253744 2.784 0.0621049
16501.00 1444.87 93.964449 44.7386 0.08194 3.38922 0.172328 0.596951 7.79569 0.136061 39.9995 0.253992 2.77528 0.0604519
16401.00 1444.26 93.866380 44.7385 0.0812476 3.37823 0.171922 0.597478 7.79362 0.13618 40.0234 0.254244 2.76636 0.0588107
16301.00 1443.64 93.766822 44.7384 0.0805467 3.36703 0.171507 0.598015 7.79155 0.136303 40.0477 0.2545 2.75723 0.0571818
16201.00 1443.02 93.665739 44.7383 0.0798372 3.35562 0.171083 0.598562 7.78947 0.136427 40.0725 0.254761 2.74788 0.0555656
16101.00 1442.39 93.563092 44.7381 0.079119 3.34399 0.170649 0.599119 7.78738 0.136554 40.0978 0.255027 2.73832 0.0539625
16001.00 1441.76 93.458844 44.7379 0.078392 3.33214 0.170205 0.599687 7.78529 0.136684 40.1235 0.255297 2.72853 0.052373
15901.00 1441.12 93.352954 44.7376 0.0776561 3.32006 0.169751 0.600266 7.7832 0.136816 40.1498 0.255573 2.7185 0.0507975
15801.00 1440.48 93.245382 44.7372 0.0769111 3.30774 0.169287 0.600856 7.7811 0.13695 40.1766 0.255853 2.70823 0.0492365
15701.00 1439.83 93.136084 44.7369 0.0761569 3.29518 0.168813 0.601457 7.779 0.137088 40.2039 0.25614 2.69771 0.0476905
15601.00 1439.17 93.025019 44.7364 0.0753933 3.28237 0.168327 0.602071 7.77689 0.137228 40.2318 0.256431 2.68694 0.04616
15501.00 1438.51 92.912141 44.7359 0.0746204 3.2693 0.167831 0.602696 7.77479 0.137371 40.2602 0.256728 2.6759 0.0446456
15401.00 1437.84 92.797405 44.7354 0.0738379 3.25597 0.167323 0.603334 7.77268 0.137517 40.2892 0.257031 2.66459 0.0431476
15301.00 1437.16 92.680763 44.7347 0.0730457 3.24236 0.166803 0.603985 7.77057 0.137666 40.3188 0.25734 2.65299 0.0416668
15201.00 1436.48 92.562168 44.734 0.0722437 3.22847 0.166272 0.60465 7.76846 0.137818 40.3491 0.257655 2.64111 0.0402035
15101.00 1435.79 92.441571 44.7333 0.0714318 3.2143 0.165728 0.605327 7.76635 0.137974 40.38 0.257976 2.62893 0.0387585
15001.00 1435.10 92.318919 44.7324 0.0706099 3.19982 0.165172 0.606019 7.76424 0.138133 40.4115 0.258304 2.61644 0.0373322
14901.00 1434.39 92.194163 44.7315 0.069778 3.18504 0.164603 0.606725 7.76213 0.138295 40.4437 0.258639 2.60363 0.0359252
14801.00 1433.68 92.067248 44.7306 0.0689358 3.16994 0.16402 0.607446 7.76002 0.13846 40.4766 0.25898 2.59049 0.0345382
14701.00 1432.96 91.938121 44.7295 0.0680834 3.15452 0.163425 0.608183 7.75792 0.13863 40.5102 0.259329 2.57702 0.0331717
14601.00 1432.24 91.806726 44.7283 0.0672206 3.13876 0.162815 0.608935 7.75583 0.138803 40.5446 0.259684 2.56319 0.0318263
14501.00 1431.51 91.673007 44.7271 0.0663475 3.12265 0.162191 0.609703 7.75373 0.13898 40.5798 0.260048 2.54901 0.0305028
14401.00 1430.76 91.536907 44.7257 0.0654638 3.10619 0.161553 0.610488 7.75165 0.13916 40.6157 0.260419 2.53446 0.0292016
14301.00 1430.01 91.398367 44.7243 0.0645697 3.08937 0.1609 0.61129 7.74957 0.139345 40.6524 0.260798 2.51952 0.0279235
14201.00 1429.25 91.257328 44.7227 0.063665 3.07217 0.160232 0.612109 7.7475 0.139535 40.69 0.261185 2.50419 0.0266691
14101.00 1428.49 91.113731 44.721 0.0627498 3.05458 0.159549 0.612946 7.74545 0.139728 40.7285 0.261581 2.48846 0.0254391
14001.00 1427.71 90.967516 44.7193 0.061824 3.03659 0.15885 0.613803 7.7434 0.139926 40.7678 0.261985 2.4723 0.024234
13901.00 1426.92 90.818620 44.7173 0.0608877 3.01819 0.158134 0.614678 7.74137 0.140128 40.8081 0.262398 2.45572 0.0230546
13801.00 1426.13 90.666985 44.7153 0.059941 2.99937 0.157402 0.615572 7.73936 0.140335 40.8493 0.262821 2.43869 0.0219016
13701.00 1425.32 90.512550 44.7131 0.0589838 2.98011 0.156654 0.616487 7.73736 0.140547 40.8915 0.263253 2.4212 0.0207754
13601.00 1424.51 90.355254 44.7108 0.0580162 2.96041 0.155888 0.617422 7.73538 0.140764 40.9347 0.263694 2.40324 0.0196769
13501.00 1423.68 90.195038 44.7083 0.0570385 2.94024 0.155105 0.618379 7.73343 0.140986 40.9789 0.264146 2.3848 0.0186067
13401.00 1422.85 90.031845 44.7057 0.0560508 2.91961 0.154304 0.619357 7.7315 0.141214 41.0242 0.264607 2.36586 0.0175653
13301.00 1422.00 89.865617 44.7029 0.0550531 2.89849 0.153485 0.620358 7.7296 0.141447 41.0706 0.26508 2.3464 0.0165534
13201.00 1421.15 89.696302 44.7 0.0540458 2.87688 0.152648 0.621381 7.72773 0.141685 41.1181 0.265563 2.32642 0.0155716
13101.00 1420.28 89.523847 44.6968 0.0530292 2.85476 0.151792 0.622428 7.7259 0.141929 41.1668 0.266057 2.3059 0.0146204
13001.00 1419.40 89.348204 44.6935 0.0520034 2.83211 0.150917 0.623498 7.7241 0.142178 41.2166 0.266562 2.28483 0.0137004
12901.00 1418.51 89.169331 44.69 0.050969 2.80894 0.150024 0.624593 7.72234 0.142434 41.2677 0.267079 2.2632 0.0128121
12801.00 1417.60 88.987186 44.6862 0.0499262 2.78522 0.149111 0.625712 7.72062 0.142696 41.32 0.267608 2.24098 0.011956
12701.00 1416.69 88.801737 44.6822 0.0488755 2.76095 0.148179 0.626857 7.71896 0.142964 41.3735 0.268149 2.21817 0.0111324
12601.00 1415.76 88.612956 44.678 0.0478175 2.73612 0.147228 0.628027 7.71735 0.143238 41.4284 0.268702 2.19476 0.0103418
12501.00 1414.82 88.420821 44.6736 0.0467527 2.71071 0.146257 0.629224 7.71579 0.143518 41.4846 0.269268 2.17074 0.00958447
12401.00 1413.87 88.225319 44.6689 0.0456818 2.68471 0.145267 0.630446 7.7143 0.143805 41.5421 0.269846 2.14609 0.00886058
12301.00 1412.91 88.026445 44.664 0.0446053 2.65813 0.144257 0.631695 7.71287 0.144099 41.601 0.270437 2.12081 0.00817032
12201.00 1411.93 87.824200 44.6587 0.0435241 2.63095 0.143228 0.632971 7.71151 0.1444 41.6612 0.271041 2.09488 0.00751376
12101.00 1410.94 87.618595 44.6532 0.0424389 2.60317 0.14218 0.634274 7.71024 0.144707 41.7229 0.271658 2.0683 0.00689088
12001.00 1409.94 87.409649 44.6474 0.0413506 2.57478 0.141113 0.635605 7.70904 0.145021 41.786 0.272288 2.04107 0.00630154
11901.00 1408.92 87.197392 44.6413 0.0402601 2.54578 0.140027 0.636962 7.70794 0.145342 41.8506 0.272932 2.01318 0.00574554
11801.00 1407.89 86.981860 44.6348 0.0391682 2.51617 0.138923 0.638347 7.70693 0.145669 41.9165 0.273589 1.98462 0.00522253
11701.00 1406.85 86.763101 44.628 0.038076 2.48594 0.1378 0.639759 7.70602 0.146004 41.984 0.274259 1.95539 0.00473207
11601.00 1405.79 86.541169 44.6209 0.0369845 2.4551 0.13666 0.641198 7.70522 0.146346 42.0529 0.274943 1.92549 0.0042736
11501.00 1404.72 86.316130 44.6134 0.0358948 2.42365 0.135502 0.642664 7.70453 0.146694 42.1232 0.27564 1.89492 0.00384647
11401.00 1403.64 86.088059 44.6056 0.0348078 2.39159 0.134327 0.644157 7.70396 0.14705 42.1951 0.27635 1.86368 0.0034499
11301.00 1402.54 85.857042 44.5973 0.0337247 2.35892 0.133136 0.645676 7.70352 0.147412 42.2684 0.277074 1.83178 0.00308302
11201.00 1401.44 85.623174 44.5887 0.0326467 2.32566 0.13193 0.647222 7.7032 0.147781 42.3431 0.277811 1.79921 0.00274488
11101.00 1400.32 85.386563 44.5796 0.0315749 2.29181 0.130708 0.648793 7.70303 0.148157 42.4193 0.278561 1.76599 0.00243441
11001.00 1399.19 85.147328 44.5702 0.0305105 2.25739 0.129471 0.650389 7.703 0.148539 42.4969 0.279324 1.73213 0.00215049
10901.00 1398.05 84.905598 44.5603 0.0294546 2.22241 0.128222 0.652009 7.70312 0.148928 42.576 0.280099 1.69764 0.00189191
10801.00 1396.89 84.661517 44.5499 0.0284085 2.18687 0.126959 0.653653 7.70339 0.149324 42.6564 0.280886 1.66252 0.00165741
10701.00 1395.73 84.415240 44.5392 0.0273733 2.15081 0.125684 0.65532 7.70383 0.149725 42.7382 0.281686 1.6268 0.00144569
10601.00 1394.56 84.166933 44.5279 0.0263503 2.11424 0.124398 0.657009 7.70442 0.150133 42.8213 0.282496 1.5905 0.0012554
10501.00 1393.38 83.916775 44.5162 0.0253406 2.07718 0.123101 0.658719 7.70519 0.150546 42.9057 0.283318 1.55362 0.00108516
10401.00 1392.19 83.664957 44.5041 0.0243454 2.03966 0.121795 0.660448 7.70613 0.150965 42.9913 0.284151 1.5162 0.000933603
10301.00 1390.99 83.411678 44.4915 0.0233659 2.00171 0.120482 0.662196 7.70725 0.15139 43.0781 0.284994 1.47826 0.000799335
10201.00 1389.79 83.157149 44.4784 0.0224031 1.96335 0.11916 0.663961 7.70855 0.151819 43.166 0.285846 1.43983 0.000680989
10101.00 1388.58 82.901590 44.4648 0.0214581 1.92463 0.117833 0.665742 7.71002 0.152253 43.2551 0.286707 1.40093 0.00057722
10001.00 1387.37 82.645226 44.4507 0.020532 1.88556 0.116501 0.667538 7.71169 0.152691 43.3451 0.287577 1.3616 0.000486716
9901.00 1386.15 82.388290 44.4362 0.0196256 1.8462 0.115165 0.669346 7.71353 0.153134 43.4361 0.288453 1.32187 0.000408212
9801.00 1384.93 82.131019 44.4212 0.0187399 1.80658 0.113826 0.671165 7.71556 0.15358 43.5279 0.289337 1.28178 0.000340495
9701.00 1383.71 81.873654 44.4057 0.0178757 1.76673 0.112485 0.672994 7.71778 0.154029 43.6205 0.290227 1.24135 0.000282416
9601.00 1382.48 81.616438 44.3898 0.0170338 1.72671 0.111144 0.67483 7.72018 0.154481 43.7138 0.291122 1.20064 0.000232892
9501.00 1381.26 81.359615 44.3734 0.0162148 1.68655 0.109804 0.676673 7.72276 0.154935 43.8078 0.292022 1.15967 0.000190912
9401.00 1380.04 81.103426 44.3565 0.0154192 1.64629 0.108465 0.678519 7.72552 0.155392 43.9023 0.292925 1.11848 0.000155543
9301.00 1378.87 80.861489 44.3401 0.0146897 1.6081 0.107197 0.68027 7.72829 0.155826 43.9921 0.293783 1.07948 0.000127327
9201.00 1378.28 80.749143 44.3315 0.0143793 1.59025 0.106588 0.681076 7.72957 0.156028 44.0334 0.294184 1.06288 0.000115902
9101.00 1377.69 80.636782 44.3227 0.0140746 1.57236 0.105975 0.681882 7.73089 0.156231 44.0748 0.294585 1.04644 0.000105397
9001.00 1377.09 80.524377 44.3136 0.0137756 1.55443 0.105358 0.682688 7.73223 0.156435 44.1162 0.294988 1.03016 9.5747e-005
8901.00 1376.50 80.411898 44.3044 0.0134819 1.53644 0.104738 0.683495 7.7336 0.156639 44.1577 0.295392 1.01405 8.68894e-005
8801.00 1375.91 80.299315 44.2949 0.0131933 1.51841 0.104113 0.684302 7.735 0.156844 44.1993 0.295798 0.998098 7.87663e-005
8701.00 1375.31 80.186597 44.2851 0.0129098 1.50031 0.103485 0.685111 7.73644 0.157051 44.241 0.296205 0.982305 7.13233e-005
8601.00 1374.72 80.073713 44.2751 0.012631 1.48216 0.102851 0.68592 7.73791 0.157258 44.2828 0.296615 0.96667 6.45098e-005
8501.00 1374.12 79.960632 44.2649 0.0123569 1.46394 0.102213 0.686731 7.7394 0.157465 44.3247 0.297026 0.951193 5.82786e-005
8401.00 1373.53 79.847323 44.2544 0.0120873 1.44565 0.10157 0.687543 7.74094 0.157674 44.3668 0.297439 0.935872 5.25856e-005
8301.00 1372.93 79.733755 44.2436 0.011822 1.42729 0.100922 0.688357 7.7425 0.157884 44.409 0.297854 0.920706 4.73895e-005
8201.00 1372.33 79.619897 44.2326 0.0115608 1.40885 0.100268 0.689173 7.7441 0.158096 44.4514 0.298272 0.905694 4.26523e-005
8101.00 1371.74 79.505716 44.2213 0.0113036 1.39033 0.0996091 0.68999 7.74573 0.158308 44.4939 0.298691 0.890836 3.8338e-005
8001.00 1371.14 79.391184 44.2097 0.0110503 1.37172 0.0989438 0.69081 7.7474 0.158522 44.5366 0.299114 0.876131 3.44135e-005
7901.00 1370.54 79.276269 44.1978 0.0108008 1.35302 0.0982723 0.691632 7.7491 0.158737 44.5795 0.299539 0.861577 3.08478e-005
7801.00 1369.93 79.160941 44.1856 0.0105548 1.33423 0.0975944 0.692457 7.75084 0.158953 44.6226 0.299967 0.847176 2.76122e-005
7701.00 1369.33 79.045172 44.1731 0.0103123 1.31535 0.0969099 0.693284 7.75261 0.159171 44.6659 0.300398 0.832925 2.46798e-005
7601.00 1368.72 78.928933 44.1603 0.0100733 1.29636 0.0962186 0.694115 7.75443 0.159391 44.7095 0.300831 0.818825 2.20257e-005
7501.00 1368.12 78.812196 44.1471 0.00983744 1.27727 0.0955203 0.694948 7.75628 0.159612 44.7532 0.301268 0.804877 1.96269e-005
7401.00 1367.51 78.694936 44.1337 0.0096048 1.25807 0.0948147 0.695784 7.75817 0.159834 44.7972 0.301708 0.791079 1.74619e-005
7301.00 1366.90 78.577128 44.1198 0.00937524 1.23877 0.0941017 0.696624 7.7601 0.160059 44.8415 0.302152 0.777433 1.55108e-005
7201.00 1366.28 78.458747 44.1057 0.00914868 1.21936 0.0933811 0.697467 7.76208 0.160285 44.8861 0.302599 0.763939 1.3755e-005
7101.00 1365.67 78.339774 44.0912 0.00892505 1.19983 0.0926527 0.698313 7.76409 0.160513 44.9309 0.30305 0.750597 1.21776e-005
7001.00 1365.05 78.220188 44.0763 0.00870427 1.18019 0.0919164 0.699163 7.76615 0.160743 44.976 0.303504 0.737409 1.07628e-005
6901.00 1364.43 78.099973 44.061 0.00848628 1.16044 0.0911721 0.700017 7.76825 0.160974 45.0213 0.303962 0.724376 9.49576e-006
6801.00 1363.80 77.979112 44.0453 0.00827103 1.14057 0.0904196 0.700874 7.7704 0.161208 45.067 0.304424 0.711498 8.36315e-006
6701.00 1363.18 77.857596 44.0293 0.00805847 1.12058 0.089659 0.701735 7.77259 0.161444 45.113 0.30489 0.698777 7.35245e-006
6601.00 1362.55 77.735414 44.0128 0.00784856 1.10049 0.08889 0.7026 7.77482 0.161681 45.1593 0.30536 0.686216 6.45219e-006
6501.00 1361.91 77.612563 43.996 0.00764127 1.08028 0.0881128 0.703469 7.77711 0.161921 45.2059 0.305834 0.673816 5.65179e-006
6401.00 1361.28 77.489039 43.9787 0.00743658 1.05996 0.0873273 0.704341 7.77943 0.162163 45.2528 0.306312 0.661579 4.94153e-006
6301.00 1360.64 77.364846 43.961 0.00723446 1.03954 0.0865335 0.705217 7.78181 0.162406 45.3 0.306795 0.649507 4.31248e-006
6201.00 1360.00 77.239991 43.9428 0.00703492 1.01901 0.0857316 0.706096 7.78424 0.162652 45.3475 0.307281 0.637604 3.75648e-006
6101.00 1359.36 77.114485 43.9243 0.00683794 0.998394 0.0849216 0.706979 7.78671 0.1629 45.3954 0.307772 0.625871 3.26602e-006
6001.00 1358.71 76.988346 43.9052 0.00664354 0.977685 0.0841038 0.707866 7.78923 0.16315 45.4435 0.308266 0.614313 2.83429e-006
5901.00 1358.06 76.861593 43.8858 0.00645173 0.956895 0.0832783 0.708755 7.79181 0.163401 45.492 0.308765 0.602931 2.45503e-006
5801.00 1357.41 76.734256 43.8658 0.00626254 0.936033 0.0824453 0.709648 7.79443 0.163655 45.5407 0.309267 0.591729 2.12258e-006
5701.00 1356.75 76.606367 43.8455 0.00607599 0.915107 0.0816052 0.710543 7.7971 0.163911 45.5897 0.309773 0.58071 1.83178e-006
5601.00 1356.10 76.477965 43.8246 0.00589212 0.89413 0.0807584 0.71144 7.79982 0.164168 45.639 0.310283 0.569878 1.57795e-006
5501.00 1355.44 76.349095 43.8033 0.00571097 0.873114 0.0799052 0.712339 7.80259 0.164427 45.6886 0.310797 0.559236 1.35688e-006
5401.00 1354.77 76.219807 43.7816 0.00553258 0.852073 0.0790461 0.71324 7.8054 0.164688 45.7383 0.311314 0.548788 1.16476e-006
5301.00 1354.11 76.090157 43.7594 0.00535703 0.831021 0.0781816 0.714143 7.80826 0.16495 45.7883 0.311834 0.538536 9.98136e-007
5201.00 1353.44 75.960209 43.7367 0.00518435 0.809975 0.0773123 0.715046 7.81117 0.165214 45.8385 0.312357 0.528485 8.53947e-007
5101.00 1352.78 75.831900 43.7968 0.00519423 0.809096 0.0773131 0.716193 7.82324 0.165491 45.9121 0.312884 0.529509 0
5001.00 1352.11 75.701483 43.7734 0.00502778 0.788135 0.0764369 0.717097 7.82626 0.165757 45.9626 0.313412 0.519884 0
4901.00 1351.44 75.570990 43.7496 0.00486441 0.767235 0.0755578 0.718001 7.82931 0.166024 46.0133 0.313943 0.510467 0
4801.00 1350.77 75.440502 43.7253 0.00470419 0.746416 0.0746766 0.718903 7.83241 0.166292 46.0641 0.314475 0.501263 0
4701.00 1350.10 75.310103 43.7007 0.0045472 0.725699 0.0737942 0.719804 7.83554 0.166561 46.115 0.315008 0.492273 0
4601.00 1349.43 75.179881 43.6756 0.00439349 0.705105 0.0729111 0.720702 7.83871 0.166829 46.1658 0.315543 0.4835 0
4501.00 1348.75 75.049924 43.6501 0.00424313 0.684656 0.0720284 0.721597 7.84191 0.167099 46.2167 0.316078 0.474943 0
4401.00 1348.08 74.920323 43.6243 0.00409617 0.664373 0.0711467 0.722489 7.84515 0.167368 46.2675 0.316614 0.466605 0
4301.00 1347.41 74.791168 43.5981 0.00395269 0.644278 0.070267 0.723377 7.84841 0.167637 46.3182 0.317149 0.458486 0
4201.00 1346.74 74.662547 43.5716 0.00381272 0.624393 0.06939 0.724261 7.85169 0.167905 46.3688 0.317684 0.450586 0
4101.00 1346.07 74.534548 43.5448 0.00367632 0.604738 0.0685165 0.725139 7.855 0.168173 46.4192 0.318218 0.442904 0
4001.00 1345.40 74.407253 43.5177 0.00354352 0.585334 0.0676474 0.726012 7.85832 0.16844 46.4695 0.318751 0.435439 0
3901.00 1344.73 74.280744 43.4902 0.00341434 0.566202 0.0667834 0.726879 7.86166 0.168706 46.5195 0.319282 0.42819 0
3801.00 1344.07 74.155096 43.4625 0.00328881 0.547359 0.0659252 0.727739 7.86502 0.168971 46.5693 0.319812 0.421154 0
3701.00 1343.41 74.030376 43.4346 0.00316695 0.528823 0.0650735 0.728592 7.86838 0.169234 46.6189 0.320338 0.41433 0
3601.00 1342.75 73.906649 43.4064 0.00304875 0.510611 0.064229 0.729439 7.87175 0.169496 46.6681 0.320863 0.407713 0
3501.00 1342.09 73.783969 43.3781 0.00293422 0.492738 0.0633922 0.730277 7.87512 0.169757 46.7169 0.321384 0.4013 0
3401.00 1341.44 73.662385 43.3495 0.00282332 0.475217 0.0625637 0.731108 7.87849 0.170015 46.7655 0.321903 0.395087 0
3301.00 1340.79 73.541935 43.3207 0.00271605 0.45806 0.0617439 0.731931 7.88186 0.170272 46.8136 0.322418 0.38907 0
3201.00 1340.14 73.422651 43.2918 0.00261236 0.441278 0.0609333 0.732746 7.88522 0.170526 46.8614 0.322929 0.383244 0
3101.00 1339.50 73.304554 43.2627 0.00251221 0.424881 0.0601321 0.733553 7.88858 0.170779 46.9088 0.323437 0.377603 0
3001.00 1338.86 73.187657 43.2334 0.00241555 0.408874 0.0593407 0.734352 7.89192 0.171029 46.9557 0.323941 0.372142 0
2901.00 1338.22 73.071963 43.204 0.00232232 0.393264 0.0585593 0.735143 7.89525 0.171277 47.0023 0.324441 0.366856 0
2801.00 1337.59 72.957466 43.1745 0.00223246 0.378056 0.057788 0.735926 7.89857 0.171523 47.0484 0.324938 0.361738 0
2701.00 1336.96 72.844150 43.1448 0.00214589 0.363252 0.0570268 0.736701 7.90187 0.171766 47.0941 0.32543 0.356782 0
2601.00 1336.33 72.731990 43.115 0.00206253 0.348854 0.0562758 0.737468 7.90515 0.172007 47.1394 0.325919 0.351982 0
2501.00 1335.70 72.620952 43.085 0.00198231 0.334861 0.055535 0.738228 7.90842 0.172246 47.1843 0.326404 0.347332 0
2401.00 1335.08 72.510992 43.0549 0.00190513 0.321274 0.0548041 0.738982 7.91166 0.172483 47.2289 0.326885 0.342824 0
2301.00 1334.46 72.402055 43.0246 0.0018309 0.308089 0.0540831 0.739729 7.91488 0.172718 47.273 0.327363 0.338452 0
2201.00 1333.85 72.294079 42.9942 0.00175952 0.295303 0.0533717 0.740469 7.91809 0.17295 47.3168 0.327838 0.334209 0
2101.00 1333.23 72.186990 42.9636 0.00169089 0.282913 0.0526696 0.741205 7.92127 0.173181 47.3603 0.32831 0.330089 0
2001.00 1332.62 72.080705 42.9328 0.00162492 0.270914 0.0519764 0.741935 7.92444 0.17341 47.4035 0.32878 0.326084 0
1901.00 1332.01 71.975130 42.9018 0.0015615 0.259299 0.0512918 0.742661 7.92758 0.173637 47.4464 0.329247 0.322188 0
1801.00 1331.40 71.870160 42.8706 0.00150053 0.248063 0.0506153 0.743384 7.9307 0.173863 47.4891 0.329712 0.318393 0
1701.00 1330.79 71.765680 42.8391 0.00144189 0.237198 0.0499463 0.744104 7.93381 0.174088 47.5317 0.330177 0.314694 0
1601.00 1330.17 71.661558 42.8072 0.00138549 0.226697 0.0492844 0.744823 7.9369 0.174311 47.5741 0.33064 0.311081 0
1501.00 1329.56 71.557653 42.775 0.00133123 0.216553 0.0486288 0.74554 7.93998 0.174534 47.6164 0.331104 0.30755 0
1401.00 1328.95 71.453806 42.7424 0.00127898 0.206757 0.0479789 0.746258 7.94304 0.174756 47.6587 0.331568 0.304091 0
1301.00 1328.33 71.349842 42.7094 0.00122866 0.1973 0.0473339 0.746978 7.9461 0.174979 47.7011 0.332033 0.300697 0
1201.00 1327.71 71.245565 42.6758 0.00118015 0.188175 0.046693 0.7477 7.94915 0.175201 47.7436 0.3325 0.297362 0
1101.00 1327.09 71.140759 42.6417 0.00113334 0.179372 0.0460552 0.748427 7.95219 0.175424 47.7863 0.332971 0.294076 0
1001.00 1326.46 71.035180 42.6068 0.00108815 0.170882 0.0454197 0.74916 7.95524 0.175648 47.8293 0.333445 0.290832 0
901.00 1325.83 70.928554 42.5712 0.00104445 0.162697 0.0447852 0.749901 7.95829 0.175873 47.8727 0.333925 0.287621 0
801.00 1325.19 70.820575 42.5347 0.00100216 0.154807 0.0441506 0.750651 7.96136 0.1761 47.9166 0.334412 0.284433 0
701.00 1324.53 70.710890 42.4972 0.000961166 0.147204 0.0435145 0.751415 7.96445 0.17633 47.9613 0.334907 0.281259 0
601.00 1323.87 70.599099 42.4585 0.000921374 0.139879 0.0428755 0.752193 7.96756 0.176564 48.0068 0.335412 0.278088 0
501.00 1323.19 70.484739 42.4185 0.000882682 0.132824 0.042232 0.75299 7.97071 0.176801 48.0533 0.335929 0.274907 0
401.00 1322.50 70.367276 42.3769 0.000844994 0.126029 0.0415822 0.753809 7.97391 0.177044 48.101 0.336462 0.271705 0
301.00 1321.79 70.246086 42.3335 0.000808213 0.119488 0.0409239 0.754654 7.97718 0.177293 48.1502 0.337011 0.268467 0
201.00 1321.05 70.120434 42.288 0.000772244 0.113192 0.040255 0.755531 7.98051 0.17755 48.2013 0.337582 0.265176 0
101.00 1320.29 69.989453 42.24 0.000736997 0.107134 0.0395727 0.756446 7.98395 0.177816 48.2545 0.338177 0.261813 0
1.00 1319.50 69.852110 42.1892 0.000702386 0.101308 0.0388744 0.757405 7.9875 0.178092 48.3102 0.338802 0.258357 0