Title: Depleted MORB Mantle of Workmann & Hart 2005

Phase Masses:
Pressure Temperature mass liquid_0 olivine_0 garnet_0 orthopyroxene_0 clinopyroxene_0 clinopyroxene_1 feldspar_0 spinel_0 
44001.00 1396.04 100.138983 0.000000 59.090862 13.061336 13.783063 13.145331 0.000000 0.000000 1.058391 
43901.00 1395.83 100.138983 0.000000 59.089971 13.050739 13.791257 13.147677 0.000000 0.000000 1.059339 
43801.00 1395.63 100.138983 0.000000 59.089072 13.040066 13.799501 13.150049 0.000000 0.000000 1.060296 
43701.00 1395.42 100.138983 0.000000 59.088165 13.029318 13.807793 13.152448 0.000000 0.000000 1.061260 
43601.00 1395.21 100.138983 0.000000 59.087250 13.018492 13.816135 13.154873 0.000000 0.000000 1.062233 
43501.00 1395.00 100.138983 0.000000 59.086328 13.007590 13.824527 13.157325 0.000000 0.000000 1.063214 
43401.00 1394.79 100.138983 0.000000 59.085397 12.996609 13.832969 13.159804 0.000000 0.000000 1.064204 
43301.00 1394.58 100.138983 0.000000 59.084459 12.985548 13.841463 13.162310 0.000000 0.000000 1.065202 
43201.00 1394.37 100.138983 0.000000 59.083512 12.974408 13.850008 13.164844 0.000000 0.000000 1.066210 
43101.00 1394.16 100.138983 0.000000 59.082557 12.963188 13.858606 13.167407 0.000000 0.000000 1.067226 
43001.00 1393.95 100.138983 0.000000 59.081593 12.951886 13.867256 13.169997 0.000000 0.000000 1.068251 
42901.00 1393.74 100.138983 0.000000 59.080621 12.940501 13.875959 13.172616 0.000000 0.000000 1.069286 
42801.00 1393.53 100.138983 0.000000 59.079639 12.929034 13.884716 13.175264 0.000000 0.000000 1.070330 
42701.00 1393.32 100.138983 0.000000 59.078649 12.917483 13.893527 13.177941 0.000000 0.000000 1.071383 
42601.00 1393.11 100.138983 0.000000 59.077650 12.905846 13.902393 13.180647 0.000000 0.000000 1.072446 
42501.00 1392.91 100.138983 0.000000 59.076642 12.894125 13.911314 13.183383 0.000000 0.000000 1.073519 
42401.00 1392.70 100.138983 0.000000 59.075625 12.882316 13.920291 13.186150 0.000000 0.000000 1.074601 
42301.00 1392.49 100.138983 0.000000 59.074598 12.870420 13.929325 13.188946 0.000000 0.000000 1.075694 
42201.00 1392.28 100.138983 0.000000 59.073561 12.858436 13.938415 13.191773 0.000000 0.000000 1.076797 
42101.00 1392.07 100.138983 0.000000 59.072515 12.846363 13.947564 13.194631 0.000000 0.000000 1.077910 
42001.00 1391.86 100.138983 0.000000 59.071459 12.834200 13.956770 13.197520 0.000000 0.000000 1.079034 
41901.00 1391.65 100.138983 0.000000 59.070393 12.821945 13.966036 13.200441 0.000000 0.000000 1.080168 
41801.00 1391.44 100.138983 0.000000 59.069317 12.809598 13.975360 13.203394 0.000000 0.000000 1.081313 
41701.00 1391.23 100.138983 0.000000 59.068231 12.797159 13.984745 13.206379 0.000000 0.000000 1.082469 
41601.00 1391.02 100.138983 0.000000 59.067134 12.784625 13.994191 13.209397 0.000000 0.000000 1.083636 
41501.00 1390.81 100.138983 0.000000 59.066026 12.771996 14.003698 13.212447 0.000000 0.000000 1.084815 
41401.00 1390.60 100.138983 0.000000 59.064908 12.759272 14.013267 13.215531 0.000000 0.000000 1.086005 
41301.00 1390.39 100.138983 0.000000 59.063779 12.746450 14.022899 13.218649 0.000000 0.000000 1.087207 
41201.00 1390.18 100.138983 0.000000 59.062639 12.733530 14.032594 13.221800 0.000000 0.000000 1.088420 
41101.00 1389.97 100.138983 0.000000 59.061487 12.720512 14.042353 13.224986 0.000000 0.000000 1.089646 
41001.00 1389.76 100.138983 0.000000 59.060324 12.707392 14.052177 13.228206 0.000000 0.000000 1.090883 
40901.00 1389.55 100.138983 0.000000 59.059149 12.694172 14.062067 13.231462 0.000000 0.000000 1.092133 
40801.00 1389.34 100.138983 0.000000 59.057962 12.680849 14.072022 13.234753 0.000000 0.000000 1.093396 
40701.00 1389.13 100.138983 0.000000 59.056764 12.667423 14.082045 13.238080 0.000000 0.000000 1.094672 
40601.00 1388.92 100.138983 0.000000 59.055553 12.653892 14.092135 13.241443 0.000000 0.000000 1.095960 
40501.00 1388.71 100.138983 0.000000 59.054330 12.640255 14.102294 13.244842 0.000000 0.000000 1.097262 
40401.00 1388.50 100.138983 0.000000 59.053094 12.626511 14.112522 13.248279 0.000000 0.000000 1.098577 
40301.00 1388.29 100.138983 0.000000 59.051845 12.612659 14.122820 13.251753 0.000000 0.000000 1.099905 
40201.00 1388.07 100.138983 0.000000 59.050584 12.598698 14.133189 13.255265 0.000000 0.000000 1.101248 
40101.00 1387.86 100.138983 0.000000 59.049309 12.584626 14.143629 13.258815 0.000000 0.000000 1.102604 
40001.00 1387.65 100.138983 0.000000 59.048020 12.570442 14.154142 13.262403 0.000000 0.000000 1.103975 
39901.00 1387.44 100.138983 0.000000 59.046718 12.556145 14.164728 13.266031 0.000000 0.000000 1.105360 
39801.00 1387.23 100.138983 0.000000 59.045403 12.541733 14.175389 13.269698 0.000000 0.000000 1.106760 
39701.00 1387.02 100.138983 0.000000 59.044073 12.527206 14.186124 13.273405 0.000000 0.000000 1.108176 
39601.00 1386.81 100.138983 0.000000 59.042728 12.512561 14.196935 13.277152 0.000000 0.000000 1.109606 
39501.00 1386.60 100.138983 0.000000 59.041369 12.497799 14.207823 13.280941 0.000000 0.000000 1.111051 
39401.00 1386.39 100.138983 0.000000 59.039996 12.482916 14.218789 13.284770 0.000000 0.000000 1.112513 
39301.00 1386.18 100.138983 0.000000 59.038607 12.467912 14.229833 13.288641 0.000000 0.000000 1.113990 
39201.00 1385.97 100.138983 0.000000 59.037203 12.452785 14.240956 13.292554 0.000000 0.000000 1.115484 
39101.00 1385.76 100.138983 0.000000 59.035783 12.437535 14.252161 13.296510 0.000000 0.000000 1.116994 
39001.00 1385.54 100.138983 0.000000 59.034348 12.422158 14.263446 13.300509 0.000000 0.000000 1.118521 
38901.00 1385.33 100.138983 0.000000 59.032896 12.406655 14.274814 13.304552 0.000000 0.000000 1.120065 
38801.00 1385.12 100.138983 0.000000 59.031428 12.391023 14.286266 13.308639 0.000000 0.000000 1.121627 
38701.00 1384.91 100.138983 0.000000 59.029944 12.375261 14.297802 13.312770 0.000000 0.000000 1.123206 
38601.00 1384.70 100.138983 0.000000 59.028442 12.359367 14.309424 13.316947 0.000000 0.000000 1.124803 
38501.00 1384.49 100.138983 0.000000 59.026923 12.343340 14.321132 13.321169 0.000000 0.000000 1.126419 
38401.00 1384.27 100.138983 0.000000 59.025387 12.327178 14.332928 13.325437 0.000000 0.000000 1.128053 
38301.00 1384.06 100.138983 0.000000 59.023833 12.310880 14.344813 13.329752 0.000000 0.000000 1.129706 
38201.00 1383.85 100.138983 0.000000 59.022261 12.294443 14.356788 13.334114 0.000000 0.000000 1.131378 
38101.00 1383.64 100.138983 0.000000 59.020670 12.277866 14.368853 13.338524 0.000000 0.000000 1.133069 
38001.00 1383.43 100.138983 0.000000 59.019060 12.261148 14.381011 13.342983 0.000000 0.000000 1.134781 
37901.00 1383.22 100.138983 0.000000 59.017431 12.244286 14.393263 13.347490 0.000000 0.000000 1.136513 
37801.00 1383.00 100.138983 0.000000 59.015783 12.227279 14.405609 13.352047 0.000000 0.000000 1.138265 
37701.00 1382.79 100.138983 0.000000 59.014115 12.210124 14.418051 13.356654 0.000000 0.000000 1.140039 
37601.00 1382.58 100.138983 0.000000 59.012427 12.192821 14.430590 13.361311 0.000000 0.000000 1.141834 
37501.00 1382.37 100.138983 0.000000 59.010719 12.175367 14.443227 13.366020 0.000000 0.000000 1.143650 
37401.00 1382.15 100.138983 0.000000 59.008989 12.157760 14.455964 13.370781 0.000000 0.000000 1.145489 
37301.00 1381.94 100.138983 0.000000 59.007238 12.139998 14.468802 13.375595 0.000000 0.000000 1.147350 
37201.00 1381.73 100.138983 0.000000 59.005466 12.122080 14.481743 13.380461 0.000000 0.000000 1.149234 
37101.00 1381.52 100.138983 0.000000 59.003671 12.104002 14.494787 13.385381 0.000000 0.000000 1.151141 
37001.00 1381.30 100.138983 0.000000 59.001854 12.085764 14.507936 13.390356 0.000000 0.000000 1.153073 
36901.00 1381.09 100.138983 0.000000 59.000014 12.067363 14.521192 13.395386 0.000000 0.000000 1.155028 
36801.00 1380.88 100.138983 0.000000 58.998151 12.048796 14.534556 13.400472 0.000000 0.000000 1.157008 
36701.00 1380.66 100.138983 0.000000 58.996265 12.030063 14.548029 13.405614 0.000000 0.000000 1.159013 
36601.00 1380.45 100.138983 0.000000 58.994354 12.011159 14.561614 13.410813 0.000000 0.000000 1.161043 
36501.00 1380.24 100.138983 0.000000 58.992418 11.992084 14.575311 13.416071 0.000000 0.000000 1.163100 
36401.00 1380.02 100.138983 0.000000 58.990458 11.972834 14.589122 13.421386 0.000000 0.000000 1.165183 
36301.00 1379.81 100.138983 0.000000 58.988471 11.953408 14.603049 13.426762 0.000000 0.000000 1.167293 
36201.00 1379.60 100.138983 0.000000 58.986459 11.933803 14.617093 13.432197 0.000000 0.000000 1.169431 
36101.00 1379.38 100.138983 0.000000 58.984421 11.914017 14.631256 13.437693 0.000000 0.000000 1.171596 
36001.00 1379.17 100.138983 0.000000 58.982355 11.894046 14.645540 13.443251 0.000000 0.000000 1.173790 
35901.00 1378.96 100.138983 0.000000 58.980262 11.873890 14.659946 13.448872 0.000000 0.000000 1.176013 
35801.00 1378.74 100.138983 0.000000 58.978141 11.853544 14.674477 13.454555 0.000000 0.000000 1.178266 
35701.00 1378.53 100.138983 0.000000 58.975991 11.833006 14.689134 13.460303 0.000000 0.000000 1.180549 
35601.00 1378.31 100.138983 0.000000 58.973812 11.812274 14.703919 13.466116 0.000000 0.000000 1.182863 
35501.00 1378.10 100.138983 0.000000 58.971603 11.791345 14.718833 13.471994 0.000000 0.000000 1.185208 
35401.00 1377.88 100.138983 0.000000 58.969364 11.770216 14.733879 13.477939 0.000000 0.000000 1.187585 
35301.00 1377.67 100.138983 0.000000 58.967094 11.748883 14.749059 13.483951 0.000000 0.000000 1.189995 
35201.00 1377.46 100.138983 0.000000 58.964793 11.727346 14.764374 13.490032 0.000000 0.000000 1.192438 
35101.00 1377.24 100.138983 0.000000 58.962460 11.705599 14.779828 13.496182 0.000000 0.000000 1.194914 
35001.00 1377.03 100.138983 0.000000 58.960094 11.683640 14.795421 13.502402 0.000000 0.000000 1.197426 
34901.00 1376.81 100.138983 0.000000 58.957694 11.661467 14.811155 13.508694 0.000000 0.000000 1.199972 
34801.00 1376.60 100.138983 0.000000 58.955261 11.639076 14.827034 13.515057 0.000000 0.000000 1.202555 
34701.00 1376.38 100.138983 0.000000 58.952793 11.616463 14.843060 13.521494 0.000000 0.000000 1.205174 
34601.00 1376.17 100.138983 0.000000 58.950289 11.593626 14.859233 13.528005 0.000000 0.000000 1.207830 
34501.00 1375.95 100.138983 0.000000 58.947749 11.570560 14.875558 13.534590 0.000000 0.000000 1.210525 
34401.00 1375.73 100.138983 0.000000 58.945173 11.547264 14.892036 13.541252 0.000000 0.000000 1.213258 
34301.00 1375.52 100.138983 0.000000 58.942558 11.523732 14.908670 13.547992 0.000000 0.000000 1.216031 
34201.00 1375.30 100.138983 0.000000 58.939906 11.499962 14.925461 13.554809 0.000000 0.000000 1.218844 
34101.00 1375.09 100.138983 0.000000 58.937214 11.475950 14.942414 13.561706 0.000000 0.000000 1.221699 
34001.00 1374.87 100.138983 0.000000 58.934482 11.451692 14.959529 13.568683 0.000000 0.000000 1.224596 
33901.00 1374.65 100.138983 0.000000 58.931710 11.427185 14.976811 13.575742 0.000000 0.000000 1.227536 
33801.00 1374.44 100.138983 0.000000 58.928896 11.402423 14.994261 13.582884 0.000000 0.000000 1.230519 
33701.00 1374.22 100.138983 0.000000 58.926039 11.377405 15.011882 13.590109 0.000000 0.000000 1.233548 
33601.00 1374.00 100.138983 0.000000 58.923140 11.352125 15.029677 13.597420 0.000000 0.000000 1.236622 
33501.00 1373.79 100.138983 0.000000 58.920195 11.326579 15.047649 13.604817 0.000000 0.000000 1.239743 
33401.00 1373.57 100.138983 0.000000 58.917206 11.300763 15.065801 13.612302 0.000000 0.000000 1.242911 
33301.00 1373.35 100.138983 0.000000 58.914170 11.274673 15.084136 13.619876 0.000000 0.000000 1.246128 
33201.00 1373.14 100.138983 0.000000 58.911088 11.248304 15.102657 13.627540 0.000000 0.000000 1.249394 
33101.00 1372.92 100.138983 0.000000 58.907957 11.221652 15.121367 13.635296 0.000000 0.000000 1.252712 
33001.00 1372.70 100.138983 0.000000 58.904777 11.194712 15.140270 13.643144 0.000000 0.000000 1.256080 
32901.00 1372.48 100.138983 0.000000 58.901547 11.167479 15.159368 13.651087 0.000000 0.000000 1.259502 
32801.00 1372.26 100.138983 0.000000 58.898266 11.139949 15.178664 13.659126 0.000000 0.000000 1.262978 
32701.00 1372.05 100.138983 0.000000 58.894932 11.112117 15.198163 13.667262 0.000000 0.000000 1.266509 
32601.00 1371.83 100.138983 0.000000 58.891544 11.083978 15.217868 13.675496 0.000000 0.000000 1.270096 
32501.00 1371.61 100.138983 0.000000 58.888103 11.055526 15.237783 13.683831 0.000000 0.000000 1.273740 
32401.00 1371.39 100.138983 0.000000 58.884605 11.026756 15.257910 13.692268 0.000000 0.000000 1.277444 
32301.00 1371.17 100.138983 0.000000 58.881050 10.997664 15.278254 13.700808 0.000000 0.000000 1.281207 
32201.00 1370.95 100.138983 0.000000 58.877437 10.968242 15.298819 13.709453 0.000000 0.000000 1.285032 
32101.00 1370.73 100.138983 0.000000 58.873764 10.938486 15.319609 13.718204 0.000000 0.000000 1.288919 
32001.00 1370.51 100.138983 0.000000 58.870030 10.908391 15.340627 13.727064 0.000000 0.000000 1.292871 
31901.00 1370.29 100.138983 0.000000 58.866234 10.877949 15.361878 13.736034 0.000000 0.000000 1.296888 
31801.00 1370.07 100.138983 0.000000 58.862375 10.847155 15.383366 13.745115 0.000000 0.000000 1.300971 
31701.00 1369.85 100.138983 0.000000 58.858450 10.816003 15.405096 13.754310 0.000000 0.000000 1.305124 
31601.00 1369.63 100.138983 0.000000 58.854459 10.784487 15.427071 13.763621 0.000000 0.000000 1.309346 
31501.00 1369.41 100.138983 0.000000 58.850400 10.752600 15.449296 13.773048 0.000000 0.000000 1.313639 
31401.00 1369.19 100.138983 0.000000 58.846271 10.720335 15.471776 13.782595 0.000000 0.000000 1.318006 
31301.00 1368.97 100.138983 0.000000 58.842071 10.687686 15.494515 13.792263 0.000000 0.000000 1.322447 
31201.00 1368.75 100.138983 0.000000 58.837799 10.654646 15.517520 13.802054 0.000000 0.000000 1.326965 
31101.00 1368.53 100.138983 0.000000 58.833452 10.621207 15.540793 13.811971 0.000000 0.000000 1.331560 
31001.00 1368.31 100.138983 0.000000 58.829029 10.587363 15.564341 13.822015 0.000000 0.000000 1.336236 
30901.00 1368.09 100.138983 0.000000 58.824529 10.553105 15.588168 13.832188 0.000000 0.000000 1.340993 
30801.00 1367.86 100.138983 0.000000 58.819948 10.518427 15.612281 13.842493 0.000000 0.000000 1.345834 
30701.00 1367.64 100.138983 0.000000 58.815287 10.483320 15.636684 13.852931 0.000000 0.000000 1.350760 
30601.00 1367.42 100.138983 0.000000 58.810542 10.447777 15.661384 13.863506 0.000000 0.000000 1.355774 
30501.00 1367.20 100.138983 0.000000 58.805712 10.411790 15.686385 13.874220 0.000000 0.000000 1.360877 
30401.00 1366.97 100.138983 0.000000 58.800794 10.375349 15.711693 13.885075 0.000000 0.000000 1.366072 
30301.00 1366.75 100.138983 0.000000 58.795788 10.338447 15.737316 13.896073 0.000000 0.000000 1.371360 
30201.00 1366.53 100.138983 0.000000 58.790690 10.301074 15.763258 13.907217 0.000000 0.000000 1.376744 
30101.00 1366.30 100.138983 0.000000 58.785498 10.263221 15.789527 13.918509 0.000000 0.000000 1.382227 
30001.00 1366.08 100.138983 0.000000 58.780211 10.224880 15.816129 13.929953 0.000000 0.000000 1.387809 
29901.00 1365.85 100.138983 0.000000 58.774826 10.186041 15.843069 13.941552 0.000000 0.000000 1.393495 
29801.00 1365.63 100.138983 0.000000 58.769341 10.146694 15.870356 13.953306 0.000000 0.000000 1.399285 
29701.00 1365.40 100.138983 0.000000 58.763753 10.106829 15.897997 13.965221 0.000000 0.000000 1.405183 
29601.00 1365.18 100.138983 0.000000 58.758060 10.066436 15.925997 13.977298 0.000000 0.000000 1.411191 
29501.00 1364.95 100.138983 0.000000 58.752260 10.025505 15.954365 13.989541 0.000000 0.000000 1.417313 
29401.00 1364.73 100.138983 0.000000 58.746349 9.984024 15.983109 14.001952 0.000000 0.000000 1.423549 
29301.00 1364.50 100.138983 0.000000 58.740326 9.941983 16.012235 14.014535 0.000000 0.000000 1.429904 
29201.00 1364.27 100.138983 0.000000 58.734186 9.899370 16.041753 14.027294 0.000000 0.000000 1.436380 
29101.00 1364.05 100.138983 0.000000 58.727929 9.856174 16.071669 14.040230 0.000000 0.000000 1.442980 
29001.00 1363.82 100.138983 0.000000 58.721550 9.812384 16.101993 14.053349 0.000000 0.000000 1.449707 
28901.00 1363.59 100.138983 0.000000 58.715048 9.767985 16.132732 14.066653 0.000000 0.000000 1.456564 
28801.00 1363.37 100.138983 0.000000 58.708418 9.722968 16.163897 14.080146 0.000000 0.000000 1.463555 
28701.00 1363.14 100.138983 0.000000 58.701657 9.677317 16.195495 14.093832 0.000000 0.000000 1.470682 
28601.00 1362.91 100.138983 0.000000 58.694763 9.631021 16.227536 14.107714 0.000000 0.000000 1.477949 
28501.00 1362.68 100.138983 0.000000 58.687732 9.584065 16.260029 14.121796 0.000000 0.000000 1.485360 
28401.00 1362.45 100.138983 0.000000 58.680561 9.536436 16.292985 14.136083 0.000000 0.000000 1.492917 
28301.00 1362.22 100.138983 0.000000 58.673246 9.488120 16.326413 14.150579 0.000000 0.000000 1.500625 
28201.00 1361.99 100.138983 0.000000 58.665784 9.439101 16.360324 14.165286 0.000000 0.000000 1.508487 
28101.00 1361.76 100.138983 0.000000 58.658171 9.389366 16.394728 14.180211 0.000000 0.000000 1.516508 
28001.00 1361.53 100.138983 0.000000 58.650402 9.338897 16.429635 14.195358 0.000000 0.000000 1.524690 
27901.00 1361.30 100.138983 0.000000 58.642476 9.287680 16.465058 14.210730 0.000000 0.000000 1.533039 
27801.00 1361.07 100.138983 0.000000 58.634386 9.235698 16.501008 14.226334 0.000000 0.000000 1.541558 
27701.00 1360.84 100.138983 0.000000 58.626129 9.182934 16.537495 14.242172 0.000000 0.000000 1.550252 
27601.00 1360.60 100.138983 0.000000 58.617701 9.129371 16.574534 14.258252 0.000000 0.000000 1.559125 
27501.00 1360.37 100.138983 0.000000 58.609098 9.074992 16.612135 14.274577 0.000000 0.000000 1.568182 
27401.00 1360.14 100.138983 0.000000 58.600314 9.019777 16.650312 14.291153 0.000000 0.000000 1.577427 
27301.00 1359.91 100.138983 0.000000 58.591346 8.963708 16.689077 14.307986 0.000000 0.000000 1.586866 
27201.00 1359.67 100.138983 0.000000 58.582188 8.906766 16.728445 14.325081 0.000000 0.000000 1.596503 
27101.00 1359.44 100.138983 0.000000 58.572835 8.848931 16.768430 14.342443 0.000000 0.000000 1.606344 
27001.00 1359.20 100.138983 0.000000 58.563283 8.790183 16.809045 14.360079 0.000000 0.000000 1.616393 
26901.00 1358.97 100.138983 0.000000 58.553526 8.730500 16.850305 14.377995 0.000000 0.000000 1.626657 
26801.00 1358.73 100.138983 0.000000 58.543559 8.669860 16.892227 14.396197 0.000000 0.000000 1.637140 
26701.00 1358.49 100.138983 0.000000 58.533375 8.608242 16.934824 14.414692 0.000000 0.000000 1.647850 
26601.00 1358.26 100.138983 0.000000 58.522970 8.545622 16.978114 14.433486 0.000000 0.000000 1.658791 
26501.00 1358.02 100.138983 0.000000 58.512338 8.481976 17.022113 14.452587 0.000000 0.000000 1.669970 
26401.00 1357.78 100.138983 0.000000 58.501471 8.417280 17.066838 14.472001 0.000000 0.000000 1.681393 
26301.00 1357.54 100.138983 0.000000 58.490365 8.351509 17.112306 14.491735 0.000000 0.000000 1.693068 
26201.00 1357.30 100.138983 0.000000 58.479012 8.284636 17.158537 14.511798 0.000000 0.000000 1.705000 
26101.00 1357.06 100.138983 0.000000 58.467406 8.216636 17.205548 14.532197 0.000000 0.000000 1.717197 
26001.00 1356.82 100.138983 0.000000 58.455539 8.147479 17.253359 14.552940 0.000000 0.000000 1.729666 
25901.00 1356.58 100.138983 0.000000 58.443405 8.077138 17.301990 14.574035 0.000000 0.000000 1.742415 
25801.00 1356.34 100.138983 0.000000 58.430995 8.005583 17.351462 14.595492 0.000000 0.000000 1.755451 
25701.00 1356.10 100.138983 0.000000 58.418303 7.932784 17.401795 14.617319 0.000000 0.000000 1.768782 
25601.00 1355.86 100.138983 0.000000 58.405320 7.858708 17.453012 14.639525 0.000000 0.000000 1.782417 
25501.00 1355.61 100.138983 0.000000 58.392039 7.783323 17.505135 14.662121 0.000000 0.000000 1.796365 
25401.00 1355.37 100.138983 0.000000 58.378450 7.706597 17.558189 14.685115 0.000000 0.000000 1.810633 
25301.00 1355.13 100.138983 0.000000 58.364544 7.628493 17.612196 14.708518 0.000000 0.000000 1.825232 
25201.00 1354.88 100.138983 0.000000 58.350313 7.548976 17.667182 14.732341 0.000000 0.000000 1.840171 
25101.00 1354.63 100.138983 0.000000 58.335747 7.468009 17.723174 14.756594 0.000000 0.000000 1.855459 
25001.00 1354.39 100.138983 0.000000 58.320837 7.385553 17.780197 14.781289 0.000000 0.000000 1.871107 
24901.00 1354.14 100.138983 0.000000 58.305571 7.301568 17.838280 14.806438 0.000000 0.000000 1.887126 
24801.00 1353.89 100.138983 0.000000 58.289940 7.216012 17.897451 14.832053 0.000000 0.000000 1.903526 
24701.00 1353.64 100.138983 0.000000 58.273933 7.128844 17.957739 14.858147 0.000000 0.000000 1.920320 
24601.00 1353.39 100.138983 0.000000 58.257538 7.040018 18.019177 14.884733 0.000000 0.000000 1.937518 
24501.00 1353.14 100.138983 0.000000 58.240743 6.949489 18.081795 14.911824 0.000000 0.000000 1.955132 
24401.00 1352.89 100.138983 0.000000 58.223537 6.857208 18.145628 14.939434 0.000000 0.000000 1.973177 
24301.00 1352.64 100.138983 0.000000 58.205906 6.763126 18.210708 14.967579 0.000000 0.000000 1.991664 
24201.00 1352.38 100.138983 0.000000 58.187837 6.667192 18.277072 14.996274 0.000000 0.000000 2.010608 
24101.00 1352.13 100.138983 0.000000 58.169317 6.569351 18.344757 15.025534 0.000000 0.000000 2.030023 
24001.00 1351.87 100.138983 0.000000 58.150331 6.469550 18.413801 15.055377 0.000000 0.000000 2.049924 
23901.00 1351.62 100.138983 0.000000 58.130865 6.367729 18.484244 15.085819 0.000000 0.000000 2.070326 
23801.00 1351.36 100.138983 0.000000 58.110902 6.263830 18.556128 15.116878 0.000000 0.000000 2.091246 
23701.00 1351.10 100.138983 0.000000 58.090427 6.157788 18.629494 15.148574 0.000000 0.000000 2.112699 
23601.00 1350.84 100.138983 0.000000 58.069424 6.049541 18.704390 15.180925 0.000000 0.000000 2.134704 
23501.00 1350.58 100.138983 0.000000 58.047874 5.939019 18.780860 15.213952 0.000000 0.000000 2.157278 
23401.00 1350.32 100.138983 0.000000 58.025760 5.826153 18.858953 15.247675 0.000000 0.000000 2.180441 
23301.00 1350.06 100.138983 0.000000 58.003062 5.710870 18.938720 15.282118 0.000000 0.000000 2.204213 
23201.00 1349.80 100.138983 0.000000 57.979761 5.593092 19.020214 15.317304 0.000000 0.000000 2.228613 
23101.00 1349.53 100.138983 0.000000 57.955835 5.472741 19.103488 15.353255 0.000000 0.000000 2.253663 
23001.00 1349.26 100.138983 0.000000 57.931265 5.349733 19.188601 15.389998 0.000000 0.000000 2.279387 
22901.00 1349.00 100.138983 0.000000 57.906026 5.223981 19.275611 15.427559 0.000000 0.000000 2.305806 
22801.00 1348.73 100.138983 0.000000 57.880096 5.095396 19.364581 15.465965 0.000000 0.000000 2.332946 
22701.00 1348.46 100.138983 0.000000 57.853449 4.963882 19.455576 15.505244 0.000000 0.000000 2.360832 
22601.00 1348.19 100.138983 0.000000 57.826061 4.829342 19.548662 15.545428 0.000000 0.000000 2.389491 
22501.00 1347.91 100.138983 0.000000 57.797903 4.691671 19.643911 15.586548 0.000000 0.000000 2.418950 
22401.00 1347.64 100.138983 0.000000 57.768949 4.550762 19.741396 15.628636 0.000000 0.000000 2.449240 
22301.00 1347.36 100.138983 0.000000 57.739169 4.406502 19.841195 15.671728 0.000000 0.000000 2.480390 
22201.00 1347.09 100.138983 0.000000 57.708531 4.258773 19.943387 15.715859 0.000000 0.000000 2.512433 
22101.00 1346.81 100.138983 0.000000 57.677004 4.107452 20.048058 15.761067 0.000000 0.000000 2.545402 
22001.00 1346.53 100.138983 0.000000 57.644554 3.952409 20.155294 15.807393 0.000000 0.000000 2.579333 
21901.00 1346.24 100.138983 0.000000 57.611144 3.793508 20.265190 15.854879 0.000000 0.000000 2.614261 
21801.00 1345.96 100.138983 0.000000 57.576739 3.630608 20.377840 15.903569 0.000000 0.000000 2.650227 
21701.00 1345.67 100.138983 0.000000 57.541298 3.463559 20.493347 15.953508 0.000000 0.000000 2.687270 
21601.00 1345.38 100.138983 0.000000 57.504782 3.292205 20.611816 16.004747 0.000000 0.000000 2.725433 
21501.00 1345.09 100.138983 0.000000 57.467146 3.116382 20.733359 16.057335 0.000000 0.000000 2.764762 
21401.00 1344.80 100.138983 0.000000 57.428345 2.935917 20.858091 16.111328 0.000000 0.000000 2.805301 
21301.00 1344.51 100.138983 0.000000 57.388333 2.750630 20.986136 16.166781 0.000000 0.000000 2.847103 
21201.00 1344.21 100.138983 0.000000 57.347058 2.560331 21.117622 16.223756 0.000000 0.000000 2.890217 
21101.00 1343.91 100.138983 0.000000 57.304469 2.364819 21.252682 16.282314 0.000000 0.000000 2.934698 
21001.00 1343.61 100.138983 0.000000 57.260511 2.163885 21.391459 16.342523 0.000000 0.000000 2.980605 
20901.00 1343.31 100.138983 0.000000 57.215124 1.957308 21.534101 16.404452 0.000000 0.000000 3.027997 
20801.00 1343.00 100.138983 0.000000 57.168248 1.744855 21.680764 16.468177 0.000000 0.000000 3.076938 
20701.00 1342.69 100.138983 0.000000 57.119819 1.526282 21.831613 16.533775 0.000000 0.000000 3.127495 
20601.00 1342.38 100.138983 0.000000 57.069768 1.301330 21.986819 16.601328 0.000000 0.000000 3.179738 
20501.00 1342.06 100.138983 0.000000 57.018024 1.069728 22.146564 16.670926 0.000000 0.000000 3.233742 
20401.00 1341.74 100.138983 0.000000 56.964512 0.831190 22.311038 16.742659 0.000000 0.000000 3.289585 
20301.00 1341.42 100.138983 0.000000 56.909151 0.585415 22.480443 16.816625 0.000000 0.000000 3.347349 
20201.00 1341.10 100.138983 0.000000 56.851858 0.332083 22.654990 16.892929 0.000000 0.000000 3.407122 
20101.00 1340.77 100.138983 0.000000 56.792545 0.070861 22.834902 16.971680 0.000000 0.000000 3.468996 
20001.00 1340.54 100.138983 0.000000 56.776443 0.000000 22.877573 16.999395 0.000000 0.000000 3.485572 
19901.00 1340.34 100.138983 0.000000 56.776480 0.000000 22.869169 17.008102 0.000000 0.000000 3.485232 
19801.00 1340.15 100.138983 0.000000 56.776518 0.000000 22.860685 17.016889 0.000000 0.000000 3.484890 
19701.00 1339.95 100.138983 0.000000 56.776557 0.000000 22.852121 17.025758 0.000000 0.000000 3.484547 
19601.00 1339.76 100.138983 0.000000 56.776596 0.000000 22.843475 17.034709 0.000000 0.000000 3.484203 
19501.00 1339.56 100.138983 0.000000 56.776636 0.000000 22.834746 17.043744 0.000000 0.000000 3.483857 
19401.00 1339.37 100.138983 0.000000 56.776677 0.000000 22.825932 17.052865 0.000000 0.000000 3.483510 
19301.00 1339.17 100.138983 0.000000 56.776718 0.000000 22.817031 17.062073 0.000000 0.000000 3.483161 
19201.00 1338.97 100.138983 0.000000 56.776760 0.000000 22.808043 17.071369 0.000000 0.000000 3.482811 
19101.00 1338.78 100.138983 0.000000 56.776802 0.000000 22.798966 17.080756 0.000000 0.000000 3.482459 
19001.00 1338.58 100.138983 0.000000 56.776845 0.000000 22.789798 17.090235 0.000000 0.000000 3.482106 
18901.00 1338.39 100.138983 0.000000 56.776888 0.000000 22.780537 17.099807 0.000000 0.000000 3.481751 
18801.00 1338.19 100.138983 0.000000 56.776932 0.000000 22.771181 17.109475 0.000000 0.000000 3.481395 
18701.00 1338.00 100.138983 0.000000 56.776976 0.000000 22.761730 17.119239 0.000000 0.000000 3.481037 
18601.00 1337.80 100.138983 0.000000 56.777021 0.000000 22.752181 17.129103 0.000000 0.000000 3.480678 
18501.00 1337.60 100.138983 0.000000 56.777067 0.000000 22.742532 17.139067 0.000000 0.000000 3.480317 
18401.00 1337.41 100.138983 0.000000 56.777113 0.000000 22.732782 17.149133 0.000000 0.000000 3.479955 
18301.00 1337.21 100.138983 0.000000 56.777159 0.000000 22.722929 17.159304 0.000000 0.000000 3.479591 
18201.00 1337.02 100.138983 0.000000 56.777206 0.000000 22.712970 17.169581 0.000000 0.000000 3.479226 
18101.00 1336.82 100.138983 0.000000 56.777253 0.000000 22.702904 17.179966 0.000000 0.000000 3.478860 
18001.00 1336.62 100.138983 0.000000 56.777301 0.000000 22.692728 17.190463 0.000000 0.000000 3.478491 
17901.00 1336.43 100.138983 0.000000 56.777349 0.000000 22.682441 17.201072 0.000000 0.000000 3.478122 
17801.00 1336.23 100.138983 0.000000 56.777398 0.000000 22.672039 17.211795 0.000000 0.000000 3.477750 
17701.00 1336.04 100.138983 0.000000 56.777447 0.000000 22.661522 17.222636 0.000000 0.000000 3.477377 
17601.00 1335.84 100.138983 0.000000 56.777497 0.000000 22.650887 17.233597 0.000000 0.000000 3.477003 
17501.00 1335.64 100.138983 0.000000 56.777546 0.000000 22.640130 17.244679 0.000000 0.000000 3.476627 
17401.00 1335.45 100.138983 0.000000 56.777597 0.000000 22.629251 17.255886 0.000000 0.000000 3.476249 
17301.00 1335.25 100.138983 0.000000 56.777647 0.000000 22.618246 17.267220 0.000000 0.000000 3.475870 
17201.00 1335.05 100.138983 0.000000 56.777698 0.000000 22.607112 17.278683 0.000000 0.000000 3.475490 
17101.00 1334.86 100.138983 0.000000 56.777750 0.000000 22.595848 17.290278 0.000000 0.000000 3.475107 
17001.00 1334.66 100.138983 0.000000 56.777801 0.000000 22.584449 17.302009 0.000000 0.000000 3.474723 
16901.00 1334.47 100.138983 0.000000 56.777853 0.000000 22.572915 17.313877 0.000000 0.000000 3.474338 
16801.00 1334.27 100.138983 0.000000 56.777906 0.000000 22.561240 17.325886 0.000000 0.000000 3.473951 
16701.00 1334.07 100.138983 0.000000 56.777958 0.000000 22.549423 17.338039 0.000000 0.000000 3.473562 
16601.00 1333.88 100.138983 0.000000 56.778011 0.000000 22.537461 17.350339 0.000000 0.000000 3.473172 
16501.00 1333.68 100.138983 0.000000 56.778064 0.000000 22.525350 17.362789 0.000000 0.000000 3.472780 
16401.00 1333.48 100.138983 0.000000 56.778118 0.000000 22.513087 17.375393 0.000000 0.000000 3.472386 
16301.00 1333.29 100.138983 0.000000 56.778171 0.000000 22.500668 17.388154 0.000000 0.000000 3.471991 
16201.00 1333.09 100.138983 0.000000 56.778225 0.000000 22.488090 17.401075 0.000000 0.000000 3.471594 
16101.00 1332.89 100.138983 0.000000 56.778279 0.000000 22.475349 17.414160 0.000000 0.000000 3.471195 
16001.00 1332.70 100.138983 0.000000 56.778333 0.000000 22.462443 17.427413 0.000000 0.000000 3.470795 
15901.00 1332.50 100.138983 0.000000 56.778387 0.000000 22.449366 17.440838 0.000000 0.000000 3.470393 
15801.00 1332.30 100.138983 0.000000 56.778441 0.000000 22.436114 17.454439 0.000000 0.000000 3.469989 
15701.00 1332.11 100.138983 0.000000 56.778495 0.000000 22.422685 17.468220 0.000000 0.000000 3.469583 
15601.00 1331.91 100.138983 0.000000 56.778550 0.000000 22.409073 17.482185 0.000000 0.000000 3.469176 
15501.00 1331.71 100.138983 0.000000 56.778604 0.000000 22.395273 17.496339 0.000000 0.000000 3.468767 
15401.00 1331.38 100.138983 0.033373 56.763423 0.000000 22.428735 17.443573 0.000000 0.000000 3.469879 
15301.00 1331.04 100.138983 0.069339 56.747814 0.000000 22.464370 17.386461 0.000000 0.000000 3.470999 
15201.00 1330.70 100.138983 0.105880 56.732741 0.000000 22.499231 17.329102 0.000000 0.000000 3.472029 
15101.00 1330.35 100.138983 0.143017 56.718216 0.000000 22.533303 17.271483 0.000000 0.000000 3.472964 
15001.00 1330.01 100.138983 0.180771 56.704251 0.000000 22.566569 17.213589 0.000000 0.000000 3.473803 
14901.00 1329.66 100.138983 0.219163 56.690858 0.000000 22.599014 17.155405 0.000000 0.000000 3.474543 
14801.00 1329.31 100.138983 0.258217 56.678050 0.000000 22.630620 17.096915 0.000000 0.000000 3.475180 
14701.00 1328.96 100.138983 0.297957 56.665841 0.000000 22.661371 17.038102 0.000000 0.000000 3.475711 
14601.00 1328.60 100.138983 0.338409 56.654246 0.000000 22.691247 16.978948 0.000000 0.000000 3.476133 
14501.00 1328.25 100.138983 0.379597 56.643278 0.000000 22.720231 16.919435 0.000000 0.000000 3.476442 
14401.00 1327.89 100.138983 0.421550 56.632953 0.000000 22.748303 16.859542 0.000000 0.000000 3.476635 
14301.00 1327.53 100.138983 0.464297 56.623287 0.000000 22.775442 16.799250 0.000000 0.000000 3.476707 
14201.00 1327.17 100.138983 0.507867 56.614297 0.000000 22.801628 16.738536 0.000000 0.000000 3.476655 
14101.00 1326.81 100.138983 0.552292 56.606000 0.000000 22.826839 16.677378 0.000000 0.000000 3.476474 
14001.00 1326.44 100.138983 0.597604 56.598414 0.000000 22.851052 16.615753 0.000000 0.000000 3.476160 
13901.00 1326.07 100.138983 0.643839 56.591559 0.000000 22.874243 16.553635 0.000000 0.000000 3.475708 
13801.00 1325.70 100.138983 0.691031 56.585453 0.000000 22.896388 16.490998 0.000000 0.000000 3.475114 
13701.00 1325.32 100.138983 0.739219 56.580118 0.000000 22.917460 16.427814 0.000000 0.000000 3.474372 
13601.00 1324.94 100.138983 0.788442 56.575575 0.000000 22.937433 16.364055 0.000000 0.000000 3.473477 
13501.00 1324.56 100.138983 0.838742 56.571848 0.000000 22.956279 16.299691 0.000000 0.000000 3.472424 
13401.00 1324.18 100.138983 0.890160 56.568959 0.000000 22.973968 16.234690 0.000000 0.000000 3.471207 
13301.00 1323.79 100.138983 0.942744 56.566933 0.000000 22.990469 16.169018 0.000000 0.000000 3.469819 
13201.00 1323.40 100.138983 0.996539 56.565798 0.000000 23.005751 16.102640 0.000000 0.000000 3.468255 
13101.00 1323.01 100.138983 1.051596 56.565579 0.000000 23.019780 16.035520 0.000000 0.000000 3.466507 
13001.00 1322.61 100.088269 1.056603 56.565883 0.000000 23.033087 15.968043 0.000000 0.000000 3.464654 
12901.00 1322.21 100.031986 1.056659 56.566676 0.000000 23.045717 15.900234 0.000000 0.000000 3.462700 
12801.00 1321.81 99.975078 1.056728 56.567970 0.000000 23.057658 15.832080 0.000000 0.000000 3.460642 
12701.00 1321.41 99.917525 1.056809 56.569772 0.000000 23.068899 15.763565 0.000000 0.000000 3.458479 
12601.00 1321.01 99.859309 1.056904 56.572094 0.000000 23.079430 15.694674 0.000000 0.000000 3.456207 
12501.00 1320.60 99.800409 1.057014 56.574945 0.000000 23.089237 15.625390 0.000000 0.000000 3.453824 
12401.00 1320.20 99.740803 1.057139 56.578336 0.000000 23.098308 15.555696 0.000000 0.000000 3.451326 
12301.00 1319.79 99.680469 1.057279 56.582278 0.000000 23.106630 15.485573 0.000000 0.000000 3.448710 
12201.00 1319.38 99.619384 1.057436 56.586783 0.000000 23.114189 15.415004 0.000000 0.000000 3.445972 
12101.00 1318.96 99.557524 1.057610 56.591864 0.000000 23.120970 15.343969 0.000000 0.000000 3.443110 
12001.00 1318.55 99.494863 1.057802 56.597534 0.000000 23.126959 15.272447 0.000000 0.000000 3.440120 
11901.00 1318.13 99.431374 1.058014 56.603806 0.000000 23.132140 15.200416 0.000000 0.000000 3.436998 
11801.00 1317.71 99.367030 1.058246 56.610693 0.000000 23.136496 15.127855 0.000000 0.000000 3.433740 
11701.00 1317.28 99.301802 1.058499 56.618213 0.000000 23.140008 15.054741 0.000000 0.000000 3.430341 
11601.00 1316.86 99.235659 1.058775 56.626379 0.000000 23.142660 14.981047 0.000000 0.000000 3.426798 
11501.00 1316.43 99.168571 1.059074 56.635208 0.000000 23.144432 14.906750 0.000000 0.000000 3.423106 
11401.00 1316.00 99.100502 1.059397 56.644718 0.000000 23.145303 14.831823 0.000000 0.000000 3.419260 
11301.00 1315.56 99.031419 1.059747 56.654927 0.000000 23.145253 14.756237 0.000000 0.000000 3.415256 
11201.00 1315.12 98.961285 1.060124 56.665854 0.000000 23.144258 14.679962 0.000000 0.000000 3.411087 
11101.00 1314.68 98.890062 1.060530 56.677519 0.000000 23.142294 14.602970 0.000000 0.000000 3.406749 
11001.00 1314.24 98.817709 1.060966 56.689943 0.000000 23.139338 14.525226 0.000000 0.000000 3.402236 
10901.00 1313.79 98.744185 1.061435 56.703149 0.000000 23.135361 14.446698 0.000000 0.000000 3.397542 
10801.00 1313.34 98.669445 1.061937 56.717160 0.000000 23.130337 14.367351 0.000000 0.000000 3.392660 
10701.00 1312.88 98.593442 1.062475 56.732002 0.000000 23.124235 14.287147 0.000000 0.000000 3.387584 
10601.00 1312.42 98.516129 1.063050 56.747700 0.000000 23.117025 14.206048 0.000000 0.000000 3.382306 
10501.00 1311.96 98.437454 1.063665 56.764283 0.000000 23.108673 14.124013 0.000000 0.000000 3.376820 
10401.00 1311.49 98.357362 1.064322 56.781780 0.000000 23.099143 14.040999 0.000000 0.000000 3.371118 
10301.00 1311.02 98.275798 1.065024 56.800222 0.000000 23.088399 13.956962 0.000000 0.000000 3.365191 
10201.00 1310.54 98.192701 1.065772 56.819642 0.000000 23.076401 13.871856 0.000000 0.000000 3.359030 
10101.00 1310.06 98.108009 1.066569 56.840076 0.000000 23.063106 13.785630 0.000000 0.000000 3.352628 
10001.00 1309.57 98.021657 1.067419 56.861559 0.000000 23.048471 13.698233 0.000000 0.000000 3.345974 
9901.00 1309.08 97.933573 1.068325 56.884132 0.000000 23.032448 13.609611 0.000000 0.000000 3.339058 
9801.00 1308.59 97.843685 1.069288 56.907836 0.000000 23.014985 13.519707 0.000000 0.000000 3.331869 
9701.00 1308.08 97.751916 1.070314 56.932715 0.000000 22.996029 13.428461 0.000000 0.000000 3.324396 
9601.00 1307.57 97.658184 1.071406 56.958817 0.000000 22.975524 13.335809 0.000000 0.000000 3.316628 
9501.00 1307.06 97.562402 1.072567 56.986191 0.000000 22.953407 13.241686 0.000000 0.000000 3.308551 
9401.00 1306.54 97.464480 1.073801 57.014891 0.000000 22.929614 13.146022 0.000000 0.000000 3.300152 
9301.00 1306.01 97.364322 1.075114 57.044972 0.000000 22.904075 13.048743 0.000000 0.000000 3.291418 
9201.00 1305.47 97.261826 1.076510 57.076496 0.000000 22.876715 12.949772 0.000000 0.000000 3.282332 
9101.00 1304.93 97.156884 1.077994 57.109527 0.000000 22.847456 12.849028 0.000000 0.000000 3.272880 
9001.00 1304.38 97.049384 1.079571 57.144132 0.000000 22.816213 12.746424 0.000000 0.000000 3.263044 
8901.00 1303.82 96.939205 1.081248 57.180385 0.000000 22.782895 12.641870 0.000000 0.000000 3.252807 
8801.00 1303.25 96.826220 1.083029 57.218363 0.000000 22.747406 12.535272 0.000000 0.000000 3.242149 
8701.00 1302.67 96.710293 1.084923 57.258149 0.000000 22.709642 12.426528 0.000000 0.000000 3.231052 
8601.00 1302.08 96.591283 1.086935 57.299832 0.000000 22.669491 12.315533 0.000000 0.000000 3.219492 
8501.00 1301.49 96.469038 1.089074 57.343506 0.000000 22.626836 12.202174 0.000000 0.000000 3.207448 
8401.00 1300.88 96.343398 1.091347 57.389272 0.000000 22.581549 12.086334 0.000000 0.000000 3.194896 
8301.00 1300.26 96.214192 1.093763 57.437238 0.000000 22.533494 11.967888 0.000000 0.000000 3.181809 
8201.00 1299.63 96.081241 1.096330 57.487519 0.000000 22.482525 11.846705 0.000000 0.000000 3.168162 
8101.00 1298.99 95.944355 1.099059 57.540238 0.000000 22.428486 11.722647 0.000000 0.000000 3.153925 
8001.00 1298.33 95.803329 1.101958 57.595526 0.000000 22.371210 11.595567 0.000000 0.000000 3.139068 
7901.00 1297.66 95.657951 1.105039 57.653525 0.000000 22.310517 11.465312 0.000000 0.000000 3.123558 
7801.00 1296.98 95.507992 1.108312 57.714383 0.000000 22.246215 11.331721 0.000000 0.000000 3.107361 
7701.00 1296.28 95.353212 1.111789 57.778262 0.000000 22.178099 11.194622 0.000000 0.000000 3.090440 
7601.00 1295.57 95.193357 1.115481 57.845332 0.000000 22.105949 11.053837 0.000000 0.000000 3.072757 
7501.00 1294.84 95.028157 1.119401 57.915775 0.000000 22.029531 10.909178 0.000000 0.000000 3.054272 
7401.00 1294.09 94.857329 1.123560 57.989786 0.000000 21.948593 10.760450 0.000000 0.000000 3.034941 
7301.00 1293.32 94.680575 1.127971 58.067569 0.000000 21.862870 10.607448 0.000000 0.000000 3.014719 
7201.00 1292.53 94.497580 1.132644 58.149343 0.000000 21.772076 10.449958 0.000000 0.000000 2.993558 
7101.00 1291.72 94.308016 1.137592 58.235340 0.000000 21.675912 10.287762 0.000000 0.000000 2.971411 
7001.00 1290.89 94.111540 1.142823 58.325803 0.000000 21.574059 10.120632 0.000000 0.000000 2.948224 
6901.00 1290.04 93.907795 1.148346 58.420987 0.000000 21.466181 9.948337 0.000000 0.000000 2.923945 
6801.00 1289.16 93.696414 1.154165 58.521160 0.000000 21.351928 9.770643 0.000000 0.000000 2.898519 
6701.00 1288.26 93.477019 1.160283 58.626598 0.000000 21.230933 9.587314 0.000000 0.000000 2.871890 
6601.00 1287.33 93.249228 1.166698 58.737588 0.000000 21.102819 9.398120 0.000000 0.000000 2.844004 
6501.00 1286.38 93.012657 1.173400 58.854419 0.000000 20.967198 9.202837 0.000000 0.000000 2.814804 
6401.00 1285.39 92.766927 1.180373 58.977384 0.000000 20.823679 9.001253 0.000000 0.000000 2.784238 
6301.00 1284.38 92.511670 1.187594 59.106773 0.000000 20.671873 8.793177 0.000000 0.000000 2.752254 
6201.00 1283.33 92.246542 1.195025 59.242865 0.000000 20.511399 8.578446 0.000000 0.000000 2.718807 
6101.00 1282.25 91.971229 1.202616 59.385924 0.000000 20.341897 8.356934 0.000000 0.000000 2.683859 
6001.00 1281.14 91.685468 1.210304 59.536186 0.000000 20.163037 8.128564 0.000000 0.000000 2.647378 
5901.00 1280.00 91.389055 1.218006 59.693852 0.000000 19.974535 7.893316 0.000000 0.000000 2.609345 
5801.00 1278.82 91.081867 1.225623 59.859073 0.000000 19.776168 7.651247 0.000000 0.000000 2.569757 
5701.00 1277.61 90.763883 1.233036 60.031939 0.000000 19.567790 7.402494 0.000000 0.000000 2.528624 
5601.00 1276.36 90.435199 1.240108 60.212464 0.000000 19.349352 7.147294 0.000000 0.000000 2.485981 
5501.00 1275.09 90.096051 1.246686 60.400573 0.000000 19.120919 6.885992 0.000000 0.000000 2.441880 
5401.00 1273.78 89.746833 1.252607 60.596092 0.000000 18.882687 6.619046 0.000000 0.000000 2.396401 
5301.00 1272.45 89.388107 1.257699 60.798738 0.000000 18.634991 6.347030 0.000000 0.000000 2.349649 
5201.00 1271.09 89.020614 1.261794 61.008112 0.000000 18.378321 6.070635 0.000000 0.000000 2.301752 
5101.00 1269.71 88.645273 1.264731 61.223703 0.000000 18.113315 5.790658 0.000000 0.000000 2.252866 
5001.00 1268.31 88.263174 1.266370 61.444889 0.000000 17.840760 5.507987 0.000000 0.000000 2.203167 
4901.00 1266.90 87.875559 1.266597 61.670949 0.000000 17.561577 5.223586 0.000000 0.000000 2.152849 
4801.00 1265.48 87.483799 1.265331 61.901078 0.000000 17.276803 4.938465 0.000000 0.000000 2.102122 
4701.00 1264.05 87.089362 1.262528 62.134406 0.000000 16.987565 4.653659 0.000000 0.000000 2.051204 
4601.00 1262.62 86.693772 1.258183 62.370020 0.000000 16.695054 4.370199 0.000000 0.000000 2.000316 
4501.00 1261.19 86.298575 1.252328 62.606985 0.000000 16.400495 4.089088 0.000000 0.000000 1.949677 
4401.00 1259.78 85.905299 1.245029 62.844366 0.000000 16.105121 3.811281 0.000000 0.000000 1.899501 
4301.00 1258.37 85.515424 1.236379 63.081244 0.000000 15.810146 3.537664 0.000000 0.000000 1.849991 
4201.00 1256.99 85.130349 1.226491 63.316737 0.000000 15.516742 3.269044 0.000000 0.000000 1.801335 
4101.00 1255.62 84.751372 1.215494 63.550009 0.000000 15.226025 3.006139 0.000000 0.000000 1.753705 
4001.00 1254.28 84.379675 1.203526 63.780283 0.000000 14.939034 2.749574 0.000000 0.000000 1.707257 
3901.00 1252.97 84.016312 1.190729 64.006844 0.000000 14.656730 2.499882 0.000000 0.000000 1.662126 
3801.00 1251.69 83.662205 1.177245 64.229049 0.000000 14.379981 2.257499 0.000000 0.000000 1.618431 
3701.00 1250.44 83.318141 1.163212 64.446326 0.000000 14.109560 2.022776 0.000000 0.000000 1.576269 
3601.00 1249.22 82.984778 1.148765 64.658176 0.000000 13.846144 1.795974 0.000000 0.000000 1.535719 
3501.00 1248.04 82.662639 1.134033 64.864177 0.000000 13.590308 1.577278 0.000000 0.000000 1.496842 
3401.00 1246.90 82.352127 1.119140 65.063983 0.000000 13.342530 1.366792 0.000000 0.000000 1.459682 
3301.00 1245.79 82.053522 1.104200 65.257319 0.000000 13.103187 1.164554 0.000000 0.000000 1.424262 
3201.00 1244.72 81.766992 1.089321 65.443986 0.000000 12.872559 0.970533 0.000000 0.000000 1.390593 
3101.00 1243.69 81.492598 1.074602 65.623855 0.000000 12.650832 0.784641 0.000000 0.000000 1.358668 
3001.00 1242.70 81.230299 1.060134 65.796863 0.000000 12.438100 0.606736 0.000000 0.000000 1.328466 
2901.00 1241.74 80.979965 1.045997 65.963011 0.000000 12.234374 0.436630 0.000000 0.000000 1.299953 
2801.00 1240.82 80.741382 1.032260 66.122359 0.000000 12.039586 0.274093 0.000000 0.000000 1.273084 
2701.00 1239.94 80.514264 1.018982 66.275016 0.000000 11.853599 0.118864 0.000000 0.000000 1.247803 
2601.00 1239.16 80.298265 0.986444 66.408317 0.000000 11.677586 0.000000 0.000000 0.000000 1.225918 
2501.00 1238.72 80.112950 0.900527 66.486916 0.000000 11.513140 0.000000 0.000000 0.000000 1.212368 
2401.00 1238.28 80.012548 0.898290 66.565221 0.000000 11.349859 0.000000 0.000000 0.000000 1.199178 
2301.00 1237.85 79.913392 0.896112 66.643252 0.000000 11.187691 0.000000 0.000000 0.000000 1.186337 
2201.00 1237.42 79.815434 0.893987 66.721020 0.000000 11.026592 0.000000 0.000000 0.000000 1.173835 
2101.00 1236.99 79.718633 0.891908 66.798535 0.000000 10.866527 0.000000 0.000000 0.000000 1.161662 
2001.00 1236.56 79.622954 0.889870 66.875803 0.000000 10.707471 0.000000 0.000000 0.000000 1.149810 
1901.00 1236.14 79.528367 0.887867 66.952824 0.000000 10.549404 0.000000 0.000000 0.000000 1.138272 
1801.00 1235.72 79.434849 0.885895 67.029598 0.000000 10.392316 0.000000 0.000000 0.000000 1.127040 
1701.00 1235.30 79.342378 0.883949 67.106121 0.000000 10.236201 0.000000 0.000000 0.000000 1.116107 
1601.00 1234.88 79.250938 0.882026 67.182385 0.000000 10.081060 0.000000 0.000000 0.000000 1.105467 
1501.00 1234.47 79.160517 0.880123 67.258380 0.000000 9.926898 0.000000 0.000000 0.000000 1.095116 
1401.00 1234.06 79.071105 0.878237 67.334095 0.000000 9.773727 0.000000 0.000000 0.000000 1.085046 
1301.00 1233.65 78.982695 0.876366 67.409518 0.000000 9.621557 0.000000 0.000000 0.000000 1.075254 
1201.00 1233.24 78.895282 0.874509 67.484634 0.000000 9.470405 0.000000 0.000000 0.000000 1.065734 
1101.00 1232.84 78.730993 0.793554 67.557861 0.000000 9.323045 0.000000 0.000000 0.000000 1.056533 
1001.00 1232.44 78.724686 0.870883 67.632350 0.000000 9.173916 0.000000 0.000000 0.000000 1.047538 
901.00 1232.04 78.640205 0.869062 67.706484 0.000000 9.025859 0.000000 0.000000 0.000000 1.038800 
801.00 1231.64 78.556710 0.867255 67.780251 0.000000 8.878888 0.000000 0.000000 0.000000 1.030315 
701.00 1231.24 78.474197 0.865463 67.853636 0.000000 8.733019 0.000000 0.000000 0.000000 1.022078 
601.00 1230.85 78.392660 0.863688 67.926628 0.000000 8.588260 0.000000 0.000000 0.000000 1.014083 
501.00 1230.45 78.312093 0.861932 67.999216 0.000000 8.444619 0.000000 0.000000 0.000000 1.006326 
401.00 1230.06 78.232485 0.860197 68.071393 0.000000 8.302096 0.000000 0.000000 0.000000 0.998800 
301.00 1229.67 78.153827 0.858485 68.143152 0.000000 8.160689 0.000000 0.000000 0.000000 0.991500 
201.00 1229.29 78.076103 0.856800 68.214492 0.000000 8.020389 0.000000 0.000000 0.000000 0.984422 
101.00 1228.90 77.999296 0.855146 68.285414 0.000000 7.881178 0.000000 0.000000 0.000000 0.977558 
1.00 1228.52 77.923383 0.853525 68.355922 0.000000 7.743034 0.000000 0.000000 0.000000 0.970903 
