Title: Depleted MORB Mantle of Workmann & Hart 2005

System Thermodynamic Data:
Pressure Temperature mass F phi S H V Cp dVdP*10^6 dVdT*10^6 fO2(absolute) fO2(absolute) rhol rhos viscosity aH2O chisqr
44001.00 1526.77 100.138999 0.0000000000000000 0.000000 262.403581 -1135494.824107 30.395828 125.757512 -19.947787 1504.794685 -5.225 -5.225 0.000000 3.294498 0.000 0 0.000
43901.00 1526.53 100.138999 0.0000000000000000 0.000000 262.403581 -1135798.792272 30.397806 125.765022 -19.955087 1504.721816 -5.230 -5.230 0.000000 3.294284 0.000 0 0.000
43801.00 1526.29 100.138999 0.0000000000000000 0.000000 262.403581 -1136102.780234 30.399787 125.772534 -19.962393 1504.649168 -5.235 -5.235 0.000000 3.294069 0.000 0 0.000
43701.00 1526.06 100.138999 0.0000000000000000 0.000000 262.403581 -1136406.788023 30.401771 125.780047 -19.969706 1504.576743 -5.240 -5.240 0.000000 3.293854 0.000 0 0.000
43601.00 1525.82 100.138999 0.0000000000000000 0.000000 262.403581 -1136710.815671 30.403759 125.787561 -19.977027 1504.504543 -5.245 -5.245 0.000000 3.293639 0.000 0 0.000
43501.00 1525.58 100.138999 0.0000000000000000 0.000000 262.403581 -1137014.863209 30.405749 125.795077 -19.984355 1504.432570 -5.250 -5.250 0.000000 3.293423 0.000 0 0.000
43401.00 1525.34 100.138999 0.0000000000000000 0.000000 262.403581 -1137318.930669 30.407743 125.802594 -19.991690 1504.360827 -5.255 -5.255 0.000000 3.293207 0.000 0 0.000
43301.00 1525.10 100.138999 0.0000000000000000 0.000000 262.403581 -1137623.018081 30.409740 125.810113 -19.999032 1504.289316 -5.260 -5.260 0.000000 3.292991 0.000 0 0.000
43201.00 1524.86 100.138999 0.0000000000000000 0.000000 262.403581 -1137927.125479 30.411740 125.817633 -20.006381 1504.218039 -5.265 -5.265 0.000000 3.292774 0.000 0 0.000
43101.00 1524.62 100.138999 0.0000000000000000 0.000000 262.403581 -1138231.252894 30.413743 125.825155 -20.013739 1504.146998 -5.271 -5.271 0.000000 3.292557 0.000 0 0.000
43001.00 1524.38 100.138999 0.0000000000000000 0.000000 262.403581 -1138535.400360 30.415750 125.832678 -20.021103 1504.076196 -5.276 -5.276 0.000000 3.292340 0.000 0 0.000
42901.00 1524.15 100.138999 0.0000000000000000 0.000000 262.403581 -1138839.567908 30.417760 125.840203 -20.028475 1504.005635 -5.281 -5.281 0.000000 3.292123 0.000 0 0.000
42801.00 1523.91 100.138999 0.0000000000000000 0.000000 262.403581 -1139143.755573 30.419773 125.847730 -20.035855 1503.935317 -5.286 -5.286 0.000000 3.291905 0.000 0 0.000
42701.00 1523.67 100.138999 0.0000000000000000 0.000000 262.403581 -1139447.963386 30.421790 125.855258 -20.043243 1503.865245 -5.291 -5.291 0.000000 3.291687 0.000 0 0.000
42601.00 1523.43 100.138999 0.0000000000000000 0.000000 262.403581 -1139752.191383 30.423810 125.862788 -20.050638 1503.795421 -5.297 -5.297 0.000000 3.291468 0.000 0 0.000
42501.00 1523.19 100.138999 0.0000000000000000 0.000000 262.403581 -1140056.439597 30.425833 125.870320 -20.058042 1503.725848 -5.302 -5.302 0.000000 3.291249 0.000 0 0.000
42401.00 1522.95 100.138999 0.0000000000000000 0.000000 262.403581 -1140360.708062 30.427860 125.877854 -20.065453 1503.656528 -5.307 -5.307 0.000000 3.291030 0.000 0 0.000
42301.00 1522.71 100.138999 0.0000000000000000 0.000000 262.403581 -1140664.996812 30.429890 125.885389 -20.072873 1503.587464 -5.312 -5.312 0.000000 3.290810 0.000 0 0.000
42201.00 1522.47 100.138999 0.0000000000000000 0.000000 262.403581 -1140969.305883 30.431924 125.892927 -20.080300 1503.518659 -5.318 -5.318 0.000000 3.290590 0.000 0 0.000
42101.00 1522.23 100.138999 0.0000000000000000 0.000000 262.403581 -1141273.635310 30.433962 125.900466 -20.087736 1503.450114 -5.323 -5.323 0.000000 3.290370 0.000 0 0.000
42001.00 1521.99 100.138999 0.0000000000000000 0.000000 262.403581 -1141577.985127 30.436002 125.908008 -20.095180 1503.381834 -5.328 -5.328 0.000000 3.290150 0.000 0 0.000
41901.00 1521.75 100.138999 0.0000000000000000 0.000000 262.403581 -1141882.355371 30.438047 125.915551 -20.102633 1503.313820 -5.334 -5.334 0.000000 3.289929 0.000 0 0.000
41801.00 1521.51 100.138999 0.0000000000000000 0.000000 262.403581 -1142186.746078 30.440095 125.923097 -20.110094 1503.246075 -5.339 -5.339 0.000000 3.289707 0.000 0 0.000
41701.00 1521.27 100.138999 0.0000000000000000 0.000000 262.403581 -1142491.157284 30.442147 125.930645 -20.117564 1503.178602 -5.344 -5.344 0.000000 3.289485 0.000 0 0.000
41601.00 1521.03 100.138999 0.0000000000000000 0.000000 262.403581 -1142795.589025 30.444202 125.938195 -20.125042 1503.111405 -5.350 -5.350 0.000000 3.289263 0.000 0 0.000
41501.00 1520.79 100.138999 0.0000000000000000 0.000000 262.403581 -1143100.041339 30.446261 125.945747 -20.132530 1503.044485 -5.355 -5.355 0.000000 3.289041 0.000 0 0.000
41401.00 1520.55 100.138999 0.0000000000000000 0.000000 262.403581 -1143404.514263 30.448324 125.953302 -20.140026 1502.977846 -5.360 -5.360 0.000000 3.288818 0.000 0 0.000
41301.00 1520.31 100.138999 0.0000000000000000 0.000000 262.403581 -1143709.007835 30.450391 125.960859 -20.147531 1502.911491 -5.366 -5.366 0.000000 3.288595 0.000 0 0.000
41201.00 1520.07 100.138999 0.0000000000000000 0.000000 262.403581 -1144013.522092 30.452461 125.968419 -20.155045 1502.845424 -5.371 -5.371 0.000000 3.288371 0.000 0 0.000
41101.00 1519.83 100.138999 0.0000000000000000 0.000000 262.403581 -1144318.057073 30.454536 125.975981 -20.162568 1502.779646 -5.377 -5.377 0.000000 3.288147 0.000 0 0.000
41001.00 1519.59 100.138999 0.0000000000000000 0.000000 262.403581 -1144622.612816 30.456614 125.983545 -20.170100 1502.714161 -5.382 -5.382 0.000000 3.287923 0.000 0 0.000
40901.00 1519.35 100.138999 0.0000000000000000 0.000000 262.403581 -1144927.189362 30.458696 125.991112 -20.177642 1502.648973 -5.388 -5.388 0.000000 3.287698 0.000 0 0.000
40801.00 1519.11 100.138999 0.0000000000000000 0.000000 262.403581 -1145231.786748 30.460782 125.998682 -20.185194 1502.584085 -5.393 -5.393 0.000000 3.287473 0.000 0 0.000
40701.00 1518.87 100.138999 0.0000000000000000 0.000000 262.403581 -1145536.405015 30.462872 126.006254 -20.192754 1502.519499 -5.399 -5.399 0.000000 3.287247 0.000 0 0.000
40601.00 1518.63 100.138999 0.0000000000000000 0.000000 262.403581 -1145841.044203 30.464966 126.013830 -20.200325 1502.455220 -5.405 -5.405 0.000000 3.287022 0.000 0 0.000
40501.00 1518.39 100.138999 0.0000000000000000 0.000000 262.403581 -1146145.704353 30.467064 126.021408 -20.207905 1502.391251 -5.410 -5.410 0.000000 3.286795 0.000 0 0.000
40401.00 1518.15 100.138999 0.0000000000000000 0.000000 262.403581 -1146450.385506 30.469167 126.028988 -20.215495 1502.327595 -5.416 -5.416 0.000000 3.286568 0.000 0 0.000
40301.00 1517.90 100.138999 0.0000000000000000 0.000000 262.403581 -1146755.087702 30.471273 126.036572 -20.223095 1502.264257 -5.421 -5.421 0.000000 3.286341 0.000 0 0.000
40201.00 1517.66 100.138999 0.0000000000000000 0.000000 262.403581 -1147059.810984 30.473384 126.044159 -20.230706 1502.201238 -5.427 -5.427 0.000000 3.286114 0.000 0 0.000
40101.00 1517.42 100.138999 0.0000000000000000 0.000000 262.403581 -1147364.555394 30.475499 126.051749 -20.238326 1502.138544 -5.433 -5.433 0.000000 3.285885 0.000 0 0.000
40001.00 1517.18 100.138999 0.0000000000000000 0.000000 262.403581 -1147669.320974 30.477618 126.059342 -20.245957 1502.076177 -5.438 -5.438 0.000000 3.285657 0.000 0 0.000
39901.00 1516.94 100.138999 0.0000000000000000 0.000000 262.403581 -1147974.107767 30.479741 126.066938 -20.253598 1502.014143 -5.444 -5.444 0.000000 3.285428 0.000 0 0.000
39801.00 1516.70 100.138999 0.0000000000000000 0.000000 262.403581 -1148278.915817 30.481869 126.074538 -20.261250 1501.952444 -5.450 -5.450 0.000000 3.285199 0.000 0 0.000
39701.00 1516.45 100.138999 0.0000000000000000 0.000000 262.403581 -1148583.745167 30.484002 126.082141 -20.268912 1501.891084 -5.456 -5.456 0.000000 3.284969 0.000 0 0.000
39601.00 1516.21 100.138999 0.0000000000000000 0.000000 262.403581 -1148888.595863 30.486138 126.089747 -20.276586 1501.830068 -5.461 -5.461 0.000000 3.284739 0.000 0 0.000
39501.00 1515.97 100.138999 0.0000000000000000 0.000000 262.403581 -1149193.467948 30.488279 126.097356 -20.284270 1501.769399 -5.467 -5.467 0.000000 3.284508 0.000 0 0.000
39401.00 1515.73 100.138999 0.0000000000000000 0.000000 262.403581 -1149498.361468 30.490425 126.104970 -20.291965 1501.709082 -5.473 -5.473 0.000000 3.284277 0.000 0 0.000
39301.00 1515.49 100.138999 0.0000000000000000 0.000000 262.403581 -1149803.276468 30.492576 126.112587 -20.299671 1501.649121 -5.479 -5.479 0.000000 3.284045 0.000 0 0.000
39201.00 1515.24 100.138999 0.0000000000000000 0.000000 262.403581 -1150108.212995 30.494731 126.120207 -20.307389 1501.589521 -5.485 -5.485 0.000000 3.283813 0.000 0 0.000
39101.00 1515.00 100.138999 0.0000000000000000 0.000000 262.403581 -1150413.171095 30.496890 126.127831 -20.315118 1501.530284 -5.491 -5.491 0.000000 3.283581 0.000 0 0.000
39001.00 1514.76 100.138999 0.0000000000000000 0.000000 262.403581 -1150718.150816 30.499055 126.135460 -20.322859 1501.471417 -5.496 -5.496 0.000000 3.283348 0.000 0 0.000
38901.00 1514.52 100.138999 0.0000000000000000 0.000000 262.403581 -1151023.152205 30.501224 126.143092 -20.330612 1501.412923 -5.502 -5.502 0.000000 3.283114 0.000 0 0.000
38801.00 1514.27 100.138999 0.0000000000000000 0.000000 262.403581 -1151328.175310 30.503398 126.150728 -20.338376 1501.354807 -5.508 -5.508 0.000000 3.282880 0.000 0 0.000
38701.00 1514.03 100.138999 0.0000000000000000 0.000000 262.403581 -1151633.220179 30.505577 126.158368 -20.346152 1501.297074 -5.514 -5.514 0.000000 3.282646 0.000 0 0.000
38601.00 1513.79 100.138999 0.0000000000000000 0.000000 262.403581 -1151938.286863 30.507761 126.166012 -20.353941 1501.239729 -5.520 -5.520 0.000000 3.282411 0.000 0 0.000
38501.00 1513.54 100.138999 0.0000000000000000 0.000000 262.403581 -1152243.375411 30.509950 126.173661 -20.361742 1501.182776 -5.526 -5.526 0.000000 3.282175 0.000 0 0.000
38401.00 1513.30 100.138999 0.0000000000000000 0.000000 262.403581 -1152548.485872 30.512144 126.181314 -20.369555 1501.126221 -5.532 -5.532 0.000000 3.281939 0.000 0 0.000
38301.00 1513.05 100.138999 0.0000000000000000 0.000000 262.403581 -1152853.618299 30.514343 126.188971 -20.377381 1501.070068 -5.538 -5.538 0.000000 3.281703 0.000 0 0.000
38201.00 1512.81 100.138999 0.0000000000000000 0.000000 262.403581 -1153158.772742 30.516547 126.196633 -20.385219 1501.014322 -5.544 -5.544 0.000000 3.281466 0.000 0 0.000
38101.00 1512.57 100.138999 0.0000000000000000 0.000000 262.403581 -1153463.949252 30.518756 126.204300 -20.393071 1500.958989 -5.550 -5.550 0.000000 3.281228 0.000 0 0.000
38001.00 1512.32 100.138999 0.0000000000000000 0.000000 262.403581 -1153769.147884 30.520971 126.211971 -20.400935 1500.904074 -5.557 -5.557 0.000000 3.280990 0.000 0 0.000
37901.00 1512.08 100.138999 0.0000000000000000 0.000000 262.403581 -1154074.368690 30.523191 126.219647 -20.408813 1500.849583 -5.563 -5.563 0.000000 3.280751 0.000 0 0.000
37801.00 1511.83 100.138999 0.0000000000000000 0.000000 262.403581 -1154379.611723 30.525417 126.227328 -20.416704 1500.795521 -5.569 -5.569 0.000000 3.280512 0.000 0 0.000
37701.00 1511.59 100.138999 0.0000000000000000 0.000000 262.403581 -1154684.877038 30.527647 126.235013 -20.424609 1500.741893 -5.575 -5.575 0.000000 3.280272 0.000 0 0.000
37601.00 1511.34 100.138999 0.0000000000000000 0.000000 262.403581 -1154990.164690 30.529884 126.242704 -20.432527 1500.688706 -5.581 -5.581 0.000000 3.280032 0.000 0 0.000
37501.00 1511.10 100.138999 0.0000000000000000 0.000000 262.403581 -1155295.474736 30.532126 126.250401 -20.440460 1500.635965 -5.588 -5.588 0.000000 3.279791 0.000 0 0.000
37401.00 1510.85 100.138999 0.0000000000000000 0.000000 262.403581 -1155600.807230 30.534374 126.258102 -20.448406 1500.583677 -5.594 -5.594 0.000000 3.279550 0.000 0 0.000
37301.00 1510.61 100.138999 0.0000000000000000 0.000000 262.403581 -1155906.162230 30.536627 126.265809 -20.456367 1500.531846 -5.600 -5.600 0.000000 3.279308 0.000 0 0.000
37201.00 1510.36 100.138999 0.0000000000000000 0.000000 262.403581 -1156211.539794 30.538887 126.273521 -20.464342 1500.480480 -5.606 -5.606 0.000000 3.279065 0.000 0 0.000
37101.00 1510.12 100.138999 0.0000000000000000 0.000000 262.403581 -1156516.939980 30.541152 126.281239 -20.472332 1500.429585 -5.613 -5.613 0.000000 3.278822 0.000 0 0.000
37001.00 1509.87 100.138999 0.0000000000000000 0.000000 262.403581 -1156822.362847 30.543423 126.288963 -20.480336 1500.379168 -5.619 -5.619 0.000000 3.278578 0.000 0 0.000
36901.00 1509.63 100.138999 0.0000000000000000 0.000000 262.403581 -1157127.808455 30.545700 126.296692 -20.488356 1500.329233 -5.626 -5.626 0.000000 3.278334 0.000 0 0.000
36801.00 1509.38 100.138999 0.0000000000000000 0.000000 262.403581 -1157433.276865 30.547983 126.304428 -20.496391 1500.279790 -5.632 -5.632 0.000000 3.278089 0.000 0 0.000
36701.00 1509.13 100.138999 0.0000000000000000 0.000000 262.403581 -1157738.768137 30.550272 126.312169 -20.504441 1500.230844 -5.638 -5.638 0.000000 3.277843 0.000 0 0.000
36601.00 1508.89 100.138999 0.0000000000000000 0.000000 262.403581 -1158044.282334 30.552568 126.319917 -20.512507 1500.182402 -5.645 -5.645 0.000000 3.277597 0.000 0 0.000
36501.00 1508.64 100.138999 0.0000000000000000 0.000000 262.403581 -1158349.819518 30.554870 126.327671 -20.520589 1500.134471 -5.651 -5.651 0.000000 3.277350 0.000 0 0.000
36401.00 1508.39 100.138999 0.0000000000000000 0.000000 262.403581 -1158655.379754 30.557178 126.335432 -20.528686 1500.087059 -5.658 -5.658 0.000000 3.277102 0.000 0 0.000
36301.00 1508.15 100.138999 0.0000000000000000 0.000000 262.403581 -1158960.963105 30.559493 126.343199 -20.536800 1500.040173 -5.664 -5.664 0.000000 3.276854 0.000 0 0.000
36201.00 1507.90 100.138999 0.0000000000000000 0.000000 262.403581 -1159266.569637 30.561814 126.350973 -20.544931 1499.993820 -5.671 -5.671 0.000000 3.276605 0.000 0 0.000
36101.00 1507.65 100.138999 0.0000000000000000 0.000000 262.403581 -1159572.199416 30.564142 126.358754 -20.553078 1499.948009 -5.678 -5.678 0.000000 3.276356 0.000 0 0.000
36001.00 1507.41 100.138999 0.0000000000000000 0.000000 262.403581 -1159877.852509 30.566477 126.366541 -20.561242 1499.902747 -5.684 -5.684 0.000000 3.276105 0.000 0 0.000
35901.00 1507.16 100.138999 0.0000000000000000 0.000000 262.403581 -1160183.528983 30.568819 126.374336 -20.569423 1499.858042 -5.691 -5.691 0.000000 3.275854 0.000 0 0.000
35801.00 1506.91 100.138999 0.0000000000000000 0.000000 262.403581 -1160489.228908 30.571167 126.382138 -20.577622 1499.813902 -5.698 -5.698 0.000000 3.275603 0.000 0 0.000
35701.00 1506.66 100.138999 0.0000000000000000 0.000000 262.403581 -1160794.952352 30.573523 126.389948 -20.585839 1499.770335 -5.704 -5.704 0.000000 3.275350 0.000 0 0.000
35601.00 1506.41 100.138999 0.0000000000000000 0.000000 262.403581 -1161100.699387 30.575885 126.397765 -20.594073 1499.727351 -5.711 -5.711 0.000000 3.275097 0.000 0 0.000
35501.00 1506.16 100.138999 0.0000000000000000 0.000000 262.403581 -1161406.470084 30.578255 126.405590 -20.602325 1499.684958 -5.718 -5.718 0.000000 3.274843 0.000 0 0.000
35401.00 1505.92 100.138999 0.0000000000000000 0.000000 262.403581 -1161712.264515 30.580632 126.413423 -20.610596 1499.643164 -5.725 -5.725 0.000000 3.274589 0.000 0 0.000
35301.00 1505.67 100.138999 0.0000000000000000 0.000000 262.403581 -1162018.082754 30.583017 126.421263 -20.618886 1499.601979 -5.732 -5.732 0.000000 3.274334 0.000 0 0.000
35201.00 1505.42 100.138999 0.0000000000000000 0.000000 262.403581 -1162323.924876 30.585409 126.429112 -20.627194 1499.561411 -5.738 -5.738 0.000000 3.274078 0.000 0 0.000
35101.00 1505.17 100.138999 0.0000000000000000 0.000000 262.403581 -1162629.790955 30.587808 126.436970 -20.635522 1499.521472 -5.745 -5.745 0.000000 3.273821 0.000 0 0.000
35001.00 1504.92 100.138999 0.0000000000000000 0.000000 262.403581 -1162935.681068 30.590216 126.444835 -20.643869 1499.482169 -5.752 -5.752 0.000000 3.273563 0.000 0 0.000
34901.00 1504.67 100.138999 0.0000000000000000 0.000000 262.403581 -1163241.595294 30.592631 126.452710 -20.652236 1499.443513 -5.759 -5.759 0.000000 3.273305 0.000 0 0.000
34801.00 1504.42 100.138999 0.0000000000000000 0.000000 262.403581 -1163547.533710 30.595054 126.460593 -20.660623 1499.405514 -5.766 -5.766 0.000000 3.273045 0.000 0 0.000
34701.00 1504.17 100.138999 0.0000000000000000 0.000000 262.403581 -1163853.496396 30.597485 126.468486 -20.669030 1499.368183 -5.773 -5.773 0.000000 3.272785 0.000 0 0.000
34601.00 1503.92 100.138999 0.0000000000000000 0.000000 262.403581 -1164159.483434 30.599924 126.476388 -20.677458 1499.331529 -5.780 -5.780 0.000000 3.272524 0.000 0 0.000
34501.00 1503.67 100.138999 0.0000000000000000 0.000000 262.403581 -1164465.494905 30.602372 126.484299 -20.685907 1499.295564 -5.787 -5.787 0.000000 3.272263 0.000 0 0.000
34401.00 1503.41 100.138999 0.0000000000000000 0.000000 262.403581 -1164771.530892 30.604827 126.492220 -20.694377 1499.260298 -5.795 -5.795 0.000000 3.272000 0.000 0 0.000
34301.00 1503.16 100.138999 0.0000000000000000 0.000000 262.403581 -1165077.591482 30.607292 126.500150 -20.702869 1499.225743 -5.802 -5.802 0.000000 3.271737 0.000 0 0.000
34201.00 1502.91 100.138999 0.0000000000000000 0.000000 262.403581 -1165383.676758 30.609765 126.508091 -20.711383 1499.191911 -5.809 -5.809 0.000000 3.271472 0.000 0 0.000
34101.00 1502.66 100.138999 0.0000000000000000 0.000000 262.403581 -1165689.786808 30.612247 126.516042 -20.719919 1499.158812 -5.816 -5.816 0.000000 3.271207 0.000 0 0.000
34001.00 1502.41 100.138999 0.0000000000000000 0.000000 262.403581 -1165995.921721 30.614737 126.524004 -20.728478 1499.126459 -5.823 -5.823 0.000000 3.270941 0.000 0 0.000
33901.00 1502.15 100.138999 0.0000000000000000 0.000000 262.403581 -1166302.081585 30.617237 126.531976 -20.737060 1499.094864 -5.831 -5.831 0.000000 3.270674 0.000 0 0.000
33801.00 1501.90 100.138999 0.0000000000000000 0.000000 262.403581 -1166608.266493 30.619746 126.539959 -20.745665 1499.064040 -5.838 -5.838 0.000000 3.270406 0.000 0 0.000
33701.00 1501.64 100.138999 0.0000066819406577 0.000007 262.403581 -1166914.476540 30.622268 126.548163 -20.754726 1499.033680 -8.006 -8.006 3.093400 3.270138 -0.242 0 0.000
33601.00 1501.37 100.138999 0.0000388025069658 0.000041 262.403581 -1167220.711933 30.624813 126.557180 -20.765462 1499.003184 -8.005 -8.005 3.092225 3.269872 -0.238 0 0.000
33501.00 1501.10 100.138999 0.0000717443735864 0.000076 262.403581 -1167526.972829 30.627368 126.566234 -20.776284 1498.973939 -8.004 -8.004 3.091051 3.269606 -0.235 0 0.000
33401.00 1500.83 100.138999 0.0001055181642882 0.000112 262.403581 -1167833.259335 30.629935 126.575326 -20.787194 1498.945977 -8.004 -8.004 3.089880 3.269338 -0.232 0 0.000
33301.00 1500.56 100.138999 0.0001401347213235 0.000148 262.403581 -1168139.571562 30.632512 126.584456 -20.798192 1498.919330 -8.003 -8.003 3.088710 3.269070 -0.228 0 0.000
33201.00 1500.29 100.138999 0.0001756051103592 0.000186 262.403581 -1168445.909622 30.635101 126.593626 -20.809281 1498.894031 -8.002 -8.002 3.087542 3.268800 -0.225 0 0.000
33101.00 1500.02 100.138999 0.0002119406258295 0.000224 262.403581 -1168752.273628 30.637702 126.602835 -20.820462 1498.870114 -8.001 -8.001 3.086376 3.268530 -0.221 0 0.000
33001.00 1499.74 100.138999 0.0002491527940840 0.000264 262.403581 -1169058.663696 30.640314 126.612085 -20.831736 1498.847614 -8.000 -8.000 3.085211 3.268259 -0.218 0 0.000
32901.00 1499.47 100.138999 0.0002872533875085 0.000304 262.403581 -1169365.079943 30.642938 126.621375 -20.843105 1498.826567 -7.999 -7.999 3.084049 3.267987 -0.214 0 0.000
32801.00 1499.19 100.138999 0.0003262544152939 0.000346 262.403581 -1169671.522491 30.645574 126.630707 -20.854570 1498.807006 -7.998 -7.998 3.082888 3.267714 -0.211 0 0.000
32701.00 1498.92 100.138999 0.0003661681403370 0.000388 262.403581 -1169977.991459 30.648222 126.640081 -20.866134 1498.788970 -7.996 -7.996 3.081730 3.267439 -0.207 0 0.000
32601.00 1498.64 100.138999 0.0004070070824021 0.000432 262.403581 -1170284.486973 30.650883 126.649498 -20.877798 1498.772496 -7.995 -7.995 3.080573 3.267164 -0.203 0 0.000
32501.00 1498.36 100.138999 0.0004487840259800 0.000476 262.403581 -1170591.009158 30.653556 126.658959 -20.889563 1498.757620 -7.994 -7.994 3.079418 3.266888 -0.200 0 0.000
32401.00 1498.09 100.138999 0.0004915120201535 0.000522 262.403581 -1170897.558143 30.656243 126.668464 -20.901432 1498.744382 -7.992 -7.992 3.078265 3.266611 -0.196 0 0.000
32301.00 1497.81 100.138999 0.0005352043921295 0.000568 262.403581 -1171204.134058 30.658942 126.678014 -20.913405 1498.732820 -7.991 -7.991 3.077115 3.266332 -0.192 0 0.000
32201.00 1497.53 100.138999 0.0005798747500769 0.000616 262.403581 -1171510.737036 30.661655 126.687610 -20.925486 1498.722975 -7.990 -7.990 3.075966 3.266053 -0.189 0 0.000
32101.00 1497.25 100.138999 0.0006255369907499 0.000664 262.403581 -1171817.367213 30.664382 126.697252 -20.937675 1498.714888 -7.988 -7.988 3.074819 3.265772 -0.185 0 0.000
32001.00 1496.97 100.138999 0.0006722053056006 0.000714 262.403581 -1172124.024726 30.667123 126.706942 -20.949975 1498.708599 -7.987 -7.987 3.073674 3.265491 -0.181 0 0.000
31901.00 1496.69 100.138999 0.0007198941915237 0.000765 262.403581 -1172430.709716 30.669878 126.716680 -20.962387 1498.704152 -7.985 -7.985 3.072532 3.265208 -0.178 0 0.000
31801.00 1496.40 100.138999 0.0007686184508786 0.000817 262.403581 -1172737.422326 30.672647 126.726466 -20.974914 1498.701589 -7.983 -7.983 3.071391 3.264924 -0.174 0 0.000
31701.00 1496.12 100.138999 0.0008183932054481 0.000870 262.403581 -1173044.162700 30.675431 126.736302 -20.987558 1498.700954 -7.982 -7.982 3.070253 3.264638 -0.170 0 0.000
31601.00 1495.83 100.138999 0.0008692339042323 0.000924 262.403581 -1173350.930986 30.678229 126.746189 -21.000320 1498.702291 -7.980 -7.980 3.069116 3.264352 -0.166 0 0.000
31501.00 1495.55 100.138999 0.0009211563244805 0.000980 262.403581 -1173657.727336 30.681043 126.756127 -21.013202 1498.705648 -7.978 -7.978 3.067982 3.264064 -0.163 0 0.000
31401.00 1495.26 100.138999 0.0009741765878747 0.001037 262.403581 -1173964.551903 30.683873 126.766117 -21.026208 1498.711069 -7.977 -7.977 3.066850 3.263775 -0.159 0 0.000
31301.00 1494.98 100.138999 0.0010283111636399 0.001095 262.403581 -1174271.404843 30.686718 126.776161 -21.039339 1498.718603 -7.975 -7.975 3.065720 3.263485 -0.155 0 0.000
31201.00 1494.69 100.138999 0.0010835768784593 0.001154 262.403581 -1174578.286316 30.689579 126.786258 -21.052597 1498.728297 -7.973 -7.973 3.064592 3.263193 -0.151 0 0.000
31101.00 1494.40 100.138999 0.0011399909283586 0.001214 262.403581 -1174885.196483 30.692457 126.796411 -21.065984 1498.740202 -7.971 -7.971 3.063466 3.262900 -0.147 0 0.000
31001.00 1494.11 100.138999 0.0011975708792003 0.001276 262.403581 -1175192.135510 30.695351 126.806619 -21.079504 1498.754367 -7.969 -7.969 3.062343 3.262606 -0.143 0 0.000
30901.00 1493.82 100.138999 0.0012563346875689 0.001339 262.403581 -1175499.103565 30.698263 126.816885 -21.093158 1498.770843 -7.967 -7.967 3.061221 3.262310 -0.139 0 0.000
30801.00 1493.53 100.138999 0.0013163006968650 0.001403 262.403581 -1175806.100820 30.701191 126.827208 -21.106949 1498.789684 -7.965 -7.965 3.060102 3.262013 -0.135 0 0.000
30701.00 1493.24 100.138999 0.0013774876601365 0.001469 262.403581 -1176113.127450 30.704138 126.837590 -21.120879 1498.810942 -7.964 -7.964 3.058986 3.261715 -0.131 0 0.000
30601.00 1492.94 100.138999 0.0014399147395543 0.001536 262.403581 -1176420.183632 30.707102 126.848033 -21.134950 1498.834671 -7.962 -7.962 3.057871 3.261415 -0.128 0 0.000
30501.00 1492.65 100.138999 0.0015036015216726 0.001604 262.403581 -1176727.269549 30.710085 126.858536 -21.149167 1498.860928 -7.960 -7.960 3.056759 3.261113 -0.124 0 0.000
30401.00 1492.35 100.138999 0.0015685680264452 0.001674 262.403581 -1177034.385385 30.713086 126.869102 -21.163530 1498.889769 -7.958 -7.958 3.055649 3.260810 -0.120 0 0.000
30301.00 1492.06 100.138999 0.0016348347180062 0.001745 262.403581 -1177341.531329 30.716106 126.879731 -21.178044 1498.921252 -7.956 -7.956 3.054542 3.260506 -0.115 0 0.000
30201.00 1491.76 100.138999 0.0017024225154309 0.001817 262.403581 -1177648.707573 30.719146 126.890424 -21.192710 1498.955436 -7.954 -7.954 3.053437 3.260199 -0.111 0 0.000
30101.00 1491.46 100.138999 0.0017713527992562 0.001892 262.403581 -1177955.914314 30.722206 126.901183 -21.207532 1498.992381 -7.952 -7.952 3.052334 3.259892 -0.107 0 0.000
30001.00 1491.16 100.138999 0.0018416474328420 0.001967 262.403581 -1178263.151751 30.725285 126.912009 -21.222512 1499.032149 -7.950 -7.950 3.051234 3.259582 -0.103 0 0.000
29901.00 1490.86 100.138999 0.0019133287645524 0.002044 262.403581 -1178570.420089 30.728386 126.922903 -21.237654 1499.074803 -7.948 -7.948 3.050136 3.259271 -0.099 0 0.000
29801.00 1490.56 100.138999 0.0019864196395039 0.002123 262.403581 -1178877.719535 30.731507 126.933867 -21.252960 1499.120408 -7.946 -7.946 3.049040 3.258958 -0.095 0 0.000
29701.00 1490.26 100.138999 0.0020609434212586 0.002203 262.403581 -1179185.050302 30.734650 126.944901 -21.268434 1499.169027 -7.944 -7.944 3.047947 3.258643 -0.091 0 0.000
29601.00 1489.95 100.138999 0.0021369239923886 0.002285 262.403581 -1179492.412605 30.737815 126.956007 -21.284080 1499.220730 -7.942 -7.942 3.046856 3.258327 -0.087 0 0.000
29501.00 1489.65 100.138999 0.0022143857716140 0.002368 262.403581 -1179799.806666 30.741001 126.967186 -21.299899 1499.275584 -7.940 -7.940 3.045768 3.258009 -0.083 0 0.000
29401.00 1489.34 100.138999 0.0022933537275395 0.002453 262.403581 -1180107.232711 30.744211 126.978441 -21.315896 1499.333659 -7.938 -7.938 3.044683 3.257689 -0.078 0 0.000
29301.00 1489.04 100.138999 0.0023738533897101 0.002540 262.403581 -1180414.690968 30.747444 126.989771 -21.332075 1499.395027 -7.936 -7.936 3.043600 3.257367 -0.074 0 0.000
29201.00 1488.73 100.138999 0.0024559108619712 0.002629 262.403581 -1180722.181672 30.750701 127.001180 -21.348437 1499.459761 -7.934 -7.934 3.042519 3.257043 -0.070 0 0.000
29101.00 1488.42 100.138999 0.0025395528357206 0.002719 262.403581 -1181029.705064 30.753982 127.012667 -21.364989 1499.527936 -7.932 -7.932 3.041441 3.256716 -0.066 0 0.000
29001.00 1488.11 100.138999 0.0026248066027899 0.002811 262.403581 -1181337.261387 30.757287 127.024235 -21.381732 1499.599628 -7.930 -7.930 3.040366 3.256388 -0.061 0 0.000
28901.00 1487.79 100.138999 0.0027117000725959 0.002905 262.403581 -1181644.850892 30.760618 127.035886 -21.398671 1499.674916 -7.929 -7.929 3.039293 3.256058 -0.057 0 0.000
28801.00 1487.48 100.138999 0.0028002617744479 0.003000 262.403581 -1181952.473832 30.763974 127.047620 -21.415810 1499.753879 -7.927 -7.927 3.038223 3.255726 -0.053 0 0.000
28701.00 1487.17 100.138999 0.0028905208901564 0.003098 262.403581 -1182260.130468 30.767357 127.059440 -21.433152 1499.836599 -7.925 -7.925 3.037155 3.255392 -0.048 0 0.000
28601.00 1486.85 100.138999 0.0029825072527113 0.003197 262.403581 -1182567.821066 30.770767 127.071347 -21.450702 1499.923161 -7.923 -7.923 3.036090 3.255055 -0.044 0 0.000
28501.00 1486.53 100.138999 0.0030762513617774 0.003298 262.403581 -1182875.545898 30.774204 127.083344 -21.468464 1500.013649 -7.922 -7.922 3.035028 3.254716 -0.040 0 0.000
28401.00 1486.21 100.138999 0.0031717844093480 0.003401 262.403581 -1183183.305240 30.777669 127.095431 -21.486443 1500.108152 -7.920 -7.920 3.033968 3.254375 -0.035 0 0.000
28301.00 1485.89 100.138999 0.0032691382812140 0.003507 262.403581 -1183491.099376 30.781163 127.107611 -21.504641 1500.206759 -7.919 -7.919 3.032911 3.254031 -0.031 0 0.000
28201.00 1485.57 100.138999 0.0033683455783280 0.003614 262.403581 -1183798.928595 30.784686 127.119886 -21.523066 1500.309562 -7.917 -7.917 3.031857 3.253685 -0.026 0 0.000
28101.00 1485.25 100.138999 0.0034694396289356 0.003723 262.403581 -1184106.793194 30.788239 127.132257 -21.541719 1500.416657 -7.916 -7.916 3.030805 3.253337 -0.022 0 0.000
28001.00 1484.93 100.138999 0.0035724545045501 0.003835 262.403581 -1184414.693475 30.791822 127.144726 -21.560608 1500.528138 -7.914 -7.914 3.029757 3.252986 -0.017 0 0.000
27901.00 1484.60 100.138999 0.0036774250336858 0.003948 262.403581 -1184722.629747 30.795437 127.157297 -21.579736 1500.644104 -7.913 -7.913 3.028711 3.252632 -0.013 0 0.000
27801.00 1484.27 100.138999 0.0037843868141753 0.004064 262.403581 -1185030.602326 30.799084 127.169969 -21.599108 1500.764658 -7.912 -7.912 3.027667 3.252276 -0.008 0 0.000
27701.00 1483.94 100.138999 0.0038933762332282 0.004182 262.403581 -1185338.611536 30.802763 127.182747 -21.618729 1500.889903 -7.911 -7.911 3.026627 3.251917 -0.004 0 0.000
27601.00 1483.61 100.138999 0.0040044304748758 0.004302 262.403581 -1185646.657706 30.806476 127.195631 -21.638605 1501.019945 -7.910 -7.910 3.025589 3.251555 0.001 0 0.000
27501.00 1483.28 100.138999 0.0041175875406423 0.004425 262.403581 -1185954.741176 30.810223 127.208625 -21.658741 1501.154894 -7.909 -7.909 3.024554 3.251190 0.005 0 0.000
27401.00 1482.95 100.138999 0.0042328862554843 0.004550 262.403581 -1186262.862290 30.814005 127.221731 -21.679142 1501.294860 -7.908 -7.908 3.023522 3.250823 0.010 0 0.000
27301.00 1482.61 100.138999 0.0043503662884381 0.004677 262.403581 -1186571.021404 30.817823 127.234950 -21.699815 1501.439960 -7.908 -7.908 3.022493 3.250452 0.014 0 0.000
27201.00 1482.28 100.138999 0.0044700681621534 0.004807 262.403581 -1186879.218878 30.821678 127.248286 -21.720764 1501.590310 -7.907 -7.907 3.021467 3.250078 0.019 0 0.000
27101.00 1481.94 100.138999 0.0045920332661788 0.004939 262.403581 -1187187.455085 30.825570 127.261741 -21.741997 1501.746031 -7.907 -7.907 3.020443 3.249702 0.024 0 0.000
27001.00 1481.60 100.138999 0.0047163038688302 0.005074 262.403581 -1187495.730403 30.829500 127.275317 -21.763518 1501.907248 -7.906 -7.906 3.019423 3.249322 0.028 0 0.000
26901.00 1481.25 100.138999 0.0048429231297825 0.005211 262.403581 -1187804.045221 30.833470 127.289017 -21.785334 1502.074087 -7.906 -7.906 3.018405 3.248938 0.033 0 0.000
26801.00 1480.91 100.138999 0.0049719351092782 0.005351 262.403581 -1188112.399937 30.837480 127.302845 -21.807452 1502.246679 -7.906 -7.906 3.017390 3.248551 0.038 0 0.000
26701.00 1480.56 100.138999 0.0051033847784849 0.005493 262.403581 -1188420.794958 30.841531 127.316802 -21.829877 1502.425158 -7.906 -7.906 3.016378 3.248161 0.042 0 0.000
26601.00 1480.22 100.138999 0.0052373180294018 0.005639 262.403581 -1188729.230703 30.845625 127.330891 -21.852618 1502.609662 -7.907 -7.907 3.015369 3.247768 0.047 0 0.000
26501.00 1479.87 100.138999 0.0053737816832160 0.005787 262.403581 -1189037.707598 30.849762 127.345116 -21.875680 1502.800332 -7.907 -7.907 3.014363 3.247370 0.052 0 0.000
26401.00 1479.52 100.138999 0.0055128234908493 0.005938 262.403581 -1189346.226083 30.853943 127.359480 -21.899071 1502.997313 -7.908 -7.908 3.013360 3.246969 0.057 0 0.000
26301.00 1479.16 100.138999 0.0056544921506048 0.006091 262.403581 -1189654.786607 30.858170 127.373986 -21.922797 1503.200756 -7.908 -7.908 3.012360 3.246564 0.062 0 0.000
26201.00 1478.81 100.138999 0.0057988373002614 0.006248 262.403581 -1189963.389630 30.862443 127.388636 -21.946868 1503.410812 -7.909 -7.909 3.011362 3.246155 0.066 0 0.000
26101.00 1478.45 100.138999 0.0059459095242903 0.006408 262.403581 -1190272.035625 30.866764 127.403434 -21.971289 1503.627641 -7.910 -7.910 3.010368 3.245742 0.071 0 0.000
26001.00 1478.09 100.138999 0.0060957603525939 0.006571 262.403581 -1190580.725076 30.871134 127.418385 -21.996069 1503.851404 -7.912 -7.912 3.009377 3.245325 0.076 0 0.000
25901.00 1477.73 100.138999 0.0062484422616577 0.006736 262.403581 -1190889.458480 30.875555 127.433490 -22.021216 1504.082268 -7.913 -7.913 3.008388 3.244903 0.081 0 0.000
25801.00 1477.36 100.138999 0.0064040086633547 0.006905 262.403581 -1191198.236348 30.880027 127.448754 -22.046738 1504.320405 -7.915 -7.915 3.007403 3.244477 0.086 0 0.000
25701.00 1477.00 100.138999 0.0065625139043207 0.007078 262.403581 -1191507.059202 30.884553 127.464180 -22.072643 1504.565992 -7.917 -7.917 3.006420 3.244047 0.091 0 0.000
25601.00 1476.63 100.138999 0.0067240132522940 0.007253 262.403581 -1191815.927580 30.889132 127.479772 -22.098941 1504.819211 -7.919 -7.919 3.005440 3.243612 0.096 0 0.000
25501.00 1476.26 100.138999 0.0068885628851622 0.007432 262.403581 -1192124.842034 30.893768 127.495534 -22.125640 1505.080248 -7.922 -7.922 3.004464 3.243172 0.101 0 0.000
25401.00 1475.88 100.138999 0.0070562198692294 0.007614 262.403581 -1192433.803128 30.898461 127.511471 -22.152749 1505.349296 -7.924 -7.924 3.003490 3.242727 0.106 0 0.000
25301.00 1475.51 100.138999 0.0072270421429076 0.007800 262.403581 -1192742.811447 30.903213 127.527585 -22.180278 1505.626554 -7.927 -7.927 3.002519 3.242277 0.111 0 0.000
25201.00 1475.13 100.138999 0.0074010884881967 0.007989 262.403581 -1193051.867586 30.908025 127.543882 -22.208236 1505.912226 -7.931 -7.931 3.001551 3.241822 0.116 0 0.000
25101.00 1474.75 100.138999 0.0075784185020648 0.008182 262.403581 -1193360.972160 30.912900 127.560365 -22.236633 1506.206522 -7.934 -7.934 3.000586 3.241362 0.121 0 0.000
25001.00 1474.36 100.138999 0.0077590925556522 0.008378 262.403581 -1193670.125801 30.917839 127.577040 -22.265479 1506.509660 -7.938 -7.938 2.999624 3.240896 0.126 0 0.000
24901.00 1473.98 100.138999 0.0079431717592593 0.008578 262.403581 -1193979.329158 30.922844 127.593910 -22.294785 1506.821864 -7.942 -7.942 2.998665 3.240424 0.131 0 0.000
24801.00 1473.59 100.138999 0.0081307179079016 0.008782 262.403581 -1194288.582898 30.927916 127.610981 -22.324560 1507.143363 -7.946 -7.946 2.997708 3.239947 0.136 0 0.000
24701.00 1473.19 100.138999 0.0083217934264637 0.008990 262.403581 -1194597.887708 30.933058 127.628258 -22.354816 1507.474396 -7.951 -7.951 2.996755 3.239463 0.141 0 0.000
24601.00 1472.80 100.138999 0.0085164613065363 0.009201 262.403581 -1194907.244294 30.938272 127.645744 -22.385565 1507.815208 -7.956 -7.956 2.995804 3.238973 0.146 0 0.000
24501.00 1472.40 100.138999 0.0087147850332881 0.009417 262.403581 -1195216.653385 30.943559 127.663447 -22.416817 1508.166052 -7.961 -7.961 2.994857 3.238477 0.151 0 0.000
24401.00 1472.00 100.138999 0.0089168285011847 0.009637 262.403581 -1195526.115727 30.948922 127.681370 -22.448584 1508.527188 -7.967 -7.967 2.993912 3.237973 0.157 0 0.000
24301.00 1471.60 100.138999 0.0091226559222404 0.009861 262.403581 -1195835.632094 30.954364 127.699519 -22.480878 1508.898887 -7.973 -7.973 2.992970 3.237464 0.162 0 0.000
24201.00 1471.19 100.138999 0.0093323317201899 0.010089 262.403581 -1196145.203278 30.959886 127.717900 -22.513711 1509.281426 -7.980 -7.980 2.992031 3.236947 0.167 0 0.000
24101.00 1470.78 100.138999 0.0095459204109687 0.010321 262.403581 -1196454.830097 30.965492 127.736519 -22.547096 1509.675092 -7.987 -7.987 2.991094 3.236422 0.172 0 0.000
24001.00 1470.37 100.138999 0.0097634864734962 0.010557 262.403581 -1196764.513397 30.971183 127.755381 -22.581046 1510.080183 -7.994 -7.994 2.990161 3.235890 0.178 0 0.000
23901.00 1469.95 100.138999 0.0099850941985936 0.010798 262.403581 -1197074.254045 30.976962 127.774494 -22.615574 1510.497005 -8.002 -8.002 2.989230 3.235350 0.183 0 0.000
23801.00 1469.53 100.138999 0.0102108075233354 0.011044 262.403581 -1197384.052939 30.982832 127.793862 -22.650693 1510.925873 -8.010 -8.010 2.988302 3.234803 0.188 0 0.000
23701.00 1469.10 100.117676 0.0102283683268342 0.011064 262.340613 -1197465.117141 30.981652 127.779919 -22.664226 1510.888389 -8.019 -8.019 2.987377 3.234247 0.194 0 0.000
23601.00 1468.68 100.094581 0.0102309169456085 0.011068 262.272437 -1197526.948709 30.979962 127.763397 -22.676328 1510.820366 -8.028 -8.028 2.986457 3.233682 0.199 0 0.000
23501.00 1468.25 100.071234 0.0102334628002585 0.011073 262.203539 -1197585.836624 30.978275 127.746689 -22.688576 1510.755993 -8.037 -8.037 2.985541 3.233109 0.204 0 0.000
23401.00 1467.82 100.047635 0.0102360031941733 0.011077 262.133921 -1197641.781268 30.976594 127.729799 -22.700977 1510.695552 -8.047 -8.047 2.984629 3.232528 0.210 0 0.000
23301.00 1467.38 100.023785 0.0102385351650209 0.011081 262.063587 -1197694.786039 30.974921 127.712734 -22.713538 1510.639343 -8.058 -8.058 2.983721 3.231937 0.215 0 0.000
23201.00 1466.94 99.999685 0.0102410554605252 0.011085 261.992539 -1197744.857645 30.973261 127.695501 -22.726268 1510.587686 -8.069 -8.069 2.982817 3.231336 0.221 0 0.000
23101.00 1466.50 99.975336 0.0102435605050573 0.011089 261.920783 -1197792.006432 30.971616 127.678106 -22.739174 1510.540918 -8.081 -8.081 2.981918 3.230725 0.226 0 0.000
23001.00 1466.05 99.950740 0.0102460463764249 0.011093 261.848325 -1197836.246748 30.969992 127.660558 -22.752267 1510.499400 -8.093 -8.093 2.981022 3.230104 0.232 0 0.000
22901.00 1465.60 99.925899 0.0102485087760806 0.011096 261.775171 -1197877.597335 30.968392 127.642866 -22.765556 1510.463515 -8.106 -8.106 2.980131 3.229473 0.237 0 0.000
22801.00 1465.15 99.900816 0.0102509429741708 0.011100 261.701330 -1197916.081747 30.966821 127.625039 -22.779051 1510.433671 -8.119 -8.119 2.979244 3.228830 0.243 0 0.000
22701.00 1464.69 99.875493 0.0102533437975518 0.011104 261.626812 -1197951.728843 30.965284 127.607089 -22.792763 1510.410302 -8.133 -8.133 2.978362 3.228176 0.248 0 0.000
22601.00 1464.23 99.849935 0.0102557055653690 0.011107 261.551627 -1197984.573281 30.963786 127.589027 -22.806703 1510.393870 -8.147 -8.147 2.977483 3.227510 0.254 0 0.000
22501.00 1463.77 99.824145 0.0102580220493231 0.011111 261.475788 -1198014.656090 30.962334 127.570865 -22.820883 1510.384867 -8.163 -8.163 2.976609 3.226831 0.259 0 0.000
22401.00 1463.30 99.798128 0.0102602864199750 0.011114 261.399311 -1198042.025289 30.960933 127.552619 -22.835317 1510.383818 -8.179 -8.179 2.975739 3.226140 0.265 0 0.000
22301.00 1462.83 99.771889 0.0102624911864348 0.011117 261.322212 -1198066.736561 30.959591 127.534303 -22.850017 1510.391284 -8.195 -8.195 2.974874 3.225434 0.271 0 0.000
22201.00 1462.37 99.745435 0.0103274013278509 0.011189 261.244510 -1198088.851678 30.956921 127.515230 -22.865971 1510.298956 -8.203 -8.203 2.973934 3.224880 0.276 0 0.000
22101.00 1461.95 99.712449 0.0104566927128592 0.011332 261.147652 -1198039.626912 30.949335 127.484669 -22.877436 1509.847682 -8.192 -8.192 2.972841 3.224650 0.282 0 0.000
22001.00 1461.53 99.666451 0.0104609194307833 0.011340 261.012628 -1197848.420676 30.937384 127.433753 -22.875487 1509.101165 -8.181 -8.181 2.971750 3.224419 0.287 0 0.000
21901.00 1461.11 99.620049 0.0104652176432243 0.011348 260.876455 -1197652.314607 30.925309 127.382320 -22.873442 1508.348645 -8.170 -8.170 2.970662 3.224188 0.293 0 0.000
21801.00 1460.68 99.573235 0.0104695891558237 0.011356 260.739115 -1197451.228608 30.913106 127.330362 -22.871300 1507.590027 -8.159 -8.159 2.969577 3.223957 0.298 0 0.000
21701.00 1460.26 99.526005 0.0104740358355059 0.011364 260.600590 -1197245.080624 30.900775 127.277870 -22.869058 1506.825211 -8.148 -8.148 2.968495 3.223726 0.304 0 0.000
21601.00 1459.83 99.478349 0.0104785595940510 0.011373 260.460859 -1197033.786569 30.888312 127.224835 -22.866716 1506.054097 -8.136 -8.136 2.967415 3.223495 0.310 0 0.000
21501.00 1459.40 99.430262 0.0104831624146129 0.011381 260.319904 -1196817.260284 30.875716 127.171250 -22.864272 1505.276581 -8.125 -8.125 2.966338 3.223263 0.315 0 0.000
21401.00 1458.97 99.381736 0.0104878463355968 0.011389 260.177703 -1196595.413460 30.862984 127.117104 -22.861723 1504.492558 -8.114 -8.114 2.965264 3.223031 0.321 0 0.000
21301.00 1458.54 99.332763 0.0104926134601742 0.011398 260.034236 -1196368.155579 30.850114 127.062388 -22.859070 1503.701919 -8.102 -8.102 2.964193 3.222798 0.326 0 0.000
21201.00 1458.10 99.283336 0.0104974659573777 0.011406 259.889481 -1196135.393844 30.837104 127.007092 -22.856309 1502.904554 -8.091 -8.091 2.963125 3.222566 0.332 0 0.000
21101.00 1457.67 99.233447 0.0105024060645523 0.011415 259.743418 -1195897.033113 30.823951 126.951207 -22.853439 1502.100347 -8.079 -8.079 2.962059 3.222333 0.338 0 0.000
21001.00 1457.23 99.183088 0.0105074360898680 0.011423 259.596023 -1195652.975822 30.810653 126.894723 -22.850459 1501.289184 -8.067 -8.067 2.960996 3.222099 0.344 0 0.000
20901.00 1456.79 99.132251 0.0105125584149020 0.011432 259.447272 -1195403.121917 30.797206 126.837628 -22.847367 1500.470945 -8.056 -8.056 2.959936 3.221866 0.349 0 0.000
20801.00 1456.35 99.080926 0.0105177754974905 0.011441 259.297144 -1195147.368768 30.783609 126.779913 -22.844160 1499.645507 -8.044 -8.044 2.958879 3.221632 0.355 0 0.000
20701.00 1455.91 99.029106 0.0105230898744199 0.011450 259.145613 -1194885.611095 30.769859 126.721567 -22.840837 1498.812746 -8.032 -8.032 2.957824 3.221398 0.361 0 0.000
20601.00 1455.47 98.976782 0.0105285041646362 0.011459 258.992655 -1194617.740883 30.755953 126.662578 -22.837396 1497.972533 -8.021 -8.021 2.956772 3.221164 0.367 0 0.000
20501.00 1455.02 98.923944 0.0105340210718860 0.011468 258.838244 -1194343.647297 30.741888 126.602934 -22.833835 1497.124736 -8.009 -8.009 2.955723 3.220929 0.372 0 0.000
20401.00 1454.57 98.870583 0.0105396433885290 0.011478 258.682354 -1194063.216588 30.727661 126.542625 -22.830152 1496.269221 -7.997 -7.997 2.954676 3.220694 0.378 0 0.000
20301.00 1454.12 98.816689 0.0105453739985010 0.011487 258.524958 -1193776.332007 30.713270 126.481637 -22.826345 1495.405849 -7.985 -7.985 2.953632 3.220459 0.384 0 0.000
20201.00 1453.67 98.762253 0.0105512158808468 0.011497 258.366028 -1193482.873703 30.698710 126.419959 -22.822412 1494.534479 -7.973 -7.973 2.952591 3.220224 0.390 0 0.000
20101.00 1453.22 98.707264 0.0105571721135731 0.011506 258.205538 -1193182.718629 30.683979 126.357578 -22.818350 1493.654965 -7.961 -7.961 2.951552 3.219988 0.396 0 0.000
20001.00 1452.76 98.651711 0.0105632458772590 0.011516 258.043456 -1192875.740432 30.669075 126.294480 -22.814157 1492.767158 -7.949 -7.949 2.950516 3.219752 0.402 0 0.000
19901.00 1452.30 98.595585 0.0105694404590564 0.011526 257.879754 -1192561.809352 30.653992 126.230652 -22.809832 1491.870905 -7.937 -7.937 2.949482 3.219515 0.408 0 0.000
19801.00 1451.84 98.538873 0.0105757592569571 0.011536 257.714401 -1192240.792108 30.638728 126.166080 -22.805372 1490.966049 -7.925 -7.925 2.948451 3.219278 0.414 0 0.000
19701.00 1451.38 98.481565 0.0105822057840311 0.011546 257.547365 -1191912.551782 30.623280 126.100751 -22.800773 1490.052429 -7.913 -7.913 2.947422 3.219041 0.420 0 0.000
19601.00 1450.92 98.423650 0.0105887836722854 0.011556 257.378614 -1191576.947700 30.607644 126.034649 -22.796035 1489.129879 -7.901 -7.901 2.946396 3.218804 0.426 0 0.000
19501.00 1450.45 98.365114 0.0105954966779164 0.011567 257.208116 -1191233.835311 30.591815 125.967759 -22.791154 1488.198231 -7.889 -7.889 2.945372 3.218566 0.432 0 0.000
19401.00 1449.99 98.305946 0.0106023486924402 0.011577 257.035835 -1190883.066052 30.575791 125.900067 -22.786128 1487.257309 -7.877 -7.877 2.944350 3.218328 0.438 0 0.000
19301.00 1449.52 98.246134 0.0106093437268133 0.011588 256.861738 -1190524.487215 30.559568 125.831555 -22.780954 1486.306935 -7.865 -7.865 2.943331 3.218090 0.444 0 0.000
19201.00 1449.04 98.185663 0.0106164859470117 0.011599 256.685787 -1190157.941818 30.543140 125.762209 -22.775629 1485.346925 -7.853 -7.853 2.942314 3.217851 0.450 0 0.000
19101.00 1448.57 98.124522 0.0106237796563534 0.011610 256.507946 -1189783.268448 30.526505 125.692011 -22.770151 1484.377091 -7.840 -7.840 2.941298 3.217612 0.456 0 0.000
19001.00 1448.09 98.062696 0.0106312293104999 0.011621 256.328177 -1189400.301116 30.509658 125.620944 -22.764517 1483.397238 -7.828 -7.828 2.940285 3.217373 0.462 0 0.000
18901.00 1447.61 98.000170 0.0106388395220495 0.011633 256.146441 -1189008.869106 30.492594 125.548991 -22.758723 1482.407168 -7.816 -7.816 2.939274 3.217133 0.468 0 0.000
18801.00 1447.13 97.936932 0.0106466150660046 0.011644 255.962697 -1188608.796807 30.475309 125.476132 -22.752768 1481.406677 -7.804 -7.804 2.938265 3.216893 0.474 0 0.000
18701.00 1446.64 97.872964 0.0106545608910990 0.011656 255.776904 -1188199.903550 30.457798 125.402350 -22.746647 1480.395553 -7.792 -7.792 2.937257 3.216653 0.480 0 0.000
18601.00 1446.16 97.808253 0.0106626821159430 0.011668 255.589020 -1187782.003429 30.440057 125.327626 -22.740357 1479.373582 -7.780 -7.780 2.936252 3.216412 0.487 0 0.000
18501.00 1445.67 97.742783 0.0106709840436639 0.011680 255.399001 -1187354.905128 30.422081 125.251938 -22.733896 1478.340540 -7.768 -7.768 2.935247 3.216171 0.493 0 0.000
18401.00 1445.17 97.676537 0.0106794721788666 0.011693 255.206801 -1186918.411732 30.403864 125.175268 -22.727260 1477.296201 -7.756 -7.756 2.934245 3.215929 0.499 0 0.000
18301.00 1444.68 97.609498 0.0106881522111684 0.011705 255.012375 -1186472.320521 30.385402 125.097594 -22.720445 1476.240328 -7.744 -7.744 2.933244 3.215687 0.505 0 0.000
18201.00 1444.18 97.541649 0.0106970300441283 0.011718 254.815674 -1186016.422783 30.366689 125.018894 -22.713449 1475.172680 -7.732 -7.732 2.932244 3.215445 0.512 0 0.000
18101.00 1443.68 97.472973 0.0107061117950252 0.011731 254.616650 -1185550.503595 30.347719 124.939147 -22.706266 1474.093010 -7.720 -7.720 2.931245 3.215203 0.518 0 0.000
18001.00 1443.18 97.403451 0.0107154038047072 0.011744 254.415252 -1185074.341608 30.328487 124.858329 -22.698894 1473.001062 -7.708 -7.708 2.930247 3.214960 0.524 0 0.000
17901.00 1442.67 97.333064 0.0107249126467994 0.011758 254.211428 -1184587.708822 30.308987 124.776416 -22.691330 1471.896572 -7.696 -7.696 2.929251 3.214716 0.531 0 0.000
17801.00 1442.16 97.261793 0.0107346451369476 0.011772 254.005124 -1184090.370348 30.289213 124.693386 -22.683567 1470.779271 -7.684 -7.684 2.928255 3.214473 0.537 0 0.000
17701.00 1441.65 97.189619 0.0107446083425486 0.011786 253.796285 -1183582.084165 30.269158 124.609211 -22.675604 1469.648880 -7.672 -7.672 2.927259 3.214229 0.543 0 0.000
17601.00 1441.13 97.116520 0.0107548095925697 0.011800 253.584854 -1183062.600872 30.248817 124.523868 -22.667435 1468.505113 -7.661 -7.661 2.926265 3.213984 0.550 0 0.000
17501.00 1440.61 97.042475 0.0107652564883547 0.011814 253.370773 -1182531.663417 30.228183 124.437329 -22.659057 1467.347674 -7.649 -7.649 2.925270 3.213739 0.556 0 0.000
17401.00 1440.09 96.967462 0.0107759569138814 0.011829 253.153982 -1181989.006834 30.207248 124.349566 -22.650464 1466.176260 -7.637 -7.637 2.924276 3.213494 0.563 0 0.000
17301.00 1439.56 96.891460 0.0107869190472606 0.011844 252.934417 -1181434.357955 30.186007 124.260553 -22.641653 1464.990559 -7.626 -7.626 2.923282 3.213248 0.569 0 0.000
17201.00 1439.03 96.814444 0.0107981513718018 0.011860 252.712015 -1180867.435121 30.164451 124.170259 -22.632619 1463.790248 -7.614 -7.614 2.922288 3.213002 0.576 0 0.000
17101.00 1438.50 96.736391 0.0108096626880708 0.011875 252.486711 -1180287.947877 30.142573 124.078654 -22.623356 1462.574995 -7.603 -7.603 2.921293 3.212756 0.582 0 0.000
17001.00 1437.96 96.657276 0.0108214621258421 0.011891 252.258435 -1179695.596662 30.120366 123.985709 -22.613861 1461.344460 -7.591 -7.591 2.920298 3.212509 0.589 0 0.000
16901.00 1437.42 96.577073 0.0108335591566681 0.011908 252.027117 -1179090.072481 30.097822 123.891390 -22.604127 1460.098289 -7.580 -7.580 2.919302 3.212261 0.596 0 0.000
16801.00 1436.87 96.495757 0.0108459636047234 0.011925 251.792686 -1178471.056572 30.074932 123.795665 -22.594151 1458.836120 -7.569 -7.569 2.918305 3.212014 0.602 0 0.000
16701.00 1436.33 96.413301 0.0108586856653437 0.011942 251.555067 -1177838.220062 30.051688 123.698501 -22.583925 1457.557580 -7.558 -7.558 2.917307 3.211765 0.609 0 0.000
16601.00 1435.77 96.329676 0.0108717359087170 0.011959 251.314182 -1177191.223602 30.028081 123.599862 -22.573445 1456.262282 -7.547 -7.547 2.916307 3.211517 0.616 0 0.000
16501.00 1435.22 96.244854 0.0108851253022182 0.011977 251.069952 -1176529.717007 30.004103 123.499712 -22.562705 1454.949830 -7.536 -7.536 2.915306 3.211268 0.623 0 0.000
16401.00 1434.66 96.158804 0.0108988652182644 0.011995 250.822296 -1175853.338871 29.979744 123.398015 -22.551700 1453.619815 -7.526 -7.526 2.914303 3.211018 0.629 0 0.000
16301.00 1434.09 96.071498 0.0109129674487575 0.012014 250.571129 -1175161.716175 29.954994 123.294731 -22.540422 1452.271815 -7.515 -7.515 2.913298 3.210768 0.636 0 0.000
16201.00 1433.52 95.982901 0.0109274442221864 0.012033 250.316363 -1174454.463892 29.929844 123.189821 -22.528866 1450.905394 -7.505 -7.505 2.912291 3.210518 0.643 0 0.000
16101.00 1432.95 95.892984 0.0109423082044832 0.012053 250.057910 -1173731.184564 29.904284 123.083244 -22.517026 1449.520103 -7.494 -7.494 2.911281 3.210267 0.650 0 0.000
16001.00 1432.37 95.801710 0.0109575725247041 0.012073 249.795676 -1172991.467894 29.878302 122.974959 -22.504894 1448.115482 -7.484 -7.484 2.910267 3.210016 0.657 0 0.000
15901.00 1431.78 95.709046 0.0109732507892480 0.012093 249.529566 -1172234.890311 29.851889 122.864921 -22.492465 1446.691051 -7.474 -7.474 2.909251 3.209764 0.664 0 0.000
15801.00 1431.20 95.614957 0.0109893570711927 0.012114 249.259481 -1171461.014519 29.825033 122.753086 -22.479730 1445.246321 -7.464 -7.464 2.908231 3.209512 0.671 0 0.000
15701.00 1430.60 95.519404 0.0110059059433263 0.012136 248.985319 -1170669.389070 29.797722 122.639407 -22.466682 1443.780783 -7.455 -7.455 2.907207 3.209260 0.678 0 0.000
15601.00 1430.00 95.422350 0.0110229124755202 0.012158 248.706976 -1169859.547903 29.769945 122.523837 -22.453315 1442.293914 -7.445 -7.445 2.906178 3.209007 0.685 0 0.000
15501.00 1429.40 95.323755 0.0110403922452534 0.012180 248.424343 -1169031.009895 29.741689 122.406326 -22.439620 1440.785176 -7.436 -7.436 2.905145 3.208753 0.693 0 0.000
15401.00 1428.79 95.223579 0.0110583613388751 0.012203 248.137309 -1168183.278402 29.712942 122.286824 -22.425589 1439.254013 -7.427 -7.427 2.904107 3.208499 0.700 0 0.000
15301.00 1428.18 95.121780 0.0110768363579820 0.012227 247.845759 -1167315.840809 29.683690 122.165277 -22.411215 1437.699851 -7.418 -7.418 2.903064 3.208245 0.707 0 0.000
15201.00 1427.56 95.018315 0.0110958344150559 0.012251 247.549574 -1166428.168080 29.653920 122.041633 -22.396488 1436.122100 -7.409 -7.409 2.902015 3.207990 0.714 0 0.000
15101.00 1426.93 94.913139 0.0111153731299931 0.012276 247.248631 -1165519.714318 29.623619 121.915834 -22.381400 1434.520150 -7.401 -7.401 2.900960 3.207734 0.722 0 0.000
15001.00 1426.30 94.806206 0.0111354706201086 0.012302 246.942804 -1164589.916340 29.592771 121.787823 -22.365943 1432.893375 -7.392 -7.392 2.899898 3.207479 0.729 0 0.000
14901.00 1425.66 94.697469 0.0111561454849220 0.012328 246.631965 -1163638.193272 29.561363 121.657541 -22.350105 1431.241127 -7.384 -7.384 2.898829 3.207222 0.737 0 0.000
14801.00 1425.02 94.586879 0.0111774167854631 0.012355 246.315978 -1162663.946164 29.529378 121.524927 -22.333879 1429.562740 -7.377 -7.377 2.897752 3.206965 0.745 0 0.000
14701.00 1424.36 94.474386 0.0111993040121792 0.012383 245.994707 -1161666.557644 29.496801 121.389917 -22.317254 1427.857529 -7.369 -7.369 2.896668 3.206708 0.752 0 0.000
14601.00 1423.71 94.359938 0.0112218270499685 0.012412 245.668009 -1160645.391612 29.463616 121.252447 -22.300220 1426.124788 -7.362 -7.362 2.895575 3.206450 0.760 0 0.000
14501.00 1423.04 94.243482 0.0112450061268798 0.012441 245.335740 -1159599.792989 29.429807 121.112450 -22.282767 1424.363790 -7.355 -7.355 2.894473 3.206192 0.768 0 0.000
14401.00 1422.37 94.124963 0.0112688617532148 0.012471 244.997748 -1158529.087524 29.395356 120.969856 -22.264883 1422.573789 -7.348 -7.348 2.893362 3.205933 0.776 0 0.000
14301.00 1421.69 94.004325 0.0112934146471612 0.012502 244.653881 -1157432.581683 29.360246 120.824596 -22.246558 1420.754017 -7.342 -7.342 2.892240 3.205674 0.784 0 0.000
14201.00 1421.01 93.881510 0.0113186856420715 0.012534 244.303980 -1156309.562635 29.324458 120.676596 -22.227780 1418.903686 -7.336 -7.336 2.891108 3.205414 0.792 0 0.000
14101.00 1420.31 93.756459 0.0113446955785138 0.012566 243.947885 -1155159.298344 29.287975 120.525782 -22.208537 1417.021987 -7.330 -7.330 2.889965 3.205154 0.800 0 0.000
14001.00 1419.61 93.629112 0.0113714651736814 0.012600 243.585428 -1153981.037794 29.250777 120.372078 -22.188818 1415.108090 -7.324 -7.324 2.888809 3.204893 0.808 0 0.000
13901.00 1418.90 93.499406 0.0113990148693641 0.012635 243.216441 -1152774.011367 29.212844 120.215404 -22.168609 1413.161146 -7.319 -7.319 2.887642 3.204632 0.816 0 0.000
13801.00 1418.18 93.367278 0.0114273646553761 0.012670 242.840750 -1151537.431399 29.174158 120.055681 -22.147898 1411.180285 -7.315 -7.315 2.886461 3.204370 0.825 0 0.000
13701.00 1417.46 93.232662 0.0114565338725761 0.012706 242.458180 -1150270.492938 29.134698 119.892827 -22.126672 1409.164620 -7.310 -7.310 2.885267 3.204107 0.833 0 0.000
13601.00 1416.72 93.095494 0.0114865409561247 0.012744 242.068551 -1148972.374730 29.094443 119.726759 -22.104917 1407.113246 -7.306 -7.306 2.884058 3.203844 0.842 0 0.000
13501.00 1415.98 92.955706 0.0115174032355551 0.012782 241.671680 -1147642.240493 29.053373 119.557391 -22.082619 1405.025239 -7.302 -7.302 2.882833 3.203581 0.851 0 0.000
13401.00 1415.23 92.813230 0.0115491365765784 0.012822 241.267383 -1146279.240411 29.011466 119.384637 -22.059764 1402.899664 -7.299 -7.299 2.881593 3.203316 0.859 0 0.000
13301.00 1414.46 92.667997 0.0115817551240195 0.012863 240.855473 -1144882.513036 28.968701 119.208410 -22.036338 1400.735570 -7.296 -7.296 2.880336 3.203052 0.868 0 0.000
13201.00 1413.69 92.519939 0.0116152709452963 0.012904 240.435762 -1143451.187460 28.925056 119.028621 -22.012325 1398.531995 -7.294 -7.294 2.879061 3.202786 0.877 0 0.000
13101.00 1412.91 92.368984 0.0116496936881401 0.012947 240.008061 -1141984.385890 28.880509 118.845182 -21.987711 1396.287972 -7.292 -7.292 2.877768 3.202520 0.887 0 0.000
13001.00 1412.12 92.215064 0.0116850302188101 0.012991 239.572183 -1140481.226580 28.835040 118.658002 -21.962481 1394.002528 -7.290 -7.290 2.876456 3.202254 0.896 0 0.000
12901.00 1411.31 92.058110 0.0117212842652023 0.013036 239.127939 -1138940.827165 28.788626 118.466992 -21.936618 1391.674687 -7.289 -7.289 2.875123 3.201986 0.905 0 0.000
12801.00 1410.50 91.898051 0.0117584560739533 0.013083 238.675143 -1137362.308361 28.741245 118.272064 -21.910107 1389.303478 -7.288 -7.288 2.873770 3.201718 0.915 0 0.000
12701.00 1409.67 91.734820 0.0117965420648027 0.013130 238.213611 -1135744.798037 28.692877 118.073130 -21.882932 1386.887938 -7.288 -7.288 2.872394 3.201449 0.925 0 0.000
12601.00 1408.84 91.568350 0.0118355345661438 0.013179 237.743165 -1134087.435628 28.643501 117.870102 -21.855078 1384.427116 -7.289 -7.289 2.870996 3.201180 0.935 0 0.000
12501.00 1407.99 91.398575 0.0118754215318422 0.013228 237.263630 -1132389.376835 28.593096 117.662895 -21.826528 1381.920080 -7.289 -7.289 2.869573 3.200909 0.945 0 0.000
12401.00 1407.13 91.225433 0.0119161863325754 0.013279 236.774837 -1130649.798580 28.541643 117.451426 -21.797267 1379.365920 -7.291 -7.291 2.868126 3.200638 0.955 0 0.000
12301.00 1406.26 91.048862 0.0119578075719516 0.013331 236.276624 -1128867.904178 28.489123 117.235617 -21.767279 1376.763762 -7.292 -7.292 2.866653 3.200366 0.965 0 0.000
12201.00 1405.37 90.868806 0.0120002589197715 0.013384 235.768840 -1127042.928658 28.435517 117.015389 -21.736549 1374.112763 -7.295 -7.295 2.865152 3.200092 0.976 0 0.000
12101.00 1404.47 90.685208 0.0120435089413172 0.013438 235.251341 -1125174.144229 28.380810 116.790672 -21.705062 1371.412131 -7.298 -7.298 2.863624 3.199818 0.986 0 0.000
12001.00 1403.56 90.498021 0.0120875208852233 0.013494 234.723995 -1123260.865885 28.324986 116.561396 -21.672804 1368.661120 -7.301 -7.301 2.862067 3.199543 0.997 0 0.000
11901.00 1402.64 90.307196 0.0121322524084474 0.013550 234.186683 -1121302.457189 28.268029 116.327499 -21.639760 1365.859046 -7.305 -7.305 2.860480 3.199267 1.008 0 0.000
11801.00 1401.70 90.112693 0.0121776551830692 0.013607 233.639300 -1119298.336293 28.209927 116.088925 -21.605917 1363.005291 -7.309 -7.309 2.858863 3.198989 1.020 0 0.000
11701.00 1400.75 89.914477 0.0122236743712316 0.013665 233.081754 -1117247.982326 28.150669 115.845623 -21.571262 1360.099311 -7.314 -7.314 2.857214 3.198710 1.031 0 0.000
11601.00 1399.78 89.712516 0.0122702479389869 0.013723 232.513973 -1115150.942265 28.090245 115.597550 -21.535783 1357.140646 -7.320 -7.320 2.855532 3.198431 1.043 0 0.000
11501.00 1398.80 89.506789 0.0123173058302847 0.013783 231.935900 -1113006.838466 28.028648 115.344671 -21.499469 1354.128927 -7.326 -7.326 2.853816 3.198150 1.055 0 0.000
11401.00 1397.81 89.297280 0.0123647690041791 0.013843 231.347502 -1110815.376982 27.965872 115.086960 -21.462310 1351.063886 -7.333 -7.333 2.852067 3.197867 1.067 0 0.000
11301.00 1396.80 89.083979 0.0124125483726401 0.013904 230.748765 -1108576.356801 27.901914 114.824402 -21.424295 1347.945367 -7.340 -7.340 2.850283 3.197584 1.079 0 0.000
11201.00 1395.77 88.866889 0.0124605437489696 0.013965 230.139702 -1106289.680085 27.836774 114.556989 -21.385415 1344.773338 -7.347 -7.347 2.848464 3.197299 1.092 0 0.000
11101.00 1394.74 88.646019 0.0125086428150605 0.014027 229.520351 -1103955.363394 27.770455 114.284730 -21.345664 1341.547902 -7.356 -7.356 2.846608 3.197013 1.105 0 0.000
11001.00 1393.68 88.421392 0.0125567202338776 0.014089 228.890781 -1101573.549824 27.702961 114.007644 -21.305035 1338.269311 -7.364 -7.364 2.844717 3.196726 1.118 0 0.000
10901.00 1392.62 88.193040 0.0126046369898542 0.014150 228.251094 -1099144.521910 27.634303 113.725765 -21.263522 1334.937981 -7.374 -7.374 2.842789 3.196438 1.131 0 0.000
10801.00 1391.53 87.961009 0.0126522400099278 0.014212 227.601427 -1096668.715017 27.564494 113.439144 -21.221122 1331.554505 -7.384 -7.384 2.840825 3.196148 1.144 0 0.000
10701.00 1390.44 87.725358 0.0126993621720434 0.014274 226.941954 -1094146.730896 27.493550 113.147848 -21.177832 1328.119672 -7.394 -7.394 2.838824 3.195858 1.158 0 0.000
10601.00 1389.33 87.486164 0.0127458227244987 0.014335 226.272893 -1091579.350990 27.421494 112.851964 -21.133654 1324.634476 -7.405 -7.405 2.836787 3.195566 1.172 0 0.000
10501.00 1388.20 87.243516 0.0127914282020813 0.014395 225.594505 -1088967.549051 27.348353 112.551599 -21.088589 1321.100134 -7.416 -7.416 2.834713 3.195273 1.186 0 0.000
10401.00 1387.07 86.997522 0.0128359737854801 0.014454 224.907095 -1086312.502519 27.274158 112.246880 -21.042643 1317.518098 -7.428 -7.428 2.832604 3.194980 1.201 0 0.000
10301.00 1385.92 86.748307 0.0128792452098535 0.014513 224.211019 -1083615.602227 27.198946 111.937956 -20.995824 1313.890068 -7.440 -7.440 2.830460 3.194685 1.215 0 0.000
10201.00 1384.75 86.496015 0.0129210211103833 0.014569 223.506683 -1080878.459858 27.122761 111.625001 -20.948143 1310.217995 -7.452 -7.452 2.828282 3.194390 1.230 0 0.000
10101.00 1383.58 86.240806 0.0129610757657392 0.014624 222.794541 -1078102.912725 27.045652 111.308210 -20.899617 1306.504094 -7.465 -7.465 2.826070 3.194095 1.245 0 0.000
10001.00 1382.40 85.982861 0.0129991822780591 0.014677 222.075098 -1075291.025487 26.967671 110.987804 -20.850265 1302.750840 -7.478 -7.478 2.823826 3.193798 1.261 0 0.000
9901.00 1381.20 85.722378 0.0130351159055742 0.014728 221.348912 -1072445.088412 26.888879 110.664025 -20.800110 1298.960968 -7.492 -7.492 2.821550 3.193502 1.276 0 0.000
9801.00 1380.00 85.459572 0.0130686575730445 0.014777 220.616584 -1069567.612057 26.809342 110.337140 -20.749181 1295.137468 -7.505 -7.505 2.819245 3.193205 1.292 0 0.000
9701.00 1378.78 85.194677 0.0130995974196910 0.014822 219.878765 -1066661.318265 26.729130 110.007437 -20.697511 1291.283573 -7.519 -7.519 2.816912 3.192908 1.308 0 0.000
9601.00 1377.56 84.927941 0.0131277381835000 0.014865 219.136145 -1063729.127507 26.648319 109.675224 -20.645138 1287.402745 -7.534 -7.534 2.814552 3.192610 1.324 0 0.000
9501.00 1376.34 84.659625 0.0131528983251858 0.014904 218.389457 -1060774.142810 26.566988 109.340829 -20.592104 1283.498655 -7.548 -7.548 2.812167 3.192313 1.341 0 0.000
9401.00 1375.10 84.390006 0.0131749147714172 0.014941 217.639463 -1057799.630608 26.485223 109.004596 -20.538457 1279.575163 -7.562 -7.562 2.809758 3.192016 1.357 0 0.000
9301.00 1373.87 84.119368 0.0131936451686948 0.014973 216.886958 -1054808.999000 26.403110 108.666884 -20.484248 1275.636285 -7.577 -7.577 2.807329 3.191720 1.374 0 0.000
9201.00 1372.63 83.848007 0.0132089695447096 0.015002 216.132756 -1051805.773967 26.320741 108.328064 -20.429533 1271.686175 -7.592 -7.592 2.804879 3.191424 1.391 0 0.000
9101.00 1371.38 83.576224 0.0132207913982053 0.015027 215.377691 -1048793.574219 26.238207 107.988517 -20.374373 1267.729084 -7.606 -7.606 2.802412 3.191128 1.407 0 0.000
9001.00 1370.14 83.304323 0.0132290381330734 0.015048 214.622607 -1045776.085307 26.155604 107.648629 -20.318831 1263.769337 -7.621 -7.621 2.799929 3.190834 1.425 0 0.000
8901.00 1368.90 83.032613 0.0132336609036334 0.015065 213.868354 -1042757.033705 26.073026 107.308791 -20.262971 1259.811294 -7.636 -7.636 2.797431 3.190540 1.442 0 0.000
8801.00 1367.66 82.761402 0.0132346339963417 0.015078 213.115780 -1039740.161481 25.990569 106.969394 -20.206864 1255.859327 -7.651 -7.651 2.794922 3.190247 1.459 0 0.000
8701.00 1366.42 82.490995 0.0132319536509659 0.015087 212.365728 -1036729.202030 25.908328 106.630830 -20.150579 1251.917782 -7.665 -7.665 2.792403 3.189955 1.476 0 0.000
8601.00 1365.18 82.221695 0.0132256366709730 0.015092 211.619030 -1033727.857448 25.826396 106.293484 -20.094188 1247.990961 -7.680 -7.680 2.789874 3.189664 1.494 0 0.000
8501.00 1363.95 81.953798 0.0132157187369100 0.015093 210.876500 -1030739.777732 25.744866 105.957738 -20.037763 1244.083088 -7.694 -7.694 2.787339 3.189374 1.511 0 0.000
8401.00 1363.35 81.687596 0.0114391518985546 0.013078 210.138936 -1027768.506896 25.656650 105.581203 -19.813441 1238.903738 -7.688 -7.688 2.784883 3.189163 1.524 0 0.000
8301.00 1362.77 81.568848 0.0114058920503934 0.013051 209.809879 -1026583.759624 25.621181 105.433785 -19.792727 1237.154846 -7.681 -7.681 2.782418 3.188955 1.537 0 0.000
8201.00 1362.18 81.453012 0.0114072836405459 0.013063 209.488850 -1025432.988732 25.586747 105.290774 -19.776109 1235.475302 -7.673 -7.673 2.779940 3.188746 1.550 0 0.000
8101.00 1361.59 81.337227 0.0114091088713882 0.013076 209.167913 -1024281.454686 25.552321 105.147714 -19.759594 1233.798316 -7.665 -7.665 2.777451 3.188539 1.563 0 0.000
8001.00 1361.00 81.221456 0.0114113717377459 0.013089 208.846969 -1023128.727948 25.517891 105.004556 -19.743175 1232.123362 -7.657 -7.657 2.774951 3.188333 1.576 0 0.000
7901.00 1360.42 81.105665 0.0114140749376646 0.013103 208.525918 -1021974.376398 25.483447 104.861256 -19.726842 1230.449910 -7.649 -7.649 2.772438 3.188127 1.589 0 0.000
7801.00 1359.83 80.989817 0.0114172198109574 0.013118 208.204661 -1020817.966658 25.448977 104.717767 -19.710590 1228.777431 -7.641 -7.641 2.769914 3.187922 1.602 0 0.000
7701.00 1359.24 80.873877 0.0114208063444210 0.013133 207.883099 -1019659.065474 25.414471 104.574042 -19.694409 1227.105394 -7.632 -7.632 2.767378 3.187718 1.615 0 0.000
7601.00 1358.66 80.757810 0.0114248330199245 0.013148 207.561131 -1018497.241090 25.379918 104.430035 -19.678293 1225.433272 -7.623 -7.623 2.764829 3.187515 1.628 0 0.000
7501.00 1358.07 80.641581 0.0114292967832779 0.013165 207.238661 -1017332.064765 25.345306 104.285700 -19.662233 1223.760543 -7.614 -7.614 2.762269 3.187312 1.641 0 0.000
7401.00 1357.48 80.525156 0.0114341929081779 0.013182 206.915592 -1016163.112326 25.310624 104.140992 -19.646220 1222.086687 -7.604 -7.604 2.759697 3.187111 1.655 0 0.000
7301.00 1356.89 80.408501 0.0114395148868795 0.013199 206.591829 -1014989.965840 25.275863 103.995865 -19.630247 1220.411194 -7.595 -7.595 2.757114 3.186910 1.668 0 0.000
7201.00 1356.30 80.291583 0.0114452542783651 0.013217 206.267279 -1013812.215398 25.241011 103.850276 -19.614305 1218.733561 -7.585 -7.585 2.754518 3.186710 1.681 0 0.000
7101.00 1355.71 80.174369 0.0114514005540580 0.013236 205.941851 -1012629.461039 25.206058 103.704182 -19.598386 1217.053297 -7.575 -7.575 2.751910 3.186510 1.695 0 0.000
7001.00 1355.11 80.056828 0.0114579409222656 0.013255 205.615458 -1011441.314821 25.170996 103.557541 -19.582480 1215.369921 -7.565 -7.565 2.749291 3.186312 1.708 0 0.000
6901.00 1354.52 79.938931 0.0114648601390419 0.013275 205.288016 -1010247.403060 25.135813 103.410312 -19.566581 1213.682970 -7.555 -7.555 2.746659 3.186114 1.721 0 0.000
6801.00 1353.92 79.820649 0.0114721403088820 0.013295 204.959445 -1009047.368742 25.100501 103.262457 -19.550677 1211.991996 -7.545 -7.545 2.744016 3.185917 1.735 0 0.000
6701.00 1353.33 79.701955 0.0114797606652408 0.013316 204.629670 -1007840.874127 25.065052 103.113940 -19.534762 1210.296571 -7.535 -7.535 2.741361 3.185721 1.749 0 0.000
6601.00 1352.73 79.582824 0.0114876973629583 0.013337 204.298619 -1006627.603558 25.029457 102.964725 -19.518827 1208.596290 -7.525 -7.525 2.738694 3.185526 1.762 0 0.000
6501.00 1352.12 79.463233 0.0114959232446321 0.013359 203.966229 -1005407.266455 24.993710 102.814783 -19.502862 1206.890772 -7.515 -7.515 2.736016 3.185332 1.776 0 0.000
6401.00 1351.52 79.343161 0.0115044076303554 0.013381 203.632441 -1004179.600532 24.957802 102.664083 -19.486860 1205.179666 -7.505 -7.505 2.733326 3.185138 1.789 0 0.000
6301.00 1350.92 79.222591 0.0115131161026628 0.013403 203.297205 -1002944.375201 24.921730 102.512600 -19.470811 1203.462651 -7.495 -7.495 2.730625 3.184945 1.803 0 0.000
6201.00 1350.31 79.101507 0.0115220103137909 0.013426 202.960477 -1001701.395166 24.885487 102.360314 -19.454707 1201.739443 -7.485 -7.485 2.727913 3.184753 1.817 0 0.000
6101.00 1349.70 78.979898 0.0115310478217666 0.013449 202.622226 -1000450.504191 24.849069 102.207205 -19.438540 1200.009795 -7.476 -7.476 2.725190 3.184563 1.830 0 0.000
6001.00 1349.09 78.857754 0.0115401819484281 0.013472 202.282426 -999191.589002 24.812474 102.053261 -19.422302 1198.273506 -7.466 -7.466 2.722456 3.184372 1.844 0 0.000
5901.00 1348.47 78.735072 0.0115493617088327 0.013495 201.941064 -997924.583305 24.775700 101.898473 -19.405985 1196.530418 -7.457 -7.457 2.719711 3.184183 1.858 0 0.000
5801.00 1347.86 78.611851 0.0115585317767421 0.013519 201.598138 -996649.471843 24.738747 101.742839 -19.389581 1194.780428 -7.448 -7.448 2.716956 3.183995 1.872 0 0.000
5701.00 1347.24 78.488094 0.0115676325442326 0.013542 201.253660 -995366.294466 24.701614 101.586361 -19.373083 1193.023485 -7.439 -7.439 2.714191 3.183808 1.885 0 0.000
5601.00 1346.62 78.363811 0.0115766002510801 0.013565 200.907653 -994075.150102 24.664305 101.429049 -19.356484 1191.259600 -7.431 -7.431 2.711416 3.183621 1.899 0 0.000
5501.00 1345.99 78.239015 0.0115853672377747 0.013589 200.560155 -992776.200574 24.626824 101.270918 -19.339778 1189.488847 -7.422 -7.422 2.708631 3.183436 1.913 0 0.000
5401.00 1345.37 78.113724 0.0115938622980243 0.013612 200.211218 -991469.674144 24.589175 101.111991 -19.322959 1187.711367 -7.415 -7.415 2.705837 3.183251 1.927 0 0.000
5301.00 1344.74 77.987964 0.0116020111664393 0.013634 199.860913 -990155.868668 24.551367 100.952297 -19.306022 1185.927371 -7.407 -7.407 2.703035 3.183067 1.941 0 0.000
5201.00 1344.11 77.861765 0.0116097371537954 0.013657 199.509322 -988835.154254 24.513408 100.791875 -19.288963 1184.137147 -7.400 -7.400 2.700224 3.182884 1.954 0 0.000
5101.00 1343.48 77.735162 0.0116169619058033 0.013678 199.156546 -987507.975266 24.475309 100.630770 -19.271780 1182.341059 -7.394 -7.394 2.697406 3.182703 1.968 0 0.000
5001.00 1342.84 77.608197 0.0116236063157424 0.013700 198.802704 -986174.851565 24.437082 100.469035 -19.254469 1180.539546 -7.388 -7.388 2.694580 3.182522 1.982 0 0.000
4901.00 1342.21 77.480919 0.0116295916091387 0.013720 198.447930 -984836.378838 24.398743 100.306732 -19.237030 1178.733133 -7.383 -7.383 2.691747 3.182342 1.996 0 0.000
4801.00 1341.57 77.353382 0.0116348404880566 0.013740 198.092375 -983493.227856 24.360308 100.143932 -19.219465 1176.922419 -7.378 -7.378 2.688908 3.182163 2.009 0 0.000
4701.00 1340.93 77.225644 0.0116392784655530 0.013759 197.736204 -982146.142607 24.321795 99.980710 -19.201774 1175.108084 -7.374 -7.374 2.686064 3.181985 2.023 0 0.000
4601.00 1340.30 76.988085 0.0102106805338819 0.012085 197.073708 -979429.123386 24.242241 99.645116 -18.991591 1170.817897 -7.370 -7.370 2.683225 3.181808 2.036 0 0.000
4501.00 1339.66 76.971702 0.0116463963009093 0.013794 197.028012 -979467.294953 24.245213 99.655931 -19.166605 1171.496466 -7.368 -7.368 2.680370 3.181632 2.050 0 0.000
4401.00 1339.02 76.843696 0.0116479451674465 0.013810 196.670932 -978112.595744 24.206568 99.491882 -19.148544 1169.675018 -7.366 -7.366 2.677512 3.181457 2.063 0 0.000
4301.00 1338.38 76.715782 0.0116484459321168 0.013824 196.314059 -976757.645660 24.167936 99.327798 -19.130385 1167.853451 -7.364 -7.364 2.674651 3.181283 2.077 0 0.000
4201.00 1337.73 76.588043 0.0116478587198295 0.013838 195.957621 -975403.475885 24.129342 99.163789 -19.112137 1166.032764 -7.364 -7.364 2.671788 3.181110 2.090 0 0.000
4101.00 1337.09 76.460562 0.0116461546314917 0.013849 195.601856 -974051.152265 24.090813 98.999966 -19.093815 1164.214004 -7.364 -7.364 2.668925 3.180938 2.103 0 0.000
4001.00 1336.45 76.333425 0.0116433167440824 0.013860 195.247003 -972701.764447 24.052374 98.836446 -19.075431 1162.398245 -7.366 -7.366 2.666061 3.180768 2.116 0 0.000
3901.00 1335.81 76.206718 0.0116393408806273 0.013869 194.893306 -971356.414127 24.014053 98.673346 -19.057002 1160.586585 -7.368 -7.368 2.663198 3.180598 2.129 0 0.000
3801.00 1335.17 76.080527 0.0116342361274996 0.013877 194.541007 -970016.202625 23.975878 98.510782 -19.038547 1158.780129 -7.371 -7.371 2.660336 3.180429 2.142 0 0.000
3701.00 1334.54 75.954938 0.0116280250737560 0.013884 194.190344 -968682.218065 23.937875 98.348870 -19.020084 1156.979972 -7.375 -7.375 2.657477 3.180261 2.154 0 0.000
3601.00 1333.90 75.830032 0.0116207437568643 0.013889 193.841550 -967355.522402 23.900069 98.187724 -19.001635 1155.187195 -7.380 -7.380 2.654622 3.180094 2.166 0 0.000
3501.00 1333.27 75.705890 0.0116124413334535 0.013893 193.494848 -966037.138600 23.862488 98.027454 -18.983219 1153.402841 -7.385 -7.385 2.651770 3.179928 2.179 0 0.000
3401.00 1332.64 75.582585 0.0116031794808097 0.013896 193.150450 -964728.038223 23.825153 97.868162 -18.964861 1151.627908 -7.392 -7.392 2.648924 3.179763 2.191 0 0.000
3301.00 1332.01 75.460189 0.0115930315696078 0.013898 192.808551 -963429.129682 23.788088 97.709949 -18.946583 1149.863333 -7.400 -7.400 2.646083 3.179599 2.202 0 0.000
3201.00 1331.38 75.338764 0.0115820816431755 0.013899 192.469333 -962141.247367 23.751313 97.552902 -18.928407 1148.109982 -7.408 -7.408 2.643250 3.179435 2.214 0 0.000
3101.00 1330.76 75.218368 0.0115704232587276 0.013899 192.132955 -960865.141834 23.714846 97.397104 -18.910356 1146.368637 -7.418 -7.418 2.640424 3.179273 2.225 0 0.000
3001.00 1330.14 75.099050 0.0115581582380035 0.013898 191.799557 -959601.471166 23.678704 97.242626 -18.892452 1144.639988 -7.429 -7.429 2.637606 3.179112 2.236 0 0.000
2901.00 1329.52 74.980852 0.0115453953925428 0.013897 191.469258 -958350.793595 23.642900 97.089529 -18.874717 1142.924623 -7.440 -7.440 2.634798 3.178952 2.246 0 0.000
2801.00 1328.90 74.863807 0.0115322492697426 0.013895 191.142151 -957113.561388 23.607445 96.937863 -18.857172 1141.223021 -7.453 -7.453 2.632001 3.178792 2.257 0 0.000
2701.00 1328.29 74.747938 0.0115188389739209 0.013892 190.818304 -955890.115971 23.572347 96.787667 -18.839834 1139.535547 -7.466 -7.466 2.629214 3.178634 2.267 0 0.000
2601.00 1327.68 74.633261 0.0115052871286437 0.013890 190.497761 -954680.684205 23.537612 96.638966 -18.822722 1137.862449 -7.481 -7.481 2.626439 3.178476 2.276 0 0.000
2501.00 1327.08 74.519782 0.0114917189390223 0.013887 190.180539 -953485.375681 23.503241 96.491774 -18.805852 1136.203850 -7.497 -7.497 2.623677 3.178320 2.285 0 0.000
2401.00 1326.48 74.407496 0.0114782615562646 0.013885 189.866630 -952304.180913 23.469235 96.346092 -18.789238 1134.559748 -7.514 -7.514 2.620929 3.178164 2.294 0 0.000
2301.00 1325.88 74.296391 0.0114650435453011 0.013882 189.555997 -951136.970150 23.435589 96.201908 -18.772892 1132.930018 -7.532 -7.532 2.618194 3.178009 2.302 0 0.000
2201.00 1325.28 74.186445 0.0114521946766274 0.013880 189.248577 -949983.492696 23.402298 96.059198 -18.756823 1131.314406 -7.551 -7.551 2.615475 3.177856 2.310 0 0.000
2101.00 1324.69 74.077623 0.0114398459315663 0.013879 188.944281 -948843.376439 23.369350 95.917923 -18.741042 1129.712529 -7.571 -7.571 2.612771 3.177703 2.317 0 0.000
2001.00 1324.10 73.969885 0.0114281298020560 0.013878 188.642994 -947716.127373 23.336734 95.778035 -18.725552 1128.123878 -7.592 -7.592 2.610084 3.177551 2.324 0 0.000
1901.00 1323.51 73.863180 0.0114171808699806 0.013878 188.344570 -946601.128846 23.304435 95.639468 -18.710360 1126.547813 -7.614 -7.614 2.607414 3.177401 2.330 0 0.000
1801.00 1322.92 73.757445 0.0114071366747007 0.013879 188.048841 -945497.640274 23.272431 95.502148 -18.695466 1124.983563 -7.638 -7.638 2.604763 3.177251 2.336 0 0.000
1701.00 1322.33 73.652610 0.0113981389314314 0.013882 187.755607 -944404.795055 23.240703 95.365982 -18.680872 1123.430227 -7.663 -7.663 2.602130 3.177103 2.341 0 0.000
1601.00 1321.75 73.548593 0.0113903350720412 0.013885 187.464642 -943321.597366 23.209225 95.230869 -18.666577 1121.886765 -7.689 -7.689 2.599517 3.176956 2.346 0 0.000
1501.00 1321.17 73.445303 0.0113838802052330 0.013891 187.175690 -942246.917551 23.177967 95.096690 -18.652578 1120.351998 -7.717 -7.717 2.596924 3.176810 2.350 0 0.000
1401.00 1320.58 73.342637 0.0113789395077487 0.013897 186.888463 -941179.485725 23.146899 94.963313 -18.638870 1118.824600 -7.746 -7.746 2.594353 3.176666 2.353 0 0.000
1301.00 1320.00 73.240480 0.0113756911100168 0.013906 186.602643 -940117.883205 23.115983 94.830590 -18.625448 1117.303087 -7.776 -7.776 2.591804 3.176523 2.355 0 0.000
1201.00 1319.42 73.138706 0.0113743296768072 0.013917 186.317874 -939060.531353 23.085181 94.698356 -18.612307 1115.785810 -7.808 -7.808 2.589279 3.176381 2.357 0 0.000
1101.00 1318.83 73.037174 0.0113750706474306 0.013931 186.033763 -938005.677176 23.054449 94.566428 -18.599439 1114.270935 -7.841 -7.841 2.586778 3.176241 2.358 0 0.000
1001.00 1318.24 72.935728 0.0113781554592848 0.013947 185.749875 -936951.375147 23.023736 94.434603 -18.586837 1112.756428 -7.877 -7.877 2.584302 3.176103 2.358 0 0.000
901.00 1317.65 72.834196 0.0113838578966285 0.013967 185.465727 -935895.464355 22.992990 94.302654 -18.574495 1111.240028 -7.914 -7.914 2.581853 3.175967 2.357 0 0.000
801.00 1317.06 72.732386 0.0113924918971562 0.013990 185.180782 -934835.539998 22.962151 94.170332 -18.562405 1109.719219 -7.952 -7.952 2.579431 3.175834 2.355 0 0.000
701.00 1316.46 72.630084 0.0114044212077081 0.014017 184.894441 -933768.917953 22.931150 94.037355 -18.550563 1108.191191 -7.993 -7.993 2.577038 3.175702 2.353 0 0.000
601.00 1315.85 72.527050 0.0114200713525026 0.014048 184.606036 -932692.590798 22.899913 93.903411 -18.538965 1106.652797 -8.036 -8.036 2.574675 3.175574 2.349 0 0.000
501.00 1315.24 72.423016 0.0114399446962692 0.014084 184.314813 -931603.173256 22.868355 93.768147 -18.527612 1105.100489 -8.081 -8.081 2.572344 3.175448 2.344 0 0.000
401.00 1314.62 72.317678 0.0114646393642878 0.014127 184.019921 -930496.834376 22.836382 93.631163 -18.516509 1103.530254 -8.129 -8.129 2.570045 3.175325 2.338 0 0.000
301.00 1313.99 72.210689 0.0114948732086267 0.014176 183.720390 -929369.213075 22.803886 93.492006 -18.505665 1101.937517 -8.180 -8.180 2.567781 3.175206 2.331 0 0.000
201.00 1313.34 72.101652 0.0115315144161674 0.014232 183.415112 -928215.312676 22.770741 93.350157 -18.495101 1100.317033 -8.233 -8.233 2.565552 3.175092 2.323 0 0.000
101.00 1312.68 71.990112 0.0115756204550301 0.014298 183.102806 -927029.368668 22.736806 93.205018 -18.484848 1098.662747 -8.290 -8.290 2.563359 3.174982 2.313 0 0.000
1.00 1312.00 71.875537 0.0116284877507882 0.014375 182.781989 -925804.682518 22.701918 93.055893 -18.475024 1096.967006 -8.351 -8.351 2.561190 3.174877 2.302 0 0.000
