Title: Depleted MORB Mantle of Workmann & Hart 2005

System Thermodynamic Data:
Pressure Temperature mass F phi S H V Cp dVdP*10^6 dVdT*10^6 fO2(absolute) fO2(absolute) rhol rhos viscosity aH2O chisqr
44001.00 1360.68 100.138999 0.0000000000000000 0.000000 250.029455 -1156725.500004 30.124615 124.590540 -19.888580 1426.847559 -6.194 -6.194 0.000000 3.324159 0.000 0 0.000
43901.00 1360.48 100.138999 0.0000000000000000 0.000000 250.029455 -1157026.755796 30.126544 124.597048 -19.895619 1426.780032 -6.198 -6.198 0.000000 3.323946 0.000 0 0.000
43801.00 1360.27 100.138999 0.0000000000000000 0.000000 250.029455 -1157328.030893 30.128476 124.603556 -19.902663 1426.712658 -6.203 -6.203 0.000000 3.323733 0.000 0 0.000
43701.00 1360.07 100.138999 0.0000000000000000 0.000000 250.029455 -1157629.325317 30.130409 124.610064 -19.909712 1426.645438 -6.208 -6.208 0.000000 3.323519 0.000 0 0.000
43601.00 1359.87 100.138999 0.0000000000000000 0.000000 250.029455 -1157930.639090 30.132346 124.616572 -19.916765 1426.578373 -6.213 -6.213 0.000000 3.323306 0.000 0 0.000
43501.00 1359.67 100.138999 0.0000000000000000 0.000000 250.029455 -1158231.972236 30.134284 124.623081 -19.923824 1426.511465 -6.217 -6.217 0.000000 3.323092 0.000 0 0.000
43401.00 1359.47 100.138999 0.0000000000000000 0.000000 250.029455 -1158533.324777 30.136225 124.629590 -19.930888 1426.444715 -6.222 -6.222 0.000000 3.322878 0.000 0 0.000
43301.00 1359.26 100.138999 0.0000000000000000 0.000000 250.029455 -1158834.696736 30.138168 124.636099 -19.937956 1426.378124 -6.227 -6.227 0.000000 3.322664 0.000 0 0.000
43201.00 1359.06 100.138999 0.0000000000000000 0.000000 250.029455 -1159136.088136 30.140113 124.642609 -19.945030 1426.311694 -6.232 -6.232 0.000000 3.322449 0.000 0 0.000
43101.00 1358.86 100.138999 0.0000000000000000 0.000000 250.029455 -1159437.499001 30.142060 124.649119 -19.952110 1426.245426 -6.237 -6.237 0.000000 3.322235 0.000 0 0.000
43001.00 1358.66 100.138999 0.0000000000000000 0.000000 250.029455 -1159738.929353 30.144010 124.655629 -19.959194 1426.179322 -6.241 -6.241 0.000000 3.322020 0.000 0 0.000
42901.00 1358.46 100.138999 0.0000000000000000 0.000000 250.029455 -1160040.379216 30.145963 124.662140 -19.966284 1426.113382 -6.246 -6.246 0.000000 3.321805 0.000 0 0.000
42801.00 1358.25 100.138999 0.0000000000000000 0.000000 250.029455 -1160341.848615 30.147917 124.668652 -19.973379 1426.047609 -6.251 -6.251 0.000000 3.321589 0.000 0 0.000
42701.00 1358.05 100.138999 0.0000000000000000 0.000000 250.029455 -1160643.337572 30.149874 124.675164 -19.980479 1425.982004 -6.256 -6.256 0.000000 3.321374 0.000 0 0.000
42601.00 1357.85 100.138999 0.0000000000000000 0.000000 250.029455 -1160944.846112 30.151834 124.681676 -19.987585 1425.916567 -6.261 -6.261 0.000000 3.321158 0.000 0 0.000
42501.00 1357.65 100.138999 0.0000000000000000 0.000000 250.029455 -1161246.374259 30.153796 124.688189 -19.994696 1425.851302 -6.266 -6.266 0.000000 3.320942 0.000 0 0.000
42401.00 1357.44 100.138999 0.0000000000000000 0.000000 250.029455 -1161547.922038 30.155760 124.694703 -20.001813 1425.786209 -6.271 -6.271 0.000000 3.320725 0.000 0 0.000
42301.00 1357.24 100.138999 0.0000000000000000 0.000000 250.029455 -1161849.489472 30.157727 124.701217 -20.008936 1425.721289 -6.276 -6.276 0.000000 3.320509 0.000 0 0.000
42201.00 1357.04 100.138999 0.0000000000000000 0.000000 250.029455 -1162151.076587 30.159696 124.707732 -20.016064 1425.656545 -6.280 -6.280 0.000000 3.320292 0.000 0 0.000
42101.00 1356.84 100.138999 0.0000000000000000 0.000000 250.029455 -1162452.683408 30.161668 124.714248 -20.023198 1425.591978 -6.285 -6.285 0.000000 3.320075 0.000 0 0.000
42001.00 1356.64 100.138999 0.0000000000000000 0.000000 250.029455 -1162754.309959 30.163642 124.720764 -20.030337 1425.527590 -6.290 -6.290 0.000000 3.319858 0.000 0 0.000
41901.00 1356.43 100.138999 0.0000000000000000 0.000000 250.029455 -1163055.956266 30.165619 124.727281 -20.037483 1425.463381 -6.295 -6.295 0.000000 3.319640 0.000 0 0.000
41801.00 1356.23 100.138999 0.0000000000000000 0.000000 250.029455 -1163357.622353 30.167599 124.733798 -20.044634 1425.399355 -6.300 -6.300 0.000000 3.319422 0.000 0 0.000
41701.00 1356.03 100.138999 0.0000000000000000 0.000000 250.029455 -1163659.308248 30.169581 124.740317 -20.051791 1425.335512 -6.305 -6.305 0.000000 3.319204 0.000 0 0.000
41601.00 1355.83 100.138999 0.0000000000000000 0.000000 250.029455 -1163961.013975 30.171565 124.746836 -20.058954 1425.271854 -6.310 -6.310 0.000000 3.318986 0.000 0 0.000
41501.00 1355.62 100.138999 0.0000000000000000 0.000000 250.029455 -1164262.739561 30.173552 124.753356 -20.066123 1425.208383 -6.315 -6.315 0.000000 3.318767 0.000 0 0.000
41401.00 1355.42 100.138999 0.0000000000000000 0.000000 250.029455 -1164564.485031 30.175542 124.759876 -20.073298 1425.145100 -6.321 -6.321 0.000000 3.318548 0.000 0 0.000
41301.00 1355.22 100.138999 0.0000000000000000 0.000000 250.029455 -1164866.250412 30.177535 124.766398 -20.080480 1425.082008 -6.326 -6.326 0.000000 3.318329 0.000 0 0.000
41201.00 1355.01 100.138999 0.0000000000000000 0.000000 250.029455 -1165168.035730 30.179530 124.772921 -20.087667 1425.019108 -6.331 -6.331 0.000000 3.318110 0.000 0 0.000
41101.00 1354.81 100.138999 0.0000000000000000 0.000000 250.029455 -1165469.841013 30.181527 124.779444 -20.094861 1424.956402 -6.336 -6.336 0.000000 3.317890 0.000 0 0.000
41001.00 1354.61 100.138999 0.0000000000000000 0.000000 250.029455 -1165771.666287 30.183528 124.785969 -20.102061 1424.893892 -6.341 -6.341 0.000000 3.317670 0.000 0 0.000
40901.00 1354.41 100.138999 0.0000000000000000 0.000000 250.029455 -1166073.511579 30.185531 124.792494 -20.109268 1424.831580 -6.346 -6.346 0.000000 3.317450 0.000 0 0.000
40801.00 1354.20 100.138999 0.0000000000000000 0.000000 250.029455 -1166375.376917 30.187537 124.799020 -20.116481 1424.769467 -6.351 -6.351 0.000000 3.317230 0.000 0 0.000
40701.00 1354.00 100.138999 0.0000000000000000 0.000000 250.029455 -1166677.262328 30.189546 124.805548 -20.123701 1424.707556 -6.356 -6.356 0.000000 3.317009 0.000 0 0.000
40601.00 1353.80 100.138999 0.0000000000000000 0.000000 250.029455 -1166979.167840 30.191557 124.812076 -20.130927 1424.645848 -6.361 -6.361 0.000000 3.316788 0.000 0 0.000
40501.00 1353.59 100.138999 0.0000000000000000 0.000000 250.029455 -1167281.093481 30.193571 124.818606 -20.138160 1424.584346 -6.367 -6.367 0.000000 3.316567 0.000 0 0.000
40401.00 1353.39 100.138999 0.0000000000000000 0.000000 250.029455 -1167583.039279 30.195589 124.825137 -20.145399 1424.523052 -6.372 -6.372 0.000000 3.316345 0.000 0 0.000
40301.00 1353.19 100.138999 0.0000000000000000 0.000000 250.029455 -1167885.005263 30.197609 124.831669 -20.152645 1424.461967 -6.377 -6.377 0.000000 3.316123 0.000 0 0.000
40201.00 1352.99 100.138999 0.0000000000000000 0.000000 250.029455 -1168186.991461 30.199631 124.838202 -20.159899 1424.401093 -6.382 -6.382 0.000000 3.315901 0.000 0 0.000
40101.00 1352.78 100.138999 0.0000000000000000 0.000000 250.029455 -1168488.997903 30.201657 124.844736 -20.167159 1424.340434 -6.388 -6.388 0.000000 3.315679 0.000 0 0.000
40001.00 1352.58 100.138999 0.0000000000000000 0.000000 250.029455 -1168791.024617 30.203686 124.851272 -20.174426 1424.279990 -6.393 -6.393 0.000000 3.315456 0.000 0 0.000
39901.00 1352.38 100.138999 0.0000000000000000 0.000000 250.029455 -1169093.071632 30.205718 124.857809 -20.181700 1424.219764 -6.398 -6.398 0.000000 3.315233 0.000 0 0.000
39801.00 1352.17 100.138999 0.0000000000000000 0.000000 250.029455 -1169395.138979 30.207752 124.864348 -20.188981 1424.159759 -6.403 -6.403 0.000000 3.315010 0.000 0 0.000
39701.00 1351.97 100.138999 0.0000000000000000 0.000000 250.029455 -1169697.226687 30.209790 124.870887 -20.196270 1424.099976 -6.409 -6.409 0.000000 3.314786 0.000 0 0.000
39601.00 1351.77 100.138999 0.0000000000000000 0.000000 250.029455 -1169999.334786 30.211831 124.877429 -20.203565 1424.040418 -6.414 -6.414 0.000000 3.314562 0.000 0 0.000
39501.00 1351.56 100.138999 0.0000000000000000 0.000000 250.029455 -1170301.463307 30.213874 124.883971 -20.210869 1423.981087 -6.419 -6.419 0.000000 3.314338 0.000 0 0.000
39401.00 1351.36 100.138999 0.0000000000000000 0.000000 250.029455 -1170603.612281 30.215921 124.890515 -20.218179 1423.921986 -6.425 -6.425 0.000000 3.314114 0.000 0 0.000
39301.00 1351.16 100.138999 0.0000000000000000 0.000000 250.029455 -1170905.781737 30.217971 124.897061 -20.225497 1423.863116 -6.430 -6.430 0.000000 3.313889 0.000 0 0.000
39201.00 1350.95 100.138999 0.0000000000000000 0.000000 250.029455 -1171207.971708 30.220024 124.903608 -20.232823 1423.804481 -6.436 -6.436 0.000000 3.313664 0.000 0 0.000
39101.00 1350.75 100.138999 0.0000000000000000 0.000000 250.029455 -1171510.182224 30.222080 124.910157 -20.240156 1423.746082 -6.441 -6.441 0.000000 3.313438 0.000 0 0.000
39001.00 1350.54 100.138999 0.0000000000000000 0.000000 250.029455 -1171812.413318 30.224139 124.916708 -20.247497 1423.687923 -6.446 -6.446 0.000000 3.313213 0.000 0 0.000
38901.00 1350.34 100.138999 0.0000000000000000 0.000000 250.029455 -1172114.665021 30.226202 124.923260 -20.254846 1423.630006 -6.452 -6.452 0.000000 3.312987 0.000 0 0.000
38801.00 1350.14 100.138999 0.0000000000000000 0.000000 250.029455 -1172416.937366 30.228268 124.929814 -20.262203 1423.572333 -6.457 -6.457 0.000000 3.312760 0.000 0 0.000
38701.00 1349.93 100.138999 0.0000000000000000 0.000000 250.029455 -1172719.230385 30.230337 124.936370 -20.269568 1423.514907 -6.463 -6.463 0.000000 3.312533 0.000 0 0.000
38601.00 1349.73 100.138999 0.0000000000000000 0.000000 250.029455 -1173021.544111 30.232409 124.942928 -20.276941 1423.457730 -6.468 -6.468 0.000000 3.312306 0.000 0 0.000
38501.00 1349.52 100.138999 0.0000000000000000 0.000000 250.029455 -1173323.878576 30.234485 124.949488 -20.284322 1423.400807 -6.474 -6.474 0.000000 3.312079 0.000 0 0.000
38401.00 1349.32 100.138999 0.0000000000000000 0.000000 250.029455 -1173626.233816 30.236564 124.956049 -20.291712 1423.344138 -6.479 -6.479 0.000000 3.311851 0.000 0 0.000
38301.00 1349.12 100.138999 0.0000000000000000 0.000000 250.029455 -1173928.609862 30.238646 124.962613 -20.299110 1423.287727 -6.485 -6.485 0.000000 3.311623 0.000 0 0.000
38201.00 1348.91 100.138999 0.0000000000000000 0.000000 250.029455 -1174231.006750 30.240732 124.969178 -20.306516 1423.231578 -6.490 -6.490 0.000000 3.311395 0.000 0 0.000
38101.00 1348.71 100.138999 0.0000000000000000 0.000000 250.029455 -1174533.424513 30.242821 124.975746 -20.313931 1423.175692 -6.496 -6.496 0.000000 3.311166 0.000 0 0.000
38001.00 1348.50 100.138999 0.0000000000000000 0.000000 250.029455 -1174835.863187 30.244914 124.982316 -20.321354 1423.120073 -6.502 -6.502 0.000000 3.310937 0.000 0 0.000
37901.00 1348.30 100.138999 0.0000000000000000 0.000000 250.029455 -1175138.322806 30.247010 124.988888 -20.328786 1423.064723 -6.507 -6.507 0.000000 3.310707 0.000 0 0.000
37801.00 1348.09 100.138999 0.0000000000000000 0.000000 250.029455 -1175440.803405 30.249110 124.995462 -20.336227 1423.009647 -6.513 -6.513 0.000000 3.310478 0.000 0 0.000
37701.00 1347.89 100.138999 0.0000000000000000 0.000000 250.029455 -1175743.305021 30.251214 125.002039 -20.343677 1422.954846 -6.519 -6.519 0.000000 3.310247 0.000 0 0.000
37601.00 1347.69 100.138999 0.0000000000000000 0.000000 250.029455 -1176045.827689 30.253321 125.008617 -20.351136 1422.900324 -6.524 -6.524 0.000000 3.310017 0.000 0 0.000
37501.00 1347.48 100.138999 0.0000000000000000 0.000000 250.029455 -1176348.371445 30.255431 125.015199 -20.358604 1422.846085 -6.530 -6.530 0.000000 3.309786 0.000 0 0.000
37401.00 1347.28 100.138999 0.0000000000000000 0.000000 250.029455 -1176650.936327 30.257546 125.021782 -20.366082 1422.792131 -6.536 -6.536 0.000000 3.309555 0.000 0 0.000
37301.00 1347.07 100.138999 0.0000000000000000 0.000000 250.029455 -1176953.522371 30.259664 125.028369 -20.373569 1422.738467 -6.541 -6.541 0.000000 3.309323 0.000 0 0.000
37201.00 1346.87 100.138999 0.0000000000000000 0.000000 250.029455 -1177256.129615 30.261786 125.034957 -20.381065 1422.685094 -6.547 -6.547 0.000000 3.309091 0.000 0 0.000
37101.00 1346.66 100.138999 0.0000000000000000 0.000000 250.029455 -1177558.758097 30.263911 125.041549 -20.388571 1422.632018 -6.553 -6.553 0.000000 3.308858 0.000 0 0.000
37001.00 1346.46 100.138999 0.0000000000000000 0.000000 250.029455 -1177861.407855 30.266041 125.048143 -20.396086 1422.579240 -6.559 -6.559 0.000000 3.308626 0.000 0 0.000
36901.00 1346.25 100.138999 0.0000000000000000 0.000000 250.029455 -1178164.078927 30.268174 125.054740 -20.403611 1422.526766 -6.565 -6.565 0.000000 3.308392 0.000 0 0.000
36801.00 1346.05 100.138999 0.0000000000000000 0.000000 250.029455 -1178466.771352 30.270312 125.061339 -20.411147 1422.474598 -6.570 -6.570 0.000000 3.308159 0.000 0 0.000
36701.00 1345.84 100.138999 0.0000000000000000 0.000000 250.029455 -1178769.485170 30.272453 125.067942 -20.418692 1422.422740 -6.576 -6.576 0.000000 3.307925 0.000 0 0.000
36601.00 1345.64 100.138999 0.0000000000000000 0.000000 250.029455 -1179072.220421 30.274598 125.074547 -20.426247 1422.371196 -6.582 -6.582 0.000000 3.307690 0.000 0 0.000
36501.00 1345.43 100.138999 0.0000000000000000 0.000000 250.029455 -1179374.977145 30.276747 125.081156 -20.433813 1422.319971 -6.588 -6.588 0.000000 3.307456 0.000 0 0.000
36401.00 1345.22 100.138999 0.0000000000000000 0.000000 250.029455 -1179677.755382 30.278901 125.087767 -20.441389 1422.269067 -6.594 -6.594 0.000000 3.307220 0.000 0 0.000
36301.00 1345.02 100.138999 0.0000000000000000 0.000000 250.029455 -1179980.555174 30.281058 125.094382 -20.448975 1422.218488 -6.600 -6.600 0.000000 3.306985 0.000 0 0.000
36201.00 1344.81 100.138999 0.0000000000000000 0.000000 250.029455 -1180283.376561 30.283220 125.101000 -20.456572 1422.168240 -6.606 -6.606 0.000000 3.306749 0.000 0 0.000
36101.00 1344.61 100.138999 0.0000000000000000 0.000000 250.029455 -1180586.219587 30.285386 125.107621 -20.464180 1422.118325 -6.612 -6.612 0.000000 3.306512 0.000 0 0.000
36001.00 1344.40 100.138999 0.0000000000000000 0.000000 250.029455 -1180889.084293 30.287556 125.114245 -20.471799 1422.068749 -6.618 -6.618 0.000000 3.306275 0.000 0 0.000
35901.00 1344.20 100.138999 0.0000000000000000 0.000000 250.029455 -1181191.970722 30.289731 125.120873 -20.479429 1422.019515 -6.624 -6.624 0.000000 3.306038 0.000 0 0.000
35801.00 1343.99 100.138999 0.0000000000000000 0.000000 250.029455 -1181494.878918 30.291909 125.127505 -20.487070 1421.970629 -6.630 -6.630 0.000000 3.305800 0.000 0 0.000
35701.00 1343.78 100.138999 0.0000000000000000 0.000000 250.029455 -1181797.808924 30.294093 125.134140 -20.494722 1421.922093 -6.636 -6.636 0.000000 3.305562 0.000 0 0.000
35601.00 1343.58 100.138999 0.0000000000000000 0.000000 250.029455 -1182100.760785 30.296280 125.140778 -20.502386 1421.873914 -6.642 -6.642 0.000000 3.305323 0.000 0 0.000
35501.00 1343.37 100.138999 0.0000000000000000 0.000000 250.029455 -1182403.734545 30.298473 125.147421 -20.510061 1421.826095 -6.648 -6.648 0.000000 3.305084 0.000 0 0.000
35401.00 1343.16 100.138999 0.0000000000000000 0.000000 250.029455 -1182706.730250 30.300669 125.154067 -20.517748 1421.778641 -6.654 -6.654 0.000000 3.304844 0.000 0 0.000
35301.00 1342.96 100.138999 0.0000000000000000 0.000000 250.029455 -1183009.747946 30.302871 125.160717 -20.525448 1421.731558 -6.660 -6.660 0.000000 3.304604 0.000 0 0.000
35201.00 1342.75 100.138999 0.0000000000000000 0.000000 250.029455 -1183312.787679 30.305077 125.167371 -20.533159 1421.684849 -6.667 -6.667 0.000000 3.304364 0.000 0 0.000
35101.00 1342.54 100.138999 0.0000000000000000 0.000000 250.029455 -1183615.849496 30.307287 125.174029 -20.540882 1421.638521 -6.673 -6.673 0.000000 3.304123 0.000 0 0.000
35001.00 1342.34 100.138999 0.0000000000000000 0.000000 250.029455 -1183918.933444 30.309503 125.180692 -20.548617 1421.592578 -6.679 -6.679 0.000000 3.303881 0.000 0 0.000
34901.00 1342.13 100.138999 0.0000000000000000 0.000000 250.029455 -1184222.039572 30.311723 125.187358 -20.556366 1421.547025 -6.685 -6.685 0.000000 3.303639 0.000 0 0.000
34801.00 1341.92 100.138999 0.0000000000000000 0.000000 250.029455 -1184525.167928 30.313949 125.194029 -20.564126 1421.501868 -6.692 -6.692 0.000000 3.303397 0.000 0 0.000
34701.00 1341.72 100.138999 0.0000000000000000 0.000000 250.029455 -1184828.318561 30.316179 125.200705 -20.571900 1421.457112 -6.698 -6.698 0.000000 3.303154 0.000 0 0.000
34601.00 1341.51 100.138999 0.0000000000000000 0.000000 250.029455 -1185131.491522 30.318414 125.207385 -20.579687 1421.412763 -6.704 -6.704 0.000000 3.302910 0.000 0 0.000
34501.00 1341.30 100.138999 0.0000000000000000 0.000000 250.029455 -1185434.686859 30.320654 125.214069 -20.587487 1421.368827 -6.711 -6.711 0.000000 3.302666 0.000 0 0.000
34401.00 1341.09 100.138999 0.0000000000000000 0.000000 250.029455 -1185737.904625 30.322900 125.220759 -20.595300 1421.325308 -6.717 -6.717 0.000000 3.302422 0.000 0 0.000
34301.00 1340.89 100.138999 0.0000000000000000 0.000000 250.029455 -1186041.144871 30.325150 125.227453 -20.603127 1421.282214 -6.723 -6.723 0.000000 3.302177 0.000 0 0.000
34201.00 1340.68 100.138999 0.0000000000000000 0.000000 250.029455 -1186344.407650 30.327406 125.234152 -20.610967 1421.239549 -6.730 -6.730 0.000000 3.301931 0.000 0 0.000
34101.00 1340.47 100.138999 0.0000000000000000 0.000000 250.029455 -1186647.693014 30.329667 125.240856 -20.618822 1421.197321 -6.736 -6.736 0.000000 3.301685 0.000 0 0.000
34001.00 1340.26 100.138999 0.0000000000000000 0.000000 250.029455 -1186951.001016 30.331934 125.247566 -20.626690 1421.155536 -6.743 -6.743 0.000000 3.301438 0.000 0 0.000
33901.00 1340.05 100.138999 0.0000000000000000 0.000000 250.029455 -1187254.331712 30.334206 125.254280 -20.634573 1421.114199 -6.749 -6.749 0.000000 3.301191 0.000 0 0.000
33801.00 1339.85 100.138999 0.0000000000000000 0.000000 250.029455 -1187557.685157 30.336484 125.261001 -20.642470 1421.073318 -6.756 -6.756 0.000000 3.300943 0.000 0 0.000
33701.00 1339.64 100.138999 0.0000000000000000 0.000000 250.029455 -1187861.061405 30.338767 125.267726 -20.650382 1421.032898 -6.762 -6.762 0.000000 3.300694 0.000 0 0.000
33601.00 1339.43 100.138999 0.0000000000000000 0.000000 250.029455 -1188164.460513 30.341056 125.274457 -20.658309 1420.992948 -6.769 -6.769 0.000000 3.300445 0.000 0 0.000
33501.00 1339.22 100.138999 0.0000000000000000 0.000000 250.029455 -1188467.882539 30.343350 125.281195 -20.666251 1420.953474 -6.775 -6.775 0.000000 3.300196 0.000 0 0.000
33401.00 1339.01 100.138999 0.0000000000000000 0.000000 250.029455 -1188771.327540 30.345651 125.287937 -20.674208 1420.914483 -6.782 -6.782 0.000000 3.299946 0.000 0 0.000
33301.00 1338.80 100.138999 0.0000000000000000 0.000000 250.029455 -1189074.795576 30.347957 125.294686 -20.682181 1420.875982 -6.789 -6.789 0.000000 3.299695 0.000 0 0.000
33201.00 1338.59 100.138999 0.0000000000000000 0.000000 250.029455 -1189378.286705 30.350270 125.301442 -20.690170 1420.837978 -6.795 -6.795 0.000000 3.299443 0.000 0 0.000
33101.00 1338.39 100.138999 0.0000000000000000 0.000000 250.029455 -1189681.800989 30.352588 125.308203 -20.698175 1420.800480 -6.802 -6.802 0.000000 3.299191 0.000 0 0.000
33001.00 1338.18 100.138999 0.0000000000000000 0.000000 250.029455 -1189985.338488 30.354913 125.314971 -20.706196 1420.763496 -6.809 -6.809 0.000000 3.298939 0.000 0 0.000
32901.00 1337.97 100.138999 0.0000000000000000 0.000000 250.029455 -1190288.899263 30.357244 125.321745 -20.714233 1420.727032 -6.816 -6.816 0.000000 3.298685 0.000 0 0.000
32801.00 1337.76 100.138999 0.0000000000000000 0.000000 250.029455 -1190592.483379 30.359581 125.328526 -20.722287 1420.691097 -6.822 -6.822 0.000000 3.298432 0.000 0 0.000
32701.00 1337.55 100.138999 0.0000000000000000 0.000000 250.029455 -1190896.090899 30.361924 125.335314 -20.730358 1420.655700 -6.829 -6.829 0.000000 3.298177 0.000 0 0.000
32601.00 1337.34 100.138999 0.0000000000000000 0.000000 250.029455 -1191199.721888 30.364274 125.342109 -20.738446 1420.620848 -6.836 -6.836 0.000000 3.297922 0.000 0 0.000
32501.00 1337.13 100.138999 0.0000000000000000 0.000000 250.029455 -1191503.376410 30.366631 125.348912 -20.746552 1420.586551 -6.843 -6.843 0.000000 3.297666 0.000 0 0.000
32401.00 1336.92 100.138999 0.0000000000000000 0.000000 250.029455 -1191807.054533 30.368995 125.355721 -20.754675 1420.552818 -6.850 -6.850 0.000000 3.297409 0.000 0 0.000
32301.00 1336.71 100.138999 0.0000000000000000 0.000000 250.029455 -1192110.756324 30.371365 125.362538 -20.762816 1420.519657 -6.857 -6.857 0.000000 3.297152 0.000 0 0.000
32201.00 1336.50 100.138999 0.0000000000000000 0.000000 250.029455 -1192414.481852 30.373742 125.369363 -20.770976 1420.487078 -6.864 -6.864 0.000000 3.296894 0.000 0 0.000
32101.00 1336.29 100.138999 0.0000000000000000 0.000000 250.029455 -1192718.231186 30.376126 125.376195 -20.779154 1420.455090 -6.871 -6.871 0.000000 3.296635 0.000 0 0.000
32001.00 1336.08 100.138999 0.0000000000000000 0.000000 250.029455 -1193022.004396 30.378517 125.383036 -20.787351 1420.423703 -6.878 -6.878 0.000000 3.296375 0.000 0 0.000
31901.00 1335.86 100.138999 0.0000000000000000 0.000000 250.029455 -1193325.801554 30.380916 125.389884 -20.795567 1420.392926 -6.885 -6.885 0.000000 3.296115 0.000 0 0.000
31801.00 1335.65 100.138999 0.0000000000000000 0.000000 250.029455 -1193629.622733 30.383321 125.396741 -20.803803 1420.362771 -6.892 -6.892 0.000000 3.295854 0.000 0 0.000
31701.00 1335.44 100.138999 0.0000000000000000 0.000000 250.029455 -1193933.468007 30.385735 125.403607 -20.812058 1420.333247 -6.899 -6.899 0.000000 3.295593 0.000 0 0.000
31601.00 1335.23 100.138999 0.0000000000000000 0.000000 250.029455 -1194237.337450 30.388155 125.410481 -20.820333 1420.304366 -6.906 -6.906 0.000000 3.295330 0.000 0 0.000
31501.00 1335.02 100.138999 0.0000000000000000 0.000000 250.029455 -1194541.231138 30.390584 125.417365 -20.828629 1420.276137 -6.914 -6.914 0.000000 3.295067 0.000 0 0.000
31401.00 1334.81 100.138999 0.0000000000000000 0.000000 250.029455 -1194845.149149 30.393020 125.424257 -20.836945 1420.248572 -6.921 -6.921 0.000000 3.294803 0.000 0 0.000
31301.00 1334.59 100.138999 0.0000000000000000 0.000000 250.029455 -1195149.091561 30.395464 125.431159 -20.845282 1420.221683 -6.928 -6.928 0.000000 3.294538 0.000 0 0.000
31201.00 1334.38 100.138999 0.0000000000000000 0.000000 250.029455 -1195453.058453 30.397916 125.438070 -20.853641 1420.195481 -6.935 -6.935 0.000000 3.294272 0.000 0 0.000
31101.00 1334.17 100.138999 0.0000000000000000 0.000000 250.029455 -1195757.049907 30.400376 125.444991 -20.862021 1420.169978 -6.943 -6.943 0.000000 3.294005 0.000 0 0.000
31001.00 1333.96 100.138999 0.0000000000000000 0.000000 250.029455 -1196061.066005 30.402845 125.451922 -20.870423 1420.145187 -6.950 -6.950 0.000000 3.293738 0.000 0 0.000
30901.00 1333.74 100.138999 0.0000000000000000 0.000000 250.029455 -1196365.106831 30.405322 125.458864 -20.878848 1420.121120 -6.958 -6.958 0.000000 3.293469 0.000 0 0.000
30801.00 1333.53 100.138999 0.0000000000000000 0.000000 250.029455 -1196669.172468 30.407807 125.465815 -20.887295 1420.097789 -6.965 -6.965 0.000000 3.293200 0.000 0 0.000
30701.00 1333.32 100.138999 0.0000000000000000 0.000000 250.029455 -1196973.263004 30.410301 125.472778 -20.895766 1420.075208 -6.973 -6.973 0.000000 3.292930 0.000 0 0.000
30601.00 1333.10 100.138999 0.0000000000000000 0.000000 250.029455 -1197277.378526 30.412804 125.479751 -20.904260 1420.053391 -6.980 -6.980 0.000000 3.292659 0.000 0 0.000
30501.00 1332.89 100.138999 0.0000000000000000 0.000000 250.029455 -1197581.519124 30.415317 125.486736 -20.912778 1420.032351 -6.988 -6.988 0.000000 3.292387 0.000 0 0.000
30401.00 1332.68 100.138999 0.0000000000000000 0.000000 250.029455 -1197885.684887 30.417838 125.493732 -20.921321 1420.012103 -6.995 -6.995 0.000000 3.292114 0.000 0 0.000
30301.00 1332.46 100.138999 0.0000000000000000 0.000000 250.029455 -1198189.875909 30.420368 125.500740 -20.929888 1419.992660 -7.003 -7.003 0.000000 3.291840 0.000 0 0.000
30201.00 1332.25 100.138999 0.0000000000000000 0.000000 250.029455 -1198494.092283 30.422908 125.507760 -20.938481 1419.974039 -7.011 -7.011 0.000000 3.291566 0.000 0 0.000
30101.00 1332.03 100.138999 0.0000000000000000 0.000000 250.029455 -1198798.334104 30.425458 125.514792 -20.947099 1419.956253 -7.018 -7.018 0.000000 3.291290 0.000 0 0.000
30001.00 1331.82 100.138999 0.0000000000000000 0.000000 250.029455 -1199102.601470 30.428017 125.521836 -20.955743 1419.939319 -7.026 -7.026 0.000000 3.291013 0.000 0 0.000
29901.00 1331.60 100.138999 0.0000000000000000 0.000000 250.029455 -1199406.894479 30.430586 125.528893 -20.964414 1419.923253 -7.034 -7.034 0.000000 3.290735 0.000 0 0.000
29801.00 1331.39 100.138999 0.0000000000000000 0.000000 250.029455 -1199711.213231 30.433166 125.535964 -20.973111 1419.908071 -7.042 -7.042 0.000000 3.290456 0.000 0 0.000
29701.00 1331.17 100.138999 0.0000000000000000 0.000000 250.029455 -1200015.557829 30.435756 125.543048 -20.981837 1419.893789 -7.050 -7.050 0.000000 3.290176 0.000 0 0.000
29601.00 1330.96 100.138999 0.0000000000000000 0.000000 250.029455 -1200319.928376 30.438356 125.550146 -20.990590 1419.880426 -7.058 -7.058 0.000000 3.289895 0.000 0 0.000
29501.00 1330.74 100.138999 0.0000000000000000 0.000000 250.029455 -1200624.324979 30.440967 125.557258 -20.999371 1419.867999 -7.066 -7.066 0.000000 3.289613 0.000 0 0.000
29401.00 1330.53 100.138999 0.0000000000000000 0.000000 250.029455 -1200928.747746 30.443588 125.564384 -21.008182 1419.856527 -7.074 -7.074 0.000000 3.289330 0.000 0 0.000
29301.00 1330.31 100.138999 0.0000000000000000 0.000000 250.029455 -1201233.196785 30.446221 125.571525 -21.017022 1419.846026 -7.082 -7.082 0.000000 3.289045 0.000 0 0.000
29201.00 1330.09 100.138999 0.0000000000000000 0.000000 250.029455 -1201537.672209 30.448865 125.578681 -21.025892 1419.836518 -7.090 -7.090 0.000000 3.288760 0.000 0 0.000
29101.00 1329.87 100.138999 0.0000000000000000 0.000000 250.029455 -1201842.174132 30.451521 125.585852 -21.034793 1419.828021 -7.098 -7.098 0.000000 3.288473 0.000 0 0.000
29001.00 1329.66 100.138999 0.0000000000000000 0.000000 250.029455 -1202146.702668 30.454188 125.593040 -21.043725 1419.820555 -7.106 -7.106 0.000000 3.288185 0.000 0 0.000
28901.00 1329.44 100.138999 0.0000000000000000 0.000000 250.029455 -1202451.257938 30.456868 125.600243 -21.052689 1419.814142 -7.115 -7.115 0.000000 3.287896 0.000 0 0.000
28801.00 1329.22 100.138999 0.0000000000000000 0.000000 250.029455 -1202755.840060 30.459559 125.607463 -21.061685 1419.808802 -7.123 -7.123 0.000000 3.287605 0.000 0 0.000
28701.00 1329.00 100.138999 0.0000000000000000 0.000000 250.029455 -1203060.449157 30.462263 125.614701 -21.070714 1419.804557 -7.131 -7.131 0.000000 3.287313 0.000 0 0.000
28601.00 1328.79 100.138999 0.0000000000000000 0.000000 250.029455 -1203365.085354 30.464979 125.621955 -21.079777 1419.801430 -7.140 -7.140 0.000000 3.287020 0.000 0 0.000
28501.00 1328.57 100.138999 0.0000000000000000 0.000000 250.029455 -1203669.748778 30.467708 125.629228 -21.088874 1419.799442 -7.148 -7.148 0.000000 3.286726 0.000 0 0.000
28401.00 1328.35 100.138999 0.0000000000000000 0.000000 250.029455 -1203974.439560 30.470450 125.636518 -21.098006 1419.798619 -7.157 -7.157 0.000000 3.286430 0.000 0 0.000
28301.00 1328.13 100.138999 0.0000000000000000 0.000000 250.029455 -1204279.157831 30.473206 125.643828 -21.107173 1419.798983 -7.166 -7.166 0.000000 3.286133 0.000 0 0.000
28201.00 1327.91 100.138999 0.0000000000000000 0.000000 250.029455 -1204583.903725 30.475975 125.651156 -21.116377 1419.800561 -7.174 -7.174 0.000000 3.285834 0.000 0 0.000
28101.00 1327.69 100.138999 0.0000000000000000 0.000000 250.029455 -1204888.677381 30.478758 125.658504 -21.125617 1419.803376 -7.183 -7.183 0.000000 3.285534 0.000 0 0.000
28001.00 1327.47 100.138999 0.0000000000000000 0.000000 250.029455 -1205193.478939 30.481556 125.665872 -21.134896 1419.807456 -7.192 -7.192 0.000000 3.285233 0.000 0 0.000
27901.00 1327.25 100.138999 0.0000000000000000 0.000000 250.029455 -1205498.308542 30.484367 125.673261 -21.144213 1419.812827 -7.201 -7.201 0.000000 3.284930 0.000 0 0.000
27801.00 1327.03 100.138999 0.0000000000000000 0.000000 250.029455 -1205803.166334 30.487194 125.680671 -21.153569 1419.819517 -7.209 -7.209 0.000000 3.284625 0.000 0 0.000
27701.00 1326.80 100.138999 0.0000000000000000 0.000000 250.029455 -1206108.052467 30.490035 125.688103 -21.162965 1419.827554 -7.218 -7.218 0.000000 3.284319 0.000 0 0.000
27601.00 1326.58 100.138999 0.0000000000000000 0.000000 250.029455 -1206412.967090 30.492892 125.695556 -21.172402 1419.836968 -7.227 -7.227 0.000000 3.284011 0.000 0 0.000
27501.00 1326.36 100.138999 0.0000000000000000 0.000000 250.029455 -1206717.910360 30.495764 125.703033 -21.181880 1419.847788 -7.236 -7.236 0.000000 3.283702 0.000 0 0.000
27401.00 1326.14 100.138999 0.0000000000000000 0.000000 250.029455 -1207022.882433 30.498653 125.710532 -21.191401 1419.860045 -7.246 -7.246 0.000000 3.283391 0.000 0 0.000
27301.00 1325.91 100.138999 0.0000000000000000 0.000000 250.029455 -1207327.883473 30.501558 125.718056 -21.200966 1419.873771 -7.255 -7.255 0.000000 3.283078 0.000 0 0.000
27201.00 1325.69 100.138999 0.0000000000000000 0.000000 250.029455 -1207632.913643 30.504479 125.725604 -21.210575 1419.888999 -7.264 -7.264 0.000000 3.282764 0.000 0 0.000
27101.00 1325.47 100.138999 0.0000000000000000 0.000000 250.029455 -1207937.973111 30.507418 125.733177 -21.220229 1419.905761 -7.273 -7.273 0.000000 3.282448 0.000 0 0.000
27001.00 1325.24 100.138999 0.0000000000000000 0.000000 250.029455 -1208243.062051 30.510373 125.740776 -21.229929 1419.924093 -7.283 -7.283 0.000000 3.282130 0.000 0 0.000
26901.00 1325.02 100.138999 0.0000000000000000 0.000000 250.029455 -1208548.180636 30.513347 125.748401 -21.239676 1419.944029 -7.292 -7.292 0.000000 3.281810 0.000 0 0.000
26801.00 1324.79 100.138999 0.0000000000000000 0.000000 250.029455 -1208853.329047 30.516338 125.756053 -21.249472 1419.965607 -7.302 -7.302 0.000000 3.281488 0.000 0 0.000
26701.00 1324.57 100.138999 0.0000000000000000 0.000000 250.029455 -1209158.507467 30.519349 125.763733 -21.259316 1419.988864 -7.312 -7.312 0.000000 3.281164 0.000 0 0.000
26601.00 1324.34 100.138999 0.0000000000000000 0.000000 250.029455 -1209463.716083 30.522378 125.771441 -21.269211 1420.013838 -7.321 -7.321 0.000000 3.280839 0.000 0 0.000
26501.00 1324.12 100.138999 0.0000000000000000 0.000000 250.029455 -1209768.955085 30.525426 125.779179 -21.279157 1420.040569 -7.331 -7.331 0.000000 3.280511 0.000 0 0.000
26401.00 1323.89 100.138999 0.0000000000000000 0.000000 250.029455 -1210074.224671 30.528494 125.786946 -21.289156 1420.069099 -7.341 -7.341 0.000000 3.280181 0.000 0 0.000
26301.00 1323.66 100.138999 0.0000000000000000 0.000000 250.029455 -1210379.525039 30.531583 125.794745 -21.299209 1420.099468 -7.351 -7.351 0.000000 3.279850 0.000 0 0.000
26201.00 1323.44 100.138999 0.0000000000000000 0.000000 250.029455 -1210684.856393 30.534692 125.802574 -21.309316 1420.131722 -7.361 -7.361 0.000000 3.279516 0.000 0 0.000
26101.00 1323.21 100.138999 0.0000000000000000 0.000000 250.029455 -1210990.218944 30.537822 125.810436 -21.319479 1420.165904 -7.371 -7.371 0.000000 3.279179 0.000 0 0.000
26001.00 1322.98 100.138999 0.0000000000000000 0.000000 250.029455 -1211295.612905 30.540974 125.818332 -21.329700 1420.202061 -7.381 -7.381 0.000000 3.278841 0.000 0 0.000
25901.00 1322.75 100.138999 0.0000000000000000 0.000000 250.029455 -1211601.038494 30.544148 125.826261 -21.339979 1420.240241 -7.391 -7.391 0.000000 3.278500 0.000 0 0.000
25801.00 1322.52 100.138999 0.0000000000000000 0.000000 250.029455 -1211906.495935 30.547344 125.834225 -21.350318 1420.280491 -7.402 -7.402 0.000000 3.278157 0.000 0 0.000
25701.00 1322.29 100.138999 0.0000000000000000 0.000000 250.029455 -1212211.985456 30.550564 125.842226 -21.360719 1420.322864 -7.412 -7.412 0.000000 3.277812 0.000 0 0.000
25601.00 1322.06 100.138999 0.0000000000000000 0.000000 250.029455 -1212517.507294 30.553807 125.850263 -21.371182 1420.367411 -7.423 -7.423 0.000000 3.277464 0.000 0 0.000
25501.00 1321.83 100.138999 0.0000000000000000 0.000000 250.029455 -1212823.061686 30.557075 125.858338 -21.381710 1420.414185 -7.433 -7.433 0.000000 3.277113 0.000 0 0.000
25401.00 1321.60 100.138999 0.0000000000000000 0.000000 250.029455 -1213128.648878 30.560368 125.866452 -21.392303 1420.463243 -7.444 -7.444 0.000000 3.276760 0.000 0 0.000
25301.00 1321.36 100.138999 0.0000000000000000 0.000000 250.029455 -1213434.269123 30.563686 125.874606 -21.402964 1420.514642 -7.455 -7.455 0.000000 3.276405 0.000 0 0.000
25201.00 1321.13 100.138999 0.0000000000000000 0.000000 250.029455 -1213739.922678 30.567030 125.882801 -21.413694 1420.568441 -7.466 -7.466 0.000000 3.276046 0.000 0 0.000
25101.00 1320.90 100.138999 0.0000000000000000 0.000000 250.029455 -1214045.609805 30.570400 125.891038 -21.424494 1420.624702 -7.477 -7.477 0.000000 3.275685 0.000 0 0.000
25001.00 1320.66 100.138999 0.0000000000000000 0.000000 250.029455 -1214351.330777 30.573798 125.899319 -21.435367 1420.683486 -7.488 -7.488 0.000000 3.275321 0.000 0 0.000
24901.00 1320.43 100.138999 0.0000000000000000 0.000000 250.029455 -1214657.085869 30.577225 125.907644 -21.446314 1420.744861 -7.499 -7.499 0.000000 3.274954 0.000 0 0.000
24801.00 1320.19 100.138999 0.0000000000000000 0.000000 250.029455 -1214962.875365 30.580680 125.916015 -21.457336 1420.808893 -7.510 -7.510 0.000000 3.274584 0.000 0 0.000
24701.00 1319.96 100.138999 0.0000000000000000 0.000000 250.029455 -1215268.699558 30.584164 125.924433 -21.468437 1420.875652 -7.522 -7.522 0.000000 3.274211 0.000 0 0.000
24601.00 1319.72 100.138999 0.0000000000000000 0.000000 250.029455 -1215574.558744 30.587679 125.932900 -21.479618 1420.945211 -7.533 -7.533 0.000000 3.273835 0.000 0 0.000
24501.00 1319.48 100.138999 0.0000000000000000 0.000000 250.029455 -1215880.453231 30.591224 125.941417 -21.490880 1421.017643 -7.545 -7.545 0.000000 3.273455 0.000 0 0.000
24401.00 1319.24 100.138999 0.0000000000000000 0.000000 250.029455 -1216186.383333 30.594802 125.949985 -21.502227 1421.093028 -7.556 -7.556 0.000000 3.273072 0.000 0 0.000
24301.00 1319.01 100.138999 0.0000000000000000 0.000000 250.029455 -1216492.349372 30.598412 125.958606 -21.513659 1421.171444 -7.568 -7.568 0.000000 3.272686 0.000 0 0.000
24201.00 1318.77 100.138999 0.0000000000000000 0.000000 250.029455 -1216798.351678 30.602055 125.967282 -21.525180 1421.252975 -7.580 -7.580 0.000000 3.272297 0.000 0 0.000
24101.00 1318.53 100.138999 0.0000000000000000 0.000000 250.029455 -1217104.390592 30.605733 125.976013 -21.536792 1421.337708 -7.592 -7.592 0.000000 3.271903 0.000 0 0.000
24001.00 1318.28 100.138999 0.0000000000000000 0.000000 250.029455 -1217410.466461 30.609447 125.984802 -21.548497 1421.425730 -7.605 -7.605 0.000000 3.271506 0.000 0 0.000
23901.00 1318.04 100.138999 0.0000000000000000 0.000000 250.029455 -1217716.579646 30.613196 125.993651 -21.560298 1421.517134 -7.617 -7.617 0.000000 3.271106 0.000 0 0.000
23801.00 1317.80 100.138999 0.0000000000000000 0.000000 250.029455 -1218022.730513 30.616983 126.002560 -21.572197 1421.612018 -7.630 -7.630 0.000000 3.270701 0.000 0 0.000
23701.00 1317.56 100.138999 0.0000000000000000 0.000000 250.029455 -1218328.919440 30.620809 126.011533 -21.584197 1421.710479 -7.642 -7.642 0.000000 3.270292 0.000 0 0.000
23601.00 1317.31 100.138999 0.0000000000000000 0.000000 250.029455 -1218635.146817 30.624673 126.020571 -21.596300 1421.812622 -7.655 -7.655 0.000000 3.269880 0.000 0 0.000
23501.00 1317.07 100.138999 0.0000000000000000 0.000000 250.029455 -1218941.413044 30.628579 126.029676 -21.608511 1421.918554 -7.668 -7.668 0.000000 3.269463 0.000 0 0.000
23401.00 1316.82 100.138999 0.0000000000000000 0.000000 250.029455 -1219247.718531 30.632526 126.038850 -21.620831 1422.028386 -7.681 -7.681 0.000000 3.269042 0.000 0 0.000
23301.00 1316.57 100.138999 0.0000000000000000 0.000000 250.029455 -1219554.063702 30.636516 126.048096 -21.633264 1422.142234 -7.694 -7.694 0.000000 3.268616 0.000 0 0.000
23201.00 1316.33 100.138999 0.0000000000000000 0.000000 250.029455 -1219860.448992 30.640550 126.057415 -21.645814 1422.260219 -7.707 -7.707 0.000000 3.268185 0.000 0 0.000
23101.00 1316.08 100.138999 0.0000000000000000 0.000000 250.029455 -1220166.874850 30.644629 126.066809 -21.658483 1422.382465 -7.721 -7.721 0.000000 3.267750 0.000 0 0.000
23001.00 1315.83 100.138999 0.0000000000000000 0.000000 250.029455 -1220473.341736 30.648756 126.076283 -21.671275 1422.509105 -7.735 -7.735 0.000000 3.267310 0.000 0 0.000
22901.00 1315.58 100.138999 0.0000000000000000 0.000000 250.029455 -1220779.850127 30.652930 126.085837 -21.684194 1422.640272 -7.748 -7.748 0.000000 3.266865 0.000 0 0.000
22801.00 1315.32 100.138999 0.0000000000000000 0.000000 250.029455 -1221086.400511 30.657155 126.095475 -21.697243 1422.776108 -7.762 -7.762 0.000000 3.266415 0.000 0 0.000
22701.00 1315.07 100.138999 0.0000000000000000 0.000000 250.029455 -1221392.993395 30.661431 126.105199 -21.710427 1422.916762 -7.777 -7.777 0.000000 3.265960 0.000 0 0.000
22601.00 1314.82 100.138999 0.0000000000000000 0.000000 250.029455 -1221699.629298 30.665759 126.115013 -21.723750 1423.062385 -7.791 -7.791 0.000000 3.265499 0.000 0 0.000
22501.00 1314.56 100.138999 0.0000000000000000 0.000000 250.029455 -1222006.308758 30.670142 126.124919 -21.737216 1423.213138 -7.805 -7.805 0.000000 3.265032 0.000 0 0.000
22401.00 1314.30 100.138999 0.0000000000000000 0.000000 250.029455 -1222313.032328 30.674581 126.134920 -21.750830 1423.369189 -7.820 -7.820 0.000000 3.264560 0.000 0 0.000
22301.00 1314.05 100.138999 0.0000000000000000 0.000000 250.029455 -1222619.800580 30.679079 126.145021 -21.764596 1423.530710 -7.835 -7.835 0.000000 3.264081 0.000 0 0.000
22201.00 1313.79 100.138999 0.0000000000000000 0.000000 250.029455 -1222926.614105 30.683636 126.155223 -21.778519 1423.697884 -7.850 -7.850 0.000000 3.263596 0.000 0 0.000
22101.00 1313.53 100.138999 0.0000000000000000 0.000000 250.029455 -1223233.473513 30.688256 126.165532 -21.792605 1423.870900 -7.865 -7.865 0.000000 3.263105 0.000 0 0.000
22001.00 1313.26 100.138999 0.0000000000000000 0.000000 250.029455 -1223540.379433 30.692939 126.175950 -21.806858 1424.049956 -7.881 -7.881 0.000000 3.262607 0.000 0 0.000
21901.00 1313.00 100.138999 0.0000000000000000 0.000000 250.029455 -1223847.332516 30.697689 126.186481 -21.821285 1424.235261 -7.896 -7.896 0.000000 3.262102 0.000 0 0.000
21801.00 1312.74 100.138999 0.0000000000000000 0.000000 250.029455 -1224154.333436 30.702507 126.197131 -21.835891 1424.427030 -7.912 -7.912 0.000000 3.261590 0.000 0 0.000
21701.00 1312.47 100.138999 0.0000000000000000 0.000000 250.029455 -1224461.382890 30.707396 126.207902 -21.850683 1424.625489 -7.928 -7.928 0.000000 3.261071 0.000 0 0.000
21601.00 1312.20 100.138999 0.0000000000000000 0.000000 250.029455 -1224768.481597 30.712358 126.218800 -21.865667 1424.830877 -7.945 -7.945 0.000000 3.260544 0.000 0 0.000
21501.00 1311.93 100.138999 0.0000000000000000 0.000000 250.029455 -1225075.630305 30.717396 126.229829 -21.880849 1425.043440 -7.961 -7.961 0.000000 3.260009 0.000 0 0.000
21401.00 1311.66 100.138999 0.0000000000000000 0.000000 250.029455 -1225382.829786 30.722513 126.240994 -21.896237 1425.263440 -7.978 -7.978 0.000000 3.259466 0.000 0 0.000
21301.00 1311.39 100.138999 0.0000000000000000 0.000000 250.029455 -1225690.080840 30.727711 126.252301 -21.911838 1425.491147 -7.995 -7.995 0.000000 3.258915 0.000 0 0.000
21201.00 1311.12 100.138999 0.0000000000000000 0.000000 250.029455 -1225997.384297 30.732994 126.263754 -21.927660 1425.726848 -8.013 -8.013 0.000000 3.258355 0.000 0 0.000
21101.00 1310.84 100.138999 0.0000000000000000 0.000000 250.029455 -1226304.741018 30.738365 126.275360 -21.943711 1425.970841 -8.030 -8.030 0.000000 3.257786 0.000 0 0.000
21001.00 1310.56 100.138999 0.0000000000000000 0.000000 250.029455 -1226612.151895 30.743826 126.287125 -21.960000 1426.223440 -8.048 -8.048 0.000000 3.257207 0.000 0 0.000
20901.00 1310.28 100.138999 0.0000000000000000 0.000000 250.029455 -1226919.617855 30.749382 126.299055 -21.976535 1426.484974 -8.066 -8.066 0.000000 3.256618 0.000 0 0.000
20801.00 1310.00 100.138999 0.0000000000000000 0.000000 250.029455 -1227227.139859 30.755036 126.311156 -21.993326 1426.755790 -8.085 -8.085 0.000000 3.256020 0.000 0 0.000
20701.00 1309.72 100.138999 0.0000000000000000 0.000000 250.029455 -1227534.718905 30.760791 126.323436 -22.010383 1427.036248 -8.103 -8.103 0.000000 3.255410 0.000 0 0.000
20601.00 1309.43 100.138999 0.0000000000000000 0.000000 250.029455 -1227842.356032 30.766652 126.335901 -22.027716 1427.326731 -8.122 -8.122 0.000000 3.254790 0.000 0 0.000
20501.00 1309.14 100.138999 0.0000000000000000 0.000000 250.029455 -1228150.052319 30.772624 126.348561 -22.045337 1427.627639 -8.142 -8.142 0.000000 3.254159 0.000 0 0.000
20401.00 1308.85 100.138999 0.0000000000000000 0.000000 250.029455 -1228457.808888 30.778710 126.361422 -22.063255 1427.939393 -8.161 -8.161 0.000000 3.253515 0.000 0 0.000
20301.00 1308.56 100.138999 0.0000000000000000 0.000000 250.029455 -1228765.626906 30.784914 126.374493 -22.081485 1428.262435 -8.181 -8.181 0.000000 3.252859 0.000 0 0.000
20201.00 1308.26 100.138999 0.0000000000000000 0.000000 250.029455 -1229073.507590 30.791243 126.387783 -22.100038 1428.597230 -8.201 -8.201 0.000000 3.252191 0.000 0 0.000
20101.00 1307.96 100.138999 0.0000000000000000 0.000000 250.029455 -1229381.452204 30.797701 126.401302 -22.118928 1428.944269 -8.222 -8.222 0.000000 3.251509 0.000 0 0.000
20001.00 1307.66 100.138999 0.0000000000000000 0.000000 250.029455 -1229689.462068 30.804294 126.415060 -22.138169 1429.304067 -8.243 -8.243 0.000000 3.250813 0.000 0 0.000
19901.00 1307.36 100.138999 0.0000000000000000 0.000000 250.029455 -1229997.538556 30.811027 126.429066 -22.157776 1429.677166 -8.265 -8.265 0.000000 3.250103 0.000 0 0.000
19801.00 1307.05 100.138999 0.0000000000000000 0.000000 250.029455 -1230305.683103 30.817907 126.443333 -22.177765 1430.064139 -8.286 -8.286 0.000000 3.249377 0.000 0 0.000
19701.00 1306.74 100.138999 0.0000000000000000 0.000000 250.029455 -1230613.897202 30.824939 126.457872 -22.198152 1430.465587 -8.309 -8.309 0.000000 3.248636 0.000 0 0.000
19601.00 1306.43 100.138999 0.0000000000000000 0.000000 250.029455 -1230922.182417 30.832131 126.472695 -22.218954 1430.882143 -8.331 -8.331 0.000000 3.247878 0.000 0 0.000
19501.00 1306.11 100.138999 0.0000000000000000 0.000000 250.029455 -1231230.540375 30.839489 126.487816 -22.240191 1431.314478 -8.354 -8.354 0.000000 3.247103 0.000 0 0.000
19401.00 1305.79 100.138999 0.0000000000000000 0.000000 250.029455 -1231538.972740 30.846807 126.502870 -22.261288 1431.742481 -8.377 -8.377 0.000000 3.246333 0.000 0 0.000
19301.00 1305.61 100.138999 0.0000000000000000 0.000000 250.029455 -1231847.451071 30.848859 126.508667 -22.267842 1431.659633 -8.382 -8.382 0.000000 3.246117 0.000 0 0.000
19201.00 1305.42 100.138999 0.0000000000000000 0.000000 250.029455 -1232155.949933 30.850913 126.514462 -22.274397 1431.576780 -8.387 -8.387 0.000000 3.245901 0.000 0 0.000
19101.00 1305.23 100.138999 0.0000000000000000 0.000000 250.029455 -1232464.469336 30.852968 126.520255 -22.280952 1431.493921 -8.393 -8.393 0.000000 3.245684 0.000 0 0.000
19001.00 1305.04 100.138999 0.0000000000000000 0.000000 250.029455 -1232773.009292 30.855024 126.526046 -22.287508 1431.411056 -8.398 -8.398 0.000000 3.245468 0.000 0 0.000
18901.00 1304.85 100.138999 0.0000000000000000 0.000000 250.029455 -1233081.569811 30.857080 126.531835 -22.294064 1431.328185 -8.403 -8.403 0.000000 3.245252 0.000 0 0.000
18801.00 1304.67 100.138999 0.0000000000000000 0.000000 250.029455 -1233390.150905 30.859138 126.537622 -22.300621 1431.245308 -8.408 -8.408 0.000000 3.245035 0.000 0 0.000
18701.00 1304.48 100.138999 0.0000000000000000 0.000000 250.029455 -1233698.752584 30.861198 126.543408 -22.307178 1431.162423 -8.414 -8.414 0.000000 3.244819 0.000 0 0.000
18601.00 1304.29 100.138999 0.0000000000000000 0.000000 250.029455 -1234007.374860 30.863258 126.549191 -22.313736 1431.079532 -8.419 -8.419 0.000000 3.244602 0.000 0 0.000
18501.00 1304.10 100.138999 0.0000000000000000 0.000000 250.029455 -1234316.017745 30.865319 126.554972 -22.320295 1430.996633 -8.424 -8.424 0.000000 3.244386 0.000 0 0.000
18401.00 1303.91 100.138999 0.0000000000000000 0.000000 250.029455 -1234624.681249 30.867382 126.560752 -22.326854 1430.913726 -8.429 -8.429 0.000000 3.244169 0.000 0 0.000
18301.00 1303.72 100.138999 0.0000000000000000 0.000000 250.029455 -1234933.365383 30.869445 126.566529 -22.333414 1430.830812 -8.435 -8.435 0.000000 3.243952 0.000 0 0.000
18201.00 1303.54 100.138999 0.0000000000000000 0.000000 250.029455 -1235242.070159 30.871510 126.572304 -22.339974 1430.747890 -8.440 -8.440 0.000000 3.243735 0.000 0 0.000
18101.00 1303.35 100.138999 0.0000000000000000 0.000000 250.029455 -1235550.795588 30.873576 126.578078 -22.346535 1430.664959 -8.445 -8.445 0.000000 3.243518 0.000 0 0.000
18001.00 1303.16 100.138999 0.0000000000000000 0.000000 250.029455 -1235859.541682 30.875643 126.583849 -22.353096 1430.582019 -8.450 -8.450 0.000000 3.243301 0.000 0 0.000
17901.00 1302.97 100.138999 0.0000000000000000 0.000000 250.029455 -1236168.308451 30.877711 126.589619 -22.359658 1430.499070 -8.456 -8.456 0.000000 3.243084 0.000 0 0.000
17801.00 1302.78 100.138999 0.0000000000000000 0.000000 250.029455 -1236477.095908 30.879780 126.595386 -22.366221 1430.416112 -8.461 -8.461 0.000000 3.242866 0.000 0 0.000
17701.00 1302.60 100.138999 0.0000000000000000 0.000000 250.029455 -1236785.904063 30.881851 126.601152 -22.372784 1430.333145 -8.466 -8.466 0.000000 3.242649 0.000 0 0.000
17601.00 1302.41 100.138999 0.0000000000000000 0.000000 250.029455 -1237094.732928 30.883922 126.606915 -22.379348 1430.250167 -8.471 -8.471 0.000000 3.242431 0.000 0 0.000
17501.00 1302.22 100.138999 0.0000000000000000 0.000000 250.029455 -1237403.582514 30.885995 126.612677 -22.385913 1430.167179 -8.477 -8.477 0.000000 3.242214 0.000 0 0.000
17401.00 1302.03 100.138999 0.0000000000000000 0.000000 250.029455 -1237712.452833 30.888069 126.618437 -22.392478 1430.084181 -8.482 -8.482 0.000000 3.241996 0.000 0 0.000
17301.00 1301.84 100.138999 0.0000000000000000 0.000000 250.029455 -1238021.343897 30.890144 126.624194 -22.399043 1430.001172 -8.487 -8.487 0.000000 3.241778 0.000 0 0.000
17201.00 1301.66 100.138999 0.0000000000000000 0.000000 250.029455 -1238330.255716 30.892220 126.629950 -22.405609 1429.918152 -8.492 -8.492 0.000000 3.241560 0.000 0 0.000
17101.00 1301.47 100.138999 0.0000000000000000 0.000000 250.029455 -1238639.188303 30.894297 126.635703 -22.412176 1429.835120 -8.498 -8.498 0.000000 3.241342 0.000 0 0.000
17001.00 1301.28 100.138999 0.0000000000000000 0.000000 250.029455 -1238948.141670 30.896376 126.641455 -22.418744 1429.752077 -8.503 -8.503 0.000000 3.241124 0.000 0 0.000
16901.00 1301.09 100.138999 0.0000000000000000 0.000000 250.029455 -1239257.115826 30.898456 126.647204 -22.425312 1429.669021 -8.508 -8.508 0.000000 3.240906 0.000 0 0.000
16801.00 1300.90 100.138999 0.0000000000000000 0.000000 250.029455 -1239566.110786 30.900536 126.652952 -22.431880 1429.585953 -8.513 -8.513 0.000000 3.240688 0.000 0 0.000
16701.00 1300.71 100.138999 0.0000000000000000 0.000000 250.029455 -1239875.126559 30.902618 126.658698 -22.438449 1429.502872 -8.519 -8.519 0.000000 3.240470 0.000 0 0.000
16601.00 1300.53 100.138999 0.0000000000000000 0.000000 250.029455 -1240184.163158 30.904702 126.664441 -22.445019 1429.419778 -8.524 -8.524 0.000000 3.240251 0.000 0 0.000
16501.00 1300.34 100.138999 0.0000000000000000 0.000000 250.029455 -1240493.220595 30.906786 126.670183 -22.451590 1429.336670 -8.529 -8.529 0.000000 3.240033 0.000 0 0.000
16401.00 1300.15 100.138999 0.0000000000000000 0.000000 250.029455 -1240802.298881 30.908871 126.675922 -22.458161 1429.253549 -8.535 -8.535 0.000000 3.239814 0.000 0 0.000
16301.00 1299.96 100.138999 0.0000000000000000 0.000000 250.029455 -1241111.398029 30.910958 126.681660 -22.464732 1429.170413 -8.540 -8.540 0.000000 3.239595 0.000 0 0.000
16201.00 1299.77 100.138999 0.0000000000000000 0.000000 250.029455 -1241420.518049 30.913046 126.687395 -22.471305 1429.087263 -8.545 -8.545 0.000000 3.239377 0.000 0 0.000
16101.00 1299.58 100.138999 0.0000000000000000 0.000000 250.029455 -1241729.658954 30.915135 126.693128 -22.477878 1429.004098 -8.550 -8.550 0.000000 3.239158 0.000 0 0.000
16001.00 1299.40 100.138999 0.0000000000000000 0.000000 250.029455 -1242038.820757 30.917225 126.698860 -22.484451 1428.920917 -8.556 -8.556 0.000000 3.238939 0.000 0 0.000
15901.00 1299.21 100.138999 0.0000000000000000 0.000000 250.029455 -1242348.003468 30.919317 126.704589 -22.491025 1428.837721 -8.561 -8.561 0.000000 3.238720 0.000 0 0.000
15801.00 1299.02 100.138999 0.0000000000000000 0.000000 250.029455 -1242657.207099 30.921410 126.710316 -22.497600 1428.754509 -8.566 -8.566 0.000000 3.238500 0.000 0 0.000
15701.00 1298.83 100.138999 0.0000000000000000 0.000000 250.029455 -1242966.431664 30.923504 126.716042 -22.504176 1428.671280 -8.571 -8.571 0.000000 3.238281 0.000 0 0.000
15601.00 1298.64 100.138999 0.0000000000000000 0.000000 250.029455 -1243275.677174 30.925599 126.721765 -22.510752 1428.588035 -8.577 -8.577 0.000000 3.238062 0.000 0 0.000
15501.00 1298.45 100.138999 0.0000000000000000 0.000000 250.029455 -1243584.943640 30.927695 126.727486 -22.517328 1428.504772 -8.582 -8.582 0.000000 3.237842 0.000 0 0.000
15401.00 1298.27 100.138999 0.0000000000000000 0.000000 250.029455 -1243894.231076 30.929792 126.733205 -22.523906 1428.421491 -8.587 -8.587 0.000000 3.237623 0.000 0 0.000
15301.00 1298.08 100.138999 0.0000000000000000 0.000000 250.029455 -1244203.539493 30.931891 126.738922 -22.530484 1428.338192 -8.593 -8.593 0.000000 3.237403 0.000 0 0.000
15201.00 1297.89 100.138999 0.0000000000000000 0.000000 250.029455 -1244512.868903 30.933991 126.744637 -22.537062 1428.254875 -8.598 -8.598 0.000000 3.237183 0.000 0 0.000
15101.00 1297.70 100.138999 0.0000000000000000 0.000000 250.029455 -1244822.219319 30.936092 126.750350 -22.543641 1428.171539 -8.603 -8.603 0.000000 3.236963 0.000 0 0.000
15001.00 1297.51 100.138999 0.0000000000000000 0.000000 250.029455 -1245131.590754 30.938195 126.756061 -22.550221 1428.088183 -8.609 -8.609 0.000000 3.236743 0.000 0 0.000
14901.00 1297.32 100.138999 0.0000000000000000 0.000000 250.029455 -1245440.983219 30.940298 126.761769 -22.556802 1428.004808 -8.614 -8.614 0.000000 3.236523 0.000 0 0.000
14801.00 1297.13 100.138999 0.0000000000000000 0.000000 250.029455 -1245750.396726 30.942403 126.767476 -22.563383 1427.921412 -8.619 -8.619 0.000000 3.236303 0.000 0 0.000
14701.00 1296.95 100.138999 0.0000000000000000 0.000000 250.029455 -1246059.831289 30.944509 126.773181 -22.569965 1427.837995 -8.624 -8.624 0.000000 3.236083 0.000 0 0.000
14601.00 1296.76 100.138999 0.0000000000000000 0.000000 250.029455 -1246369.286919 30.946617 126.778883 -22.576547 1427.754558 -8.630 -8.630 0.000000 3.235863 0.000 0 0.000
14501.00 1296.57 100.138999 0.0000000000000000 0.000000 250.029455 -1246678.763630 30.948725 126.784583 -22.583130 1427.671098 -8.635 -8.635 0.000000 3.235642 0.000 0 0.000
14401.00 1296.38 100.138999 0.0000000000000000 0.000000 250.029455 -1246988.261433 30.950835 126.790282 -22.589714 1427.587616 -8.640 -8.640 0.000000 3.235422 0.000 0 0.000
14301.00 1296.19 100.138999 0.0000000000000000 0.000000 250.029455 -1247297.780342 30.952947 126.795978 -22.596299 1427.504112 -8.646 -8.646 0.000000 3.235201 0.000 0 0.000
14201.00 1296.00 100.138999 0.0000000000000000 0.000000 250.029455 -1247607.320368 30.955059 126.801672 -22.602884 1427.420584 -8.651 -8.651 0.000000 3.234980 0.000 0 0.000
14101.00 1295.81 100.138999 0.0000000000000000 0.000000 250.029455 -1247916.881525 30.957173 126.807364 -22.609470 1427.337033 -8.656 -8.656 0.000000 3.234759 0.000 0 0.000
14001.00 1295.63 100.138999 0.0000000000000000 0.000000 250.029455 -1248226.463826 30.959288 126.813053 -22.616056 1427.253457 -8.662 -8.662 0.000000 3.234538 0.000 0 0.000
13901.00 1295.44 100.138999 0.0000000000000000 0.000000 250.029455 -1248536.067282 30.961404 126.818741 -22.622643 1427.169857 -8.667 -8.667 0.000000 3.234317 0.000 0 0.000
13801.00 1295.25 100.138999 0.0000000000000000 0.000000 250.029455 -1248845.691907 30.963521 126.824426 -22.629231 1427.086231 -8.672 -8.672 0.000000 3.234096 0.000 0 0.000
13701.00 1295.06 100.138999 0.0000000000000000 0.000000 250.029455 -1249155.337714 30.965640 126.830110 -22.635820 1427.002579 -8.677 -8.677 0.000000 3.233875 0.000 0 0.000
13601.00 1294.87 100.138999 0.0000134318327454 0.000016 250.029455 -1249465.004731 30.967842 126.836136 -22.644178 1426.936812 -11.789 -11.789 2.710425 3.233653 1.967 0 0.000
13501.00 1294.53 100.138999 0.0003847309851009 0.000459 250.029455 -1249774.704956 30.972210 126.851340 -22.699798 1427.348539 -11.758 -11.758 2.709702 3.233429 1.977 0 0.000
13401.00 1294.20 100.138999 0.0007619355416159 0.000909 250.029455 -1250084.449078 30.976621 126.866682 -22.756422 1427.768638 -11.726 -11.726 2.708989 3.233205 1.988 0 0.000
13301.00 1293.86 100.138999 0.0011452655976309 0.001367 250.029455 -1250394.237524 30.981075 126.882167 -22.814085 1428.197299 -11.695 -11.695 2.708288 3.232981 1.998 0 0.000
13201.00 1293.52 100.138999 0.0015349517298990 0.001832 250.029455 -1250704.070732 30.985574 126.897800 -22.872822 1428.634724 -11.663 -11.663 2.707597 3.232756 2.008 0 0.000
13101.00 1293.18 100.138999 0.0019312355606812 0.002305 250.029455 -1251013.949157 30.990119 126.913589 -22.932670 1429.081122 -11.631 -11.631 2.706918 3.232532 2.018 0 0.000
13001.00 1292.84 100.138999 0.0023343703986777 0.002787 250.029455 -1251323.873267 30.994711 126.929541 -22.993668 1429.536717 -11.598 -11.598 2.706251 3.232308 2.028 0 0.000
12901.00 1292.49 100.138999 0.0027446218933165 0.003277 250.029455 -1251633.843546 30.999353 126.945661 -23.055856 1430.001741 -11.566 -11.566 2.705595 3.232083 2.038 0 0.000
12801.00 1292.15 100.138999 0.0031622687360431 0.003776 250.029455 -1251943.860493 31.004045 126.961957 -23.119276 1430.476441 -11.533 -11.533 2.704951 3.231858 2.047 0 0.000
12701.00 1291.80 100.138999 0.0035876033928961 0.004284 250.029455 -1252253.924626 31.008790 126.978438 -23.183974 1430.961073 -11.500 -11.500 2.704320 3.231634 2.057 0 0.000
12601.00 1291.45 100.138999 0.0040209329131996 0.004802 250.029455 -1252564.036478 31.013590 126.995111 -23.249995 1431.455912 -11.467 -11.467 2.703701 3.231409 2.067 0 0.000
12501.00 1291.10 100.138999 0.0044625797424957 0.005330 250.029455 -1252874.196604 31.018445 127.011984 -23.317389 1431.961243 -11.433 -11.433 2.703094 3.231184 2.077 0 0.000
12401.00 1290.74 100.138999 0.0049128826188216 0.005868 250.029455 -1253184.405576 31.023359 127.029068 -23.386208 1432.477367 -11.400 -11.400 2.702500 3.230959 2.086 0 0.000
12301.00 1290.39 100.138999 0.0053721975109471 0.006417 250.029455 -1253494.663987 31.028333 127.046371 -23.456505 1433.004604 -11.366 -11.366 2.701920 3.230734 2.096 0 0.000
12201.00 1290.03 100.138999 0.0058408986053061 0.006977 250.029455 -1253804.972452 31.033370 127.063902 -23.528337 1433.543287 -11.331 -11.331 2.701352 3.230509 2.106 0 0.000
12101.00 1289.67 100.138999 0.0063193793604084 0.007549 250.029455 -1254115.331609 31.038472 127.081674 -23.601763 1434.093771 -11.297 -11.297 2.700798 3.230283 2.115 0 0.000
12001.00 1289.30 100.138999 0.0068080536262932 0.008133 250.029455 -1254425.742118 31.043641 127.099697 -23.676847 1434.656428 -11.262 -11.262 2.700257 3.230058 2.125 0 0.000
11901.00 1288.93 100.138999 0.0073073568115676 0.008730 250.029455 -1254736.204667 31.048880 127.117982 -23.753654 1435.231650 -11.228 -11.228 2.699730 3.229832 2.134 0 0.000
11801.00 1288.56 100.138999 0.0078177471323513 0.009340 250.029455 -1255046.719969 31.054192 127.136541 -23.832253 1435.819851 -11.192 -11.192 2.699217 3.229607 2.143 0 0.000
11701.00 1288.19 100.138999 0.0083397069244735 0.009963 250.029455 -1255357.288763 31.059579 127.155388 -23.912717 1436.421469 -11.157 -11.157 2.698718 3.229381 2.152 0 0.000
11601.00 1287.81 100.138999 0.0088737440285655 0.010601 250.029455 -1255667.911819 31.065045 127.174537 -23.995124 1437.036964 -11.122 -11.122 2.698233 3.229155 2.162 0 0.000
11501.00 1287.43 100.138999 0.0094203932496540 0.011254 250.029455 -1255978.589939 31.070593 127.194001 -24.079554 1437.666822 -11.086 -11.086 2.697763 3.228929 2.171 0 0.000
11401.00 1287.05 100.138999 0.0099802178932430 0.011923 250.029455 -1256289.323956 31.076225 127.213796 -24.166092 1438.311556 -11.050 -11.050 2.697307 3.228703 2.180 0 0.000
11301.00 1286.66 100.138999 0.0105538113795431 0.012608 250.029455 -1256600.114736 31.081946 127.233938 -24.254828 1438.971707 -11.013 -11.013 2.696866 3.228476 2.189 0 0.000
11201.00 1286.27 100.082981 0.0105806035407077 0.012641 249.871351 -1256227.383765 31.066937 127.168502 -24.253781 1438.205953 -10.977 -10.977 2.696442 3.228250 2.198 0 0.000
11101.00 1285.88 100.024285 0.0105875800315546 0.012650 249.705786 -1255821.351179 31.050972 127.099133 -24.249277 1437.379367 -10.940 -10.940 2.696038 3.228023 2.206 0 0.000
11001.00 1285.49 99.964919 0.0105947938838118 0.012660 249.538428 -1255406.486830 31.034798 127.028908 -24.244600 1436.543556 -10.903 -10.903 2.695653 3.227796 2.215 0 0.000
10901.00 1285.10 99.904860 0.0106022565714681 0.012670 249.369215 -1254982.502310 31.018406 126.957799 -24.239745 1435.698234 -10.866 -10.866 2.695288 3.227569 2.223 0 0.000
10801.00 1284.70 99.844084 0.0106099802295668 0.012679 249.198084 -1254549.095464 31.001790 126.885776 -24.234707 1434.843104 -10.828 -10.828 2.694943 3.227341 2.232 0 0.000
10701.00 1284.30 99.782566 0.0106179777327990 0.012690 249.024968 -1254105.949606 30.984942 126.812808 -24.229480 1433.977854 -10.790 -10.790 2.694618 3.227114 2.240 0 0.000
10601.00 1283.90 99.720280 0.0106262627211908 0.012700 248.849796 -1253652.732647 30.967854 126.738862 -24.224059 1433.102158 -10.752 -10.752 2.694315 3.226886 2.248 0 0.000
10501.00 1283.50 99.657198 0.0106348496635370 0.012711 248.672497 -1253189.096191 30.950518 126.663904 -24.218436 1432.215676 -10.714 -10.714 2.694032 3.226658 2.256 0 0.000
10401.00 1283.10 99.593291 0.0106437539137689 0.012722 248.492992 -1252714.674564 30.932923 126.587898 -24.212607 1431.318050 -10.675 -10.675 2.693771 3.226430 2.264 0 0.000
10301.00 1282.69 99.528530 0.0106529917734631 0.012733 248.311201 -1252229.083767 30.915062 126.510806 -24.206565 1430.408905 -10.636 -10.636 2.693532 3.226201 2.272 0 0.000
10201.00 1282.28 99.462882 0.0106625805593154 0.012744 248.127038 -1251731.920372 30.896924 126.432588 -24.200303 1429.487849 -10.597 -10.597 2.693316 3.225972 2.280 0 0.000
10101.00 1281.87 99.396315 0.0106725386761395 0.012756 247.940416 -1251222.760320 30.878499 126.353201 -24.193813 1428.554469 -10.558 -10.558 2.693123 3.225743 2.287 0 0.000
10001.00 1281.45 99.328792 0.0106828856956736 0.012769 247.751238 -1250701.157657 30.859776 126.272604 -24.187090 1427.608334 -10.518 -10.518 2.692952 3.225514 2.295 0 0.000
9901.00 1281.03 99.260276 0.0106936424418161 0.012781 247.559408 -1250166.643165 30.840743 126.190748 -24.180125 1426.648988 -10.478 -10.478 2.692805 3.225284 2.302 0 0.000
9801.00 1280.61 99.190730 0.0107048310842095 0.012794 247.364820 -1249618.722897 30.821389 126.107585 -24.172911 1425.675954 -10.438 -10.438 2.692682 3.225055 2.309 0 0.000
9701.00 1280.19 99.120111 0.0107164752313830 0.012808 247.167366 -1249056.876613 30.801701 126.023064 -24.165440 1424.688729 -10.398 -10.398 2.692583 3.224824 2.316 0 0.000
9601.00 1279.76 99.048376 0.0107286000562337 0.012822 246.966931 -1248480.556100 30.781666 125.937131 -24.157703 1423.686786 -10.357 -10.357 2.692508 3.224594 2.323 0 0.000
9501.00 1279.34 98.975481 0.0107412323911423 0.012836 246.763392 -1247889.183356 30.761269 125.849728 -24.149692 1422.669567 -10.316 -10.316 2.692458 3.224363 2.329 0 0.000
9401.00 1278.90 98.901376 0.0107544008727416 0.012851 246.556623 -1247282.148662 30.740496 125.760796 -24.141398 1421.636487 -10.275 -10.275 2.692433 3.224132 2.336 0 0.000
9301.00 1278.47 98.826011 0.0107681360741548 0.012866 246.346487 -1246658.808493 30.719331 125.670272 -24.132812 1420.586928 -10.234 -10.234 2.692433 3.223901 2.342 0 0.000
9201.00 1278.02 98.749332 0.0107824706571704 0.012882 246.132842 -1246018.483276 30.697758 125.578087 -24.123924 1419.520237 -10.192 -10.192 2.692458 3.223669 2.348 0 0.000
9101.00 1277.58 98.671283 0.0107974395369811 0.012899 245.915537 -1245360.454977 30.675759 125.484171 -24.114723 1418.435728 -10.150 -10.150 2.692509 3.223437 2.354 0 0.000
9001.00 1277.13 98.591804 0.0108130800615417 0.012916 245.694414 -1244683.964507 30.653316 125.388449 -24.105201 1417.332674 -10.108 -10.108 2.692584 3.223204 2.360 0 0.000
8901.00 1276.68 98.510831 0.0108294322070428 0.012935 245.469303 -1243988.208918 30.630409 125.290842 -24.095346 1416.210307 -10.066 -10.066 2.692686 3.222971 2.366 0 0.000
8801.00 1276.22 98.428298 0.0108465387917645 0.012953 245.240028 -1243272.338387 30.607019 125.191266 -24.085146 1415.067816 -10.024 -10.024 2.692812 3.222738 2.371 0 0.000
8701.00 1275.76 98.344133 0.0108644457089194 0.012973 245.006399 -1242535.452960 30.583122 125.089632 -24.074591 1413.904343 -9.981 -9.981 2.692964 3.222504 2.376 0 0.000
8601.00 1275.29 98.258261 0.0108832021820215 0.012994 244.768216 -1241776.599028 30.558696 124.985846 -24.063669 1412.718977 -9.939 -9.939 2.693140 3.222270 2.382 0 0.000
8501.00 1274.82 98.170603 0.0109028610435411 0.013015 244.525269 -1240994.765534 30.533717 124.879809 -24.052366 1411.510756 -9.896 -9.896 2.693341 3.222035 2.387 0 0.000
8401.00 1274.34 98.081073 0.0109234790401101 0.013038 244.277333 -1240188.879856 30.508159 124.771414 -24.040670 1410.278660 -9.853 -9.853 2.693567 3.221800 2.391 0 0.000
8301.00 1273.86 97.989582 0.0109451171668468 0.013061 244.024170 -1239357.803361 30.481993 124.660549 -24.028568 1409.021603 -9.810 -9.810 2.693816 3.221564 2.396 0 0.000
8201.00 1273.37 97.896035 0.0109678410317551 0.013086 243.765527 -1238500.326587 30.455192 124.547095 -24.016046 1407.738436 -9.767 -9.767 2.694089 3.221328 2.401 0 0.000
8101.00 1272.88 97.800330 0.0109917212620733 0.013112 243.501137 -1237615.164027 30.427724 124.430926 -24.003089 1406.427938 -9.724 -9.724 2.694384 3.221091 2.405 0 0.000
8001.00 1272.37 97.702360 0.0110168339295449 0.013140 243.230714 -1236700.948465 30.399556 124.311905 -23.989681 1405.088810 -9.681 -9.681 2.694701 3.220854 2.409 0 0.000
7901.00 1271.86 97.602009 0.0110432610462238 0.013169 242.953954 -1235756.224853 30.370653 124.189890 -23.975808 1403.719668 -9.637 -9.637 2.695039 3.220616 2.413 0 0.000
7801.00 1271.35 97.499156 0.0110710910762126 0.013199 242.670534 -1234779.443642 30.340978 124.064728 -23.961454 1402.319043 -9.594 -9.594 2.695397 3.220377 2.417 0 0.000
7701.00 1270.82 97.393671 0.0111004195170175 0.013231 242.380112 -1233768.953569 30.310491 123.936256 -23.946600 1400.885367 -9.551 -9.551 2.695772 3.220138 2.421 0 0.000
7601.00 1270.29 97.285414 0.0111313495067226 0.013265 242.082321 -1232722.993814 30.279149 123.804301 -23.931229 1399.416968 -9.508 -9.508 2.696165 3.219898 2.425 0 0.000
7501.00 1269.75 97.174239 0.0111639925197360 0.013301 241.776769 -1231639.685508 30.246908 123.668678 -23.915323 1397.912065 -9.465 -9.465 2.696574 3.219657 2.428 0 0.000
7401.00 1269.20 97.059986 0.0111984690778135 0.013339 241.463040 -1230517.022507 30.213720 123.529189 -23.898863 1396.368753 -9.422 -9.422 2.696996 3.219416 2.432 0 0.000
7301.00 1268.64 96.942488 0.0112349095692932 0.013379 241.140690 -1229352.861417 30.179532 123.385623 -23.881828 1394.784999 -9.379 -9.379 2.697429 3.219174 2.435 0 0.000
7201.00 1268.07 96.821563 0.0112734550211600 0.013422 240.809243 -1228144.910759 30.144290 123.237754 -23.864196 1393.158629 -9.337 -9.337 2.697872 3.218931 2.438 0 0.000
7101.00 1267.49 96.697020 0.0113142580825330 0.013467 240.468190 -1226890.719353 30.107935 123.085342 -23.845947 1391.487319 -9.295 -9.295 2.698322 3.218687 2.442 0 0.000
7001.00 1266.90 96.568652 0.0113574838861789 0.013515 240.116989 -1225587.663689 30.070405 122.928129 -23.827055 1389.768578 -9.253 -9.253 2.698777 3.218442 2.445 0 0.000
6901.00 1266.29 96.436237 0.0114033110459407 0.013566 239.755058 -1224232.934449 30.031631 122.765838 -23.807498 1387.999742 -9.211 -9.211 2.699233 3.218196 2.448 0 0.000
6801.00 1265.68 96.299540 0.0114519326203859 0.013620 239.381774 -1222823.522052 29.991542 122.598173 -23.787249 1386.177955 -9.170 -9.170 2.699687 3.217949 2.451 0 0.000
6701.00 1265.05 96.158307 0.0115035570669889 0.013678 238.996473 -1221356.201298 29.950061 122.424818 -23.766280 1384.300155 -9.129 -9.129 2.700137 3.217701 2.454 0 0.000
6601.00 1264.40 96.012267 0.0115584091390350 0.013740 238.598441 -1219827.515150 29.907105 122.245434 -23.744562 1382.363060 -9.089 -9.089 2.700577 3.217452 2.458 0 0.000
6501.00 1263.74 95.861130 0.0116167306371233 0.013806 238.186913 -1218233.757772 29.862585 122.059655 -23.722065 1380.363150 -9.049 -9.049 2.701005 3.217201 2.461 0 0.000
6401.00 1263.07 95.704583 0.0116787809855510 0.013877 237.761072 -1216570.957046 29.816406 121.867094 -23.698756 1378.296650 -9.010 -9.010 2.701416 3.216950 2.465 0 0.000
6301.00 1262.37 95.542293 0.0117448374402137 0.013952 237.320044 -1214834.856826 29.768468 121.667332 -23.674599 1376.159513 -8.971 -8.971 2.701804 3.216697 2.468 0 0.000
6201.00 1261.66 95.373903 0.0118151948603842 0.014032 236.862891 -1213020.899427 29.718660 121.459921 -23.649556 1373.947399 -8.933 -8.933 2.702167 3.216443 2.472 0 0.000
6101.00 1260.93 95.199032 0.0118901647520106 0.014118 236.388615 -1211124.208940 29.666866 121.244385 -23.623587 1371.655663 -8.896 -8.896 2.702497 3.216187 2.476 0 0.000
6001.00 1260.18 95.017273 0.0119700733753712 0.014210 235.896148 -1209139.576296 29.612962 121.020212 -23.596646 1369.279333 -8.860 -8.860 2.702790 3.215930 2.480 0 0.000
5901.00 1259.40 94.828191 0.0120552584820259 0.014309 235.384355 -1207061.447274 29.556816 120.786858 -23.568686 1366.813097 -8.825 -8.825 2.703039 3.215671 2.485 0 0.000
5801.00 1258.60 94.631326 0.0121460643232901 0.014414 234.852030 -1204883.915136 29.498286 120.543743 -23.539651 1364.251292 -8.790 -8.790 2.703238 3.215410 2.490 0 0.000
5701.00 1257.78 94.426189 0.0122428342311830 0.014527 234.297900 -1202600.719995 29.437223 120.290254 -23.509482 1361.587899 -8.756 -8.756 2.703381 3.215148 2.495 0 0.000
5601.00 1256.93 94.212268 0.0123459001223494 0.014647 233.720621 -1200205.257841 29.373470 120.025741 -23.478112 1358.816540 -8.724 -8.724 2.703459 3.214884 2.501 0 0.000
5501.00 1256.05 93.989023 0.0124555680663102 0.014776 233.118791 -1197690.602851 29.306861 119.749526 -23.445464 1355.930494 -8.693 -8.693 2.703466 3.214618 2.507 0 0.000
5401.00 1255.14 93.755895 0.0125720988737120 0.014913 232.490953 -1195049.547591 29.237224 119.460900 -23.411453 1352.922718 -8.662 -8.662 2.703395 3.214350 2.514 0 0.000
5301.00 1254.20 93.512310 0.0126956826910570 0.015059 231.835613 -1192274.666841 29.164381 119.159130 -23.375979 1349.785896 -8.634 -8.634 2.703236 3.214080 2.521 0 0.000
5201.00 1253.23 93.257684 0.0128264065399029 0.015214 231.151258 -1189358.411837 29.088152 118.843473 -23.338926 1346.512506 -8.606 -8.606 2.702981 3.213808 2.530 0 0.000
5101.00 1252.22 92.991437 0.0129642139673471 0.015377 230.436384 -1186293.242798 29.008355 118.513182 -23.300162 1343.094926 -8.580 -8.580 2.702623 3.213534 2.538 0 0.000
5001.00 1251.18 92.713007 0.0131088565682760 0.015550 229.689539 -1183071.808300 28.924815 118.167525 -23.259530 1339.525580 -8.555 -8.555 2.702152 3.213258 2.548 0 0.000
4901.00 1250.09 92.421864 0.0132598380554155 0.015731 228.909365 -1179687.180059 28.837362 117.805811 -23.216849 1335.797134 -8.531 -8.531 2.701560 3.212980 2.558 0 0.000
4801.00 1248.97 92.117540 0.0134163531905667 0.015919 228.094666 -1176133.150437 28.745848 117.427412 -23.171910 1331.902753 -8.510 -8.510 2.700840 3.212699 2.570 0 0.000
4701.00 1247.81 91.799655 0.0135772260927519 0.016113 227.244482 -1172404.596879 28.650145 117.031804 -23.124473 1327.836432 -8.489 -8.489 2.699983 3.212417 2.582 0 0.000
4601.00 1246.60 91.467950 0.0137408553536108 0.016311 226.358178 -1168497.911728 28.550163 116.618606 -23.074269 1323.593395 -8.470 -8.470 2.698983 3.212133 2.596 0 0.000
4501.00 1245.36 91.122326 0.0139051761119862 0.016511 225.435544 -1164411.486850 28.445857 116.187627 -23.021001 1319.170572 -8.453 -8.453 2.697835 3.211847 2.610 0 0.000
4401.00 1244.08 90.762882 0.0140676520243628 0.016710 224.476899 -1160146.230573 28.337244 115.738920 -22.964355 1314.567124 -8.438 -8.438 2.696535 3.211560 2.626 0 0.000
4301.00 1242.75 90.389961 0.0142253100928670 0.016904 223.483198 -1155706.079673 28.224410 115.272833 -22.904009 1309.785012 -8.424 -8.424 2.695080 3.211271 2.642 0 0.000
4201.00 1241.40 90.004178 0.0143748290246341 0.017090 222.456118 -1151098.455044 28.107525 114.790057 -22.839660 1304.829532 -8.411 -8.411 2.693471 3.210982 2.660 0 0.000
4101.00 1240.00 89.606448 0.0145126847327097 0.017263 221.398128 -1146334.598953 27.986851 114.291660 -22.771045 1299.709785 -8.400 -8.400 2.691710 3.210693 2.679 0 0.000
4001.00 1238.59 89.197998 0.0146353461521419 0.017419 220.312511 -1141429.729947 27.862747 113.779110 -22.697969 1294.438979 -8.391 -8.391 2.689801 3.210403 2.698 0 0.000
3901.00 1237.14 88.780358 0.0147395020696361 0.017554 219.203345 -1136402.962147 27.735668 113.254271 -22.620340 1289.034510 -8.383 -8.383 2.687753 3.210115 2.719 0 0.000
3801.00 1235.68 88.355333 0.0148222894808291 0.017665 218.075423 -1131276.960517 27.606154 112.719369 -22.538190 1283.517765 -8.376 -8.376 2.685573 3.209827 2.741 0 0.000
3701.00 1234.21 87.924954 0.0148814896537470 0.017748 216.934126 -1126077.339416 27.474822 112.176939 -22.451692 1277.913621 -8.370 -8.370 2.683273 3.209541 2.763 0 0.000
3601.00 1232.74 87.491414 0.0149156624257552 0.017803 215.785247 -1120831.850896 27.342343 111.629743 -22.361162 1272.249681 -8.366 -8.366 2.680864 3.209258 2.786 0 0.000
3501.00 1231.27 87.056991 0.0149242014804233 0.017828 214.634794 -1115569.441535 27.209420 111.080676 -22.267052 1266.555307 -8.362 -8.362 2.678359 3.208977 2.810 0 0.000
3401.00 1229.80 86.623975 0.0149073094282868 0.017823 213.488791 -1110319.273375 27.076763 110.532667 -22.169927 1260.860567 -8.360 -8.360 2.675771 3.208698 2.834 0 0.000
3301.00 1228.35 86.194590 0.0148659067681337 0.017790 212.353082 -1105109.802037 26.945069 109.988585 -22.070438 1255.195197 -8.358 -8.358 2.673112 3.208424 2.858 0 0.000
3201.00 1226.92 85.770939 0.0148014982801583 0.017729 211.233175 -1099967.985347 26.814998 109.451154 -21.969283 1249.587679 -8.357 -8.357 2.670394 3.208152 2.883 0 0.000
3101.00 1225.52 85.354950 0.0147160228710759 0.017644 210.134116 -1094918.666060 26.687162 108.922890 -21.867184 1244.064495 -8.357 -8.357 2.667628 3.207885 2.908 0 0.000
3001.00 1224.15 84.948348 0.0146117091052490 0.017536 209.060404 -1089984.141220 26.562109 108.406058 -21.764852 1238.649596 -8.358 -8.358 2.664823 3.207621 2.933 0 0.000
2901.00 1222.81 84.552634 0.0144909513198302 0.017408 208.015945 -1085183.905106 26.440320 107.902636 -21.662968 1233.364059 -8.359 -8.359 2.661988 3.207361 2.958 0 0.000
2801.00 1221.51 84.169077 0.0143562129930709 0.017264 207.004029 -1080534.536611 26.322205 107.414312 -21.562170 1228.225936 -8.362 -8.362 2.659130 3.207105 2.982 0 0.000
2701.00 1220.26 83.798715 0.0142099571551647 0.017105 206.027339 -1076049.695544 26.208102 106.942478 -21.463038 1223.250218 -8.365 -8.365 2.656256 3.206853 3.007 0 0.000
2601.00 1219.04 83.442362 0.0140545989994984 0.016935 205.087966 -1071740.193919 26.098280 106.488237 -21.366095 1218.448905 -8.368 -8.368 2.653371 3.206605 3.031 0 0.000
2501.00 1217.87 83.100619 0.0138924737004521 0.016757 204.187439 -1067614.114924 25.992941 106.052419 -21.271802 1213.831130 -8.373 -8.373 2.650481 3.206361 3.055 0 0.000
2401.00 1216.74 82.773885 0.0137258123107005 0.016573 203.326757 -1063676.960949 25.892223 105.635590 -21.180558 1209.403315 -8.378 -8.378 2.647587 3.206120 3.079 0 0.000
2301.00 1215.66 82.462370 0.0135567202707395 0.016386 202.506428 -1059931.820632 25.796206 105.238073 -21.092702 1205.169346 -8.384 -8.384 2.644695 3.205882 3.102 0 0.000
2201.00 1214.62 82.166112 0.0133871550821258 0.016198 201.726506 -1056379.551307 25.704915 104.859969 -21.008511 1201.130761 -8.391 -8.391 2.641805 3.205647 3.125 0 0.000
2101.00 1213.63 81.884991 0.0132189025934388 0.016011 200.986635 -1053018.977344 25.618325 104.501170 -20.928201 1197.286951 -8.398 -8.398 2.638921 3.205415 3.148 0 0.000
2001.00 1212.68 81.618749 0.0130535533443901 0.015827 200.286098 -1049847.105689 25.536366 104.161385 -20.851930 1193.635378 -8.406 -8.406 2.636044 3.205185 3.170 0 0.000
1901.00 1211.77 81.367004 0.0128924818076039 0.015648 199.623858 -1046859.358616 25.458929 103.840163 -20.779797 1190.171800 -8.415 -8.415 2.633175 3.204958 3.191 0 0.000
1801.00 1210.90 81.129274 0.0127368316766720 0.015475 198.998614 -1044049.820902 25.385873 103.536917 -20.711847 1186.890527 -8.424 -8.424 2.630315 3.204733 3.213 0 0.000
1701.00 1210.07 80.904994 0.0125875097705898 0.015310 198.408856 -1041411.495519 25.317029 103.250947 -20.648071 1183.784676 -8.434 -8.434 2.627466 3.204509 3.233 0 0.000
1601.00 1209.28 80.693537 0.0124451897615789 0.015152 197.852910 -1038936.559470 25.252206 102.981470 -20.588416 1180.846439 -8.445 -8.445 2.624626 3.204288 3.254 0 0.000
1501.00 1208.52 80.494233 0.0123103252747911 0.015003 197.328995 -1036616.610305 25.191201 102.727644 -20.532784 1178.067334 -8.457 -8.457 2.621798 3.204067 3.274 0 0.000
1401.00 1207.80 80.306387 0.0121831710620730 0.014863 196.835266 -1034442.894472 25.133800 102.488588 -20.481048 1175.438458 -8.469 -8.469 2.618980 3.203848 3.293 0 0.000
1301.00 1207.10 80.129294 0.0120638095058545 0.014733 196.369854 -1032406.510076 25.079785 102.263405 -20.433053 1172.950696 -8.481 -8.481 2.616173 3.203630 3.312 0 0.000
1201.00 1206.43 79.962252 0.0119521800680687 0.014611 195.930904 -1030498.579460 25.028938 102.051200 -20.388623 1170.594917 -8.494 -8.494 2.613378 3.203413 3.330 0 0.000
1101.00 1205.79 79.804574 0.0118481090663294 0.014499 195.516600 -1028710.389446 24.981045 101.851093 -20.347571 1168.362124 -8.508 -8.508 2.610593 3.203197 3.348 0 0.000
1001.00 1205.17 79.655597 0.0117513378243680 0.014395 195.125186 -1027033.499672 24.935899 101.662231 -20.309704 1166.243580 -8.522 -8.522 2.607819 3.202982 3.366 0 0.000
901.00 1204.60 79.514684 0.0115731410774034 0.014191 194.754984 -1025459.820955 24.892756 101.482030 -20.262316 1164.188431 -8.534 -8.534 2.604977 3.202774 3.384 0 0.000
801.00 1204.24 79.388332 0.0109646115679016 0.013463 194.423040 -1024073.500777 24.851434 101.311823 -20.158006 1162.121130 -8.522 -8.522 2.601635 3.202608 3.403 0 0.000
701.00 1203.88 79.310980 0.0109491784021286 0.013461 194.219763 -1023320.422877 24.828822 101.215688 -20.154573 1160.976058 -8.511 -8.511 2.598294 3.202443 3.422 0 0.000
601.00 1203.52 79.234939 0.0109343631980117 0.013459 194.019874 -1022583.615932 24.806618 101.121171 -20.151593 1159.846766 -8.500 -8.500 2.594954 3.202279 3.441 0 0.000
501.00 1203.17 79.160157 0.0109201277020935 0.013458 193.823235 -1021862.420982 24.784806 101.028205 -20.149045 1158.732482 -8.489 -8.489 2.591616 3.202115 3.459 0 0.000
401.00 1202.82 79.019269 0.0100511484512803 0.012405 193.452647 -1020283.305968 24.737293 100.834303 -19.997693 1156.391975 -8.478 -8.478 2.588290 3.201950 3.478 0 0.000
301.00 1202.47 79.015187 0.0108935902103068 0.013458 193.441905 -1020477.747016 24.742620 100.848062 -20.145482 1156.558520 -8.469 -8.469 2.584957 3.201786 3.495 0 0.000
201.00 1202.12 78.943866 0.0108809084700853 0.013459 193.254202 -1019799.480630 24.721884 100.759358 -20.144122 1155.484774 -8.460 -8.460 2.581629 3.201623 3.513 0 0.000
101.00 1201.78 78.873621 0.0108687171927738 0.013460 193.069274 -1019134.558872 24.701483 100.671980 -20.143129 1154.423418 -8.451 -8.451 2.578305 3.201460 3.530 0 0.000
1.00 1201.44 78.804411 0.0108570069789731 0.013462 192.887014 -1018482.462904 24.681405 100.585875 -20.142572 1153.373287 -8.443 -8.443 2.574971 3.201297 3.547 0 0.000
