Title: Depleted MORB Mantle of Workmann & Hart 2005

Liquid Composition:
Pressure Temperature mass SiO2 TiO2 Al2O3 Fe2O3 Cr2O3 FeO MnO MgO NiO CaO Na2O 
44001.00 1366.12 0.000000 ---
43901.00 1365.92 0.000000 ---
43801.00 1365.72 0.000000 ---
43701.00 1365.51 0.000000 ---
43601.00 1365.31 0.000000 ---
43501.00 1365.11 0.000000 ---
43401.00 1364.90 0.000000 ---
43301.00 1364.70 0.000000 ---
43201.00 1364.50 0.000000 ---
43101.00 1364.30 0.000000 ---
43001.00 1364.09 0.000000 ---
42901.00 1363.89 0.000000 ---
42801.00 1363.69 0.000000 ---
42701.00 1363.48 0.000000 ---
42601.00 1363.28 0.000000 ---
42501.00 1363.08 0.000000 ---
42401.00 1362.87 0.000000 ---
42301.00 1362.67 0.000000 ---
42201.00 1362.47 0.000000 ---
42101.00 1362.26 0.000000 ---
42001.00 1362.06 0.000000 ---
41901.00 1361.86 0.000000 ---
41801.00 1361.65 0.000000 ---
41701.00 1361.45 0.000000 ---
41601.00 1361.24 0.000000 ---
41501.00 1361.04 0.000000 ---
41401.00 1360.84 0.000000 ---
41301.00 1360.63 0.000000 ---
41201.00 1360.43 0.000000 ---
41101.00 1360.23 0.000000 ---
41001.00 1360.02 0.000000 ---
40901.00 1359.82 0.000000 ---
40801.00 1359.61 0.000000 ---
40701.00 1359.41 0.000000 ---
40601.00 1359.21 0.000000 ---
40501.00 1359.00 0.000000 ---
40401.00 1358.80 0.000000 ---
40301.00 1358.59 0.000000 ---
40201.00 1358.39 0.000000 ---
40101.00 1358.18 0.000000 ---
40001.00 1357.98 0.000000 ---
39901.00 1357.78 0.000000 ---
39801.00 1357.57 0.000000 ---
39701.00 1357.37 0.000000 ---
39601.00 1357.16 0.000000 ---
39501.00 1356.96 0.000000 ---
39401.00 1356.75 0.000000 ---
39301.00 1356.55 0.000000 ---
39201.00 1356.34 0.000000 ---
39101.00 1356.14 0.000000 ---
39001.00 1355.93 0.000000 ---
38901.00 1355.73 0.000000 ---
38801.00 1355.52 0.000000 ---
38701.00 1355.32 0.000000 ---
38601.00 1355.11 0.000000 ---
38501.00 1354.91 0.000000 ---
38401.00 1354.70 0.000000 ---
38301.00 1354.50 0.000000 ---
38201.00 1354.29 0.000000 ---
38101.00 1354.09 0.000000 ---
38001.00 1353.88 0.000000 ---
37901.00 1353.68 0.000000 ---
37801.00 1353.47 0.000000 ---
37701.00 1353.27 0.000000 ---
37601.00 1353.06 0.000000 ---
37501.00 1352.85 0.000000 ---
37401.00 1352.65 0.000000 ---
37301.00 1352.44 0.000000 ---
37201.00 1352.24 0.000000 ---
37101.00 1352.03 0.000000 ---
37001.00 1351.82 0.000000 ---
36901.00 1351.62 0.000000 ---
36801.00 1351.41 0.000000 ---
36701.00 1351.20 0.000000 ---
36601.00 1351.00 0.000000 ---
36501.00 1350.79 0.000000 ---
36401.00 1350.58 0.000000 ---
36301.00 1350.38 0.000000 ---
36201.00 1350.17 0.000000 ---
36101.00 1349.96 0.000000 ---
36001.00 1349.76 0.000000 ---
35901.00 1349.55 0.000000 ---
35801.00 1349.34 0.000000 ---
35701.00 1349.13 0.000000 ---
35601.00 1348.93 0.000000 ---
35501.00 1348.72 0.000000 ---
35401.00 1348.51 0.000000 ---
35301.00 1348.30 0.000000 ---
35201.00 1348.10 0.000000 ---
35101.00 1347.89 0.000000 ---
35001.00 1347.68 0.000000 ---
34901.00 1347.47 0.000000 ---
34801.00 1347.26 0.000000 ---
34701.00 1347.06 0.000000 ---
34601.00 1346.85 0.000000 ---
34501.00 1346.64 0.000000 ---
34401.00 1346.43 0.000000 ---
34301.00 1346.22 0.000000 ---
34201.00 1346.01 0.000000 ---
34101.00 1345.80 0.000000 ---
34001.00 1345.59 0.000000 ---
33901.00 1345.38 0.000000 ---
33801.00 1345.17 0.000000 ---
33701.00 1344.97 0.000000 ---
33601.00 1344.76 0.000000 ---
33501.00 1344.55 0.000000 ---
33401.00 1344.34 0.000000 ---
33301.00 1344.13 0.000000 ---
33201.00 1343.92 0.000000 ---
33101.00 1343.70 0.000000 ---
33001.00 1343.49 0.000000 ---
32901.00 1343.28 0.000000 ---
32801.00 1343.07 0.000000 ---
32701.00 1342.86 0.000000 ---
32601.00 1342.65 0.000000 ---
32501.00 1342.44 0.000000 ---
32401.00 1342.23 0.000000 ---
32301.00 1342.02 0.000000 ---
32201.00 1341.80 0.000000 ---
32101.00 1341.59 0.000000 ---
32001.00 1341.38 0.000000 ---
31901.00 1341.17 0.000000 ---
31801.00 1340.96 0.000000 ---
31701.00 1340.74 0.000000 ---
31601.00 1340.53 0.000000 ---
31501.00 1340.32 0.000000 ---
31401.00 1340.10 0.000000 ---
31301.00 1339.89 0.000000 ---
31201.00 1339.68 0.000000 ---
31101.00 1339.46 0.000000 ---
31001.00 1339.25 0.000000 ---
30901.00 1339.03 0.000000 ---
30801.00 1338.82 0.000000 ---
30701.00 1338.61 0.000000 ---
30601.00 1338.39 0.000000 ---
30501.00 1338.18 0.000000 ---
30401.00 1337.96 0.000000 ---
30301.00 1337.75 0.000000 ---
30201.00 1337.53 0.000000 ---
30101.00 1337.31 0.000000 ---
30001.00 1337.10 0.000000 ---
29901.00 1336.88 0.000000 ---
29801.00 1336.66 0.000000 ---
29701.00 1336.45 0.000000 ---
29601.00 1336.23 0.000000 ---
29501.00 1336.01 0.000000 ---
29401.00 1335.79 0.000000 ---
29301.00 1335.58 0.000000 ---
29201.00 1335.36 0.000000 ---
29101.00 1335.14 0.000000 ---
29001.00 1334.92 0.000000 ---
28901.00 1334.70 0.000000 ---
28801.00 1334.48 0.000000 ---
28701.00 1334.26 0.000000 ---
28601.00 1334.04 0.000000 ---
28501.00 1333.82 0.000000 ---
28401.00 1333.60 0.000000 ---
28301.00 1333.38 0.000000 ---
28201.00 1333.16 0.000000 ---
28101.00 1332.94 0.000000 ---
28001.00 1332.72 0.000000 ---
27901.00 1332.49 0.000000 ---
27801.00 1332.27 0.000000 ---
27701.00 1332.05 0.000000 ---
27601.00 1331.83 0.000000 ---
27501.00 1331.60 0.000000 ---
27401.00 1331.38 0.000000 ---
27301.00 1331.15 0.000000 ---
27201.00 1330.93 0.000000 ---
27101.00 1330.70 0.000000 ---
27001.00 1330.48 0.000000 ---
26901.00 1330.25 0.000000 ---
26801.00 1330.02 0.000000 ---
26701.00 1329.80 0.000000 ---
26601.00 1329.57 0.000000 ---
26501.00 1329.34 0.000000 ---
26401.00 1329.11 0.000000 ---
26301.00 1328.88 0.000000 ---
26201.00 1328.66 0.000000 ---
26101.00 1328.43 0.000000 ---
26001.00 1328.20 0.000000 ---
25901.00 1327.96 0.000000 ---
25801.00 1327.73 0.000000 ---
25701.00 1327.50 0.000000 ---
25601.00 1327.27 0.000000 ---
25501.00 1327.04 0.000000 ---
25401.00 1326.80 0.000000 ---
25301.00 1326.57 0.000000 ---
25201.00 1326.33 0.000000 ---
25101.00 1326.10 0.000000 ---
25001.00 1325.86 0.000000 ---
24901.00 1325.63 0.000000 ---
24801.00 1325.39 0.000000 ---
24701.00 1325.15 0.000000 ---
24601.00 1324.91 0.000000 ---
24501.00 1324.67 0.000000 ---
24401.00 1324.43 0.000000 ---
24301.00 1324.19 0.000000 ---
24201.00 1323.95 0.000000 ---
24101.00 1323.71 0.000000 ---
24001.00 1323.46 0.000000 ---
23901.00 1323.22 0.000000 ---
23801.00 1322.98 0.000000 ---
23701.00 1322.73 0.000000 ---
23601.00 1322.48 0.000000 ---
23501.00 1322.24 0.000000 ---
23401.00 1321.99 0.000000 ---
23301.00 1321.74 0.000000 ---
23201.00 1321.49 0.000000 ---
23101.00 1321.24 0.000000 ---
23001.00 1320.98 0.000000 ---
22901.00 1320.73 0.000000 ---
22801.00 1320.48 0.000000 ---
22701.00 1320.22 0.000000 ---
22601.00 1319.96 0.000000 ---
22501.00 1319.71 0.000000 ---
22401.00 1319.45 0.000000 ---
22301.00 1319.19 0.000000 ---
22201.00 1318.92 0.000000 ---
22101.00 1318.66 0.000000 ---
22001.00 1318.40 0.000000 ---
21901.00 1318.13 0.000000 ---
21801.00 1317.86 0.000000 ---
21701.00 1317.59 0.000000 ---
21601.00 1317.32 0.000000 ---
21501.00 1317.05 0.000000 ---
21401.00 1316.78 0.000000 ---
21301.00 1316.50 0.000000 ---
21201.00 1316.22 0.000000 ---
21101.00 1315.94 0.000000 ---
21001.00 1315.66 0.000000 ---
20901.00 1315.38 0.000000 ---
20801.00 1315.09 0.000000 ---
20701.00 1314.81 0.000000 ---
20601.00 1314.52 0.000000 ---
20501.00 1314.22 0.000000 ---
20401.00 1313.93 0.000000 ---
20301.00 1313.63 0.000000 ---
20201.00 1313.33 0.000000 ---
20101.00 1313.03 0.000000 ---
20001.00 1312.72 0.000000 ---
19901.00 1312.42 0.000000 ---
19801.00 1312.10 0.000000 ---
19701.00 1311.79 0.000000 ---
19601.00 1311.47 0.000000 ---
19501.00 1311.16 0.000000 ---
19401.00 1310.97 0.000000 ---
19301.00 1310.78 0.000000 ---
19201.00 1310.59 0.000000 ---
19101.00 1310.40 0.000000 ---
19001.00 1310.21 0.000000 ---
18901.00 1310.02 0.000000 ---
18801.00 1309.83 0.000000 ---
18701.00 1309.64 0.000000 ---
18601.00 1309.45 0.000000 ---
18501.00 1309.27 0.000000 ---
18401.00 1309.08 0.000000 ---
18301.00 1308.89 0.000000 ---
18201.00 1308.70 0.000000 ---
18101.00 1308.51 0.000000 ---
18001.00 1308.32 0.000000 ---
17901.00 1308.13 0.000000 ---
17801.00 1307.94 0.000000 ---
17701.00 1307.75 0.000000 ---
17601.00 1307.56 0.000000 ---
17501.00 1307.37 0.000000 ---
17401.00 1307.18 0.000000 ---
17301.00 1306.99 0.000000 ---
17201.00 1306.80 0.000000 ---
17101.00 1306.62 0.000000 ---
17001.00 1306.43 0.000000 ---
16901.00 1306.24 0.000000 ---
16801.00 1306.05 0.000000 ---
16701.00 1305.86 0.000000 ---
16601.00 1305.67 0.000000 ---
16501.00 1305.48 0.000000 ---
16401.00 1305.29 0.000000 ---
16301.00 1305.10 0.000000 ---
16201.00 1304.91 0.000000 ---
16101.00 1304.72 0.000000 ---
16001.00 1304.53 0.000000 ---
15901.00 1304.34 0.000000 ---
15801.00 1304.15 0.000000 ---
15701.00 1303.96 0.000000 ---
15601.00 1303.77 0.000000 ---
15501.00 1303.58 0.000000 ---
15401.00 1303.39 0.000000 ---
15301.00 1303.20 0.000000 ---
15201.00 1303.02 0.000000 ---
15101.00 1302.83 0.000000 ---
15001.00 1302.64 0.000000 ---
14901.00 1302.45 0.000000 ---
14801.00 1302.26 0.000000 ---
14701.00 1302.07 0.000000 ---
14601.00 1301.88 0.000000 ---
14501.00 1301.69 0.000000 ---
14401.00 1301.50 0.000000 ---
14301.00 1301.31 0.000000 ---
14201.00 1301.12 0.000000 ---
14101.00 1300.93 0.000000 ---
14001.00 1300.74 0.000000 ---
13901.00 1300.55 0.000000 ---
13801.00 1300.24 0.029772 51.0522 0.697751 17.9391 0.101221 0.298581 5.10967 0.0189836 9.38556 0.0106397 4.59359 10.7927
13701.00 1299.90 0.067113 51.1067 0.696788 17.9516 0.102559 0.294276 5.1011 0.0187495 9.38342 0.0105046 4.64527 10.6891
13601.00 1299.57 0.105058 51.1606 0.69586 17.9638 0.10393 0.289998 5.09271 0.0185168 9.38153 0.0103705 4.69771 10.585
13501.00 1299.23 0.143627 51.214 0.694966 17.9757 0.105335 0.28575 5.08452 0.0182857 9.37987 0.0102372 4.75092 10.4804
13401.00 1298.89 0.182845 51.2669 0.694107 17.9873 0.106774 0.28153 5.07652 0.0180561 9.37845 0.0101049 4.80492 10.3753
13301.00 1298.54 0.222736 51.3193 0.693284 17.9986 0.108248 0.277339 5.06872 0.0178279 9.37727 0.00997352 4.85971 10.2698
13201.00 1298.20 0.263326 51.3711 0.692497 18.0095 0.10976 0.273177 5.06111 0.0176013 9.37633 0.00984304 4.91532 10.1637
13101.00 1297.85 0.304642 51.4224 0.691745 18.0202 0.111309 0.269046 5.05371 0.0173762 9.37563 0.00971349 4.97175 10.0571
13001.00 1297.51 0.346713 51.4731 0.69103 18.0305 0.112898 0.264944 5.04652 0.0171526 9.37518 0.00958485 5.02902 9.95008
12901.00 1297.15 0.389568 51.5232 0.690351 18.0404 0.114527 0.260873 5.03953 0.0169305 9.37497 0.00945714 5.08714 9.84254
12801.00 1296.80 0.433237 51.5728 0.689708 18.0501 0.116199 0.256832 5.03274 0.0167099 9.375 0.00933034 5.14612 9.73452
12701.00 1296.45 0.477755 51.6217 0.689103 18.0594 0.117913 0.252822 5.02617 0.0164908 9.37528 0.00920447 5.20598 9.62601
12601.00 1296.09 0.523156 51.6699 0.688534 18.0683 0.119673 0.248844 5.01981 0.0162732 9.3758 0.00907951 5.26672 9.51702
12501.00 1295.73 0.569474 51.7175 0.688002 18.0769 0.121479 0.244898 5.01366 0.0160572 9.37656 0.00895547 5.32837 9.40756
12401.00 1295.37 0.616750 51.7645 0.687508 18.0852 0.123333 0.240984 5.00772 0.0158426 9.37757 0.00883235 5.39093 9.29762
12301.00 1295.01 0.665021 51.8107 0.687051 18.0931 0.125236 0.237102 5.00199 0.0156296 9.37881 0.00871014 5.45442 9.18722
12201.00 1294.64 0.714331 51.8563 0.686631 18.1007 0.12719 0.233253 4.99648 0.0154181 9.3803 0.00858885 5.51884 9.07636
12101.00 1294.27 0.764724 51.9011 0.686248 18.1079 0.129197 0.229438 4.99119 0.015208 9.38202 0.00846847 5.58422 8.96505
12001.00 1293.89 0.816244 51.9452 0.685903 18.1147 0.131259 0.225656 4.98611 0.0149995 9.38397 0.00834901 5.65056 8.85328
11901.00 1293.52 0.868943 51.9886 0.685595 18.1211 0.133377 0.221909 4.98125 0.0147925 9.38615 0.00823046 5.71787 8.74108
11801.00 1293.14 0.922870 52.0313 0.685324 18.1272 0.135553 0.218196 4.9766 0.014587 9.38856 0.00811282 5.78616 8.62845
11701.00 1292.76 0.978080 52.0731 0.68509 18.1329 0.13779 0.214519 4.97217 0.0143831 9.3912 0.00799609 5.85545 8.51539
11601.00 1292.37 1.034630 52.1142 0.684893 18.1382 0.140088 0.210877 4.96795 0.0141806 9.39405 0.00788026 5.92574 8.40192
11501.00 1291.98 1.058548 52.1544 0.684738 18.1431 0.142452 0.207262 4.964 0.0139797 9.39718 0.00776537 5.99714 8.28793
11401.00 1291.59 1.058617 52.1937 0.684632 18.1477 0.144884 0.20367 4.96036 0.0137803 9.40064 0.00765141 6.06971 8.17332
11301.00 1291.20 1.058700 52.232 0.684574 18.1518 0.147386 0.2001 4.95704 0.0135824 9.40444 0.00753838 6.14348 8.05809
11201.00 1290.80 1.058800 52.2692 0.684567 18.1556 0.149962 0.196553 4.95404 0.0133861 9.40857 0.00742629 6.21847 7.94225
11101.00 1290.40 1.058916 52.3054 0.68461 18.1589 0.152614 0.193028 4.95138 0.0131913 9.41303 0.00731513 6.29471 7.82579
11001.00 1290.01 1.059049 52.3406 0.684704 18.1618 0.155344 0.189527 4.94904 0.012998 9.41783 0.00720489 6.37221 7.70871
10901.00 1289.60 1.059201 52.3747 0.684851 18.1643 0.158156 0.18605 4.94704 0.0128063 9.42296 0.00709559 6.451 7.59103
10801.00 1289.20 1.059373 52.4077 0.685051 18.1664 0.161053 0.182598 4.94538 0.0126161 9.42843 0.0069872 6.5311 7.47273
10701.00 1288.80 1.059565 52.4395 0.685304 18.1681 0.164037 0.17917 4.94407 0.0124274 9.43422 0.00687974 6.61253 7.35383
10601.00 1288.39 1.059779 52.4701 0.685612 18.1693 0.167113 0.175767 4.94311 0.0122402 9.44034 0.00677319 6.69532 7.23432
10501.00 1287.98 1.060015 52.4996 0.685975 18.17 0.170283 0.172389 4.9425 0.0120545 9.44679 0.00666756 6.77948 7.11421
10401.00 1287.57 1.060276 52.5279 0.686394 18.1704 0.17355 0.169038 4.94225 0.0118704 9.45356 0.00656283 6.86504 6.99351
10301.00 1287.15 1.060562 52.5549 0.68687 18.1702 0.176919 0.165713 4.94236 0.0116877 9.46065 0.00645902 6.95201 6.87222
10201.00 1286.74 1.060875 52.5806 0.687403 18.1696 0.180393 0.162415 4.94284 0.0115066 9.46806 0.00635612 7.04041 6.75036
10101.00 1286.32 1.061216 52.6051 0.687993 18.1686 0.183976 0.159144 4.94368 0.011327 9.47577 0.00625412 7.13027 6.62792
10001.00 1285.89 1.061587 52.6282 0.688642 18.1671 0.187671 0.155902 4.94488 0.0111489 9.48378 0.00615302 7.2216 6.50492
9901.00 1285.47 1.061990 52.6501 0.689349 18.1651 0.191483 0.152688 4.94646 0.0109722 9.49208 0.00605282 7.31442 6.38137
9801.00 1285.04 1.062427 52.6705 0.690114 18.1626 0.195416 0.149504 4.94841 0.0107971 9.50067 0.00595352 7.40875 6.25728
9701.00 1284.61 1.062900 52.6896 0.690939 18.1596 0.199473 0.146349 4.95073 0.0106234 9.50953 0.00585511 7.5046 6.13268
9601.00 1284.17 1.063410 52.7073 0.691823 18.1562 0.20366 0.143224 4.95343 0.0104513 9.51865 0.00575759 7.60198 6.00756
9501.00 1283.73 1.063960 52.7236 0.692766 18.1522 0.20798 0.14013 4.95649 0.0102806 9.52803 0.00566096 7.70091 5.88196
9401.00 1283.29 1.064553 52.7384 0.693768 18.1478 0.212438 0.137069 4.95993 0.0101114 9.53763 0.00556522 7.8014 5.75589
9301.00 1282.84 1.065190 52.7519 0.694828 18.1428 0.217039 0.134039 4.96372 0.00994373 9.54746 0.00547036 7.90345 5.62937
9201.00 1282.39 1.065875 52.7638 0.695946 18.1374 0.221786 0.131042 4.96789 0.00977751 9.55749 0.00537639 8.00707 5.50242
9101.00 1281.93 1.066611 52.7744 0.697122 18.1314 0.226685 0.12808 4.9724 0.00961277 9.56771 0.0052833 8.11226 5.37508
9001.00 1281.47 1.067401 52.7834 0.698353 18.1249 0.231739 0.125151 4.97727 0.00944951 9.57809 0.00519109 8.21903 5.24737
8901.00 1281.01 1.068248 52.791 0.69964 18.118 0.236954 0.122258 4.98249 0.00928773 9.58861 0.00509975 8.32737 5.11932
8801.00 1280.53 1.069155 52.7971 0.700979 18.1105 0.242334 0.119402 4.98804 0.00912743 9.59925 0.0050093 8.43728 4.99097
8701.00 1280.06 1.070127 52.8018 0.702371 18.1025 0.247882 0.116582 4.99391 0.00896861 9.60998 0.00491972 8.54874 4.86236
8601.00 1279.58 1.071168 52.805 0.703811 18.094 0.253604 0.1138 5.00009 0.00881128 9.62077 0.00483101 8.66176 4.73352
8501.00 1279.09 1.072282 52.8068 0.705299 18.085 0.259504 0.111057 5.00657 0.00865542 9.6316 0.00474319 8.77629 4.60449
8401.00 1278.60 1.073475 52.8072 0.706829 18.0755 0.265585 0.108354 5.01334 0.00850106 9.64242 0.00465624 8.89234 4.47533
8301.00 1278.10 1.074750 52.8061 0.7084 18.0655 0.271851 0.105691 5.02036 0.00834818 9.65321 0.00457017 9.00986 4.34609
8201.00 1277.59 1.076114 52.8037 0.710007 18.055 0.278306 0.10307 5.02763 0.0081968 9.66393 0.00448498 9.12883 4.21681
8101.00 1277.08 1.077572 52.8 0.711646 18.044 0.284952 0.100492 5.03511 0.00804692 9.67453 0.00440067 9.24921 4.08755
8001.00 1276.56 1.079132 52.795 0.71331 18.0326 0.291792 0.097957 5.04279 0.00789855 9.68498 0.00431724 9.37096 3.95839
7901.00 1276.03 1.080800 52.7888 0.714995 18.0206 0.298828 0.0954671 5.05063 0.00775169 9.69523 0.0042347 9.49402 3.82938
7801.00 1275.50 1.082582 52.7814 0.716693 18.0083 0.306062 0.0930231 5.05861 0.00760636 9.70524 0.00415305 9.61835 3.70059
7701.00 1274.95 1.084489 52.7729 0.718398 17.9954 0.313495 0.0906261 5.06668 0.00746255 9.71495 0.0040723 9.74386 3.5721
7601.00 1274.40 1.086527 52.7634 0.7201 17.9822 0.321127 0.0882772 5.07481 0.00732029 9.72431 0.00399244 9.87051 3.44399
7501.00 1273.84 1.088707 52.7529 0.72179 17.9685 0.328958 0.0859776 5.08296 0.00717959 9.73327 0.00391348 9.99819 3.31633
7401.00 1273.26 1.091037 52.7416 0.723459 17.9544 0.336986 0.0837285 5.09108 0.00704046 9.74178 0.00383544 10.1268 3.18922
7301.00 1272.68 1.093530 52.7296 0.725094 17.9399 0.345209 0.081531 5.09913 0.00690291 9.74977 0.00375831 10.2563 3.06276
7201.00 1272.08 1.096197 52.717 0.726683 17.9251 0.353624 0.0793865 5.10704 0.00676696 9.75718 0.0036821 10.3866 2.93703
7101.00 1271.48 1.099050 52.7038 0.728212 17.9099 0.362225 0.0772961 5.11477 0.00663264 9.76395 0.00360683 10.5175 2.81215
7001.00 1270.86 1.102103 52.6904 0.729666 17.8943 0.371008 0.0752612 5.12224 0.00649995 9.77001 0.0035325 10.6489 2.68821
6901.00 1270.22 1.105369 52.6767 0.731028 17.8785 0.379966 0.073283 5.12941 0.00636893 9.7753 0.00345913 10.7806 2.56534
6801.00 1269.58 1.108865 52.6631 0.732279 17.8624 0.389089 0.0713629 5.13619 0.0062396 9.77976 0.00338672 10.9126 2.44364
6701.00 1268.91 1.112607 52.6497 0.7334 17.846 0.398367 0.0695022 5.14251 0.00611198 9.7833 0.00331528 11.0446 2.32326
6601.00 1268.23 1.116612 52.6366 0.734369 17.8293 0.407789 0.0677024 5.14829 0.0059861 9.78586 0.00324484 11.1766 2.2043
6501.00 1267.54 1.120899 52.6241 0.735161 17.8124 0.41734 0.0659649 5.15344 0.00586199 9.78737 0.0031754 11.3082 2.08692
6401.00 1266.82 1.125486 52.6125 0.735753 17.7954 0.427007 0.0642912 5.15789 0.00573969 9.78775 0.00310698 11.4393 1.97124
6301.00 1266.09 1.130394 52.602 0.736115 17.7781 0.43677 0.0626829 5.16152 0.00561923 9.78694 0.00303961 11.5697 1.85742
6201.00 1265.34 1.135642 52.5929 0.736219 17.7607 0.446611 0.0611415 5.16425 0.00550065 9.78485 0.00297329 11.6992 1.74561
6101.00 1264.56 1.141252 52.5855 0.736032 17.7432 0.456509 0.0596687 5.16597 0.005384 9.78142 0.00290804 11.8275 1.63597
6001.00 1263.76 1.147244 52.58 0.735521 17.7255 0.466439 0.0582664 5.16657 0.00526931 9.77657 0.0028439 11.9543 1.52866
5901.00 1262.94 1.153636 52.5769 0.734649 17.7078 0.476376 0.0569364 5.16594 0.00515664 9.77023 0.00278089 12.0794 1.42386
5801.00 1262.09 1.160445 52.5765 0.733378 17.6899 0.486292 0.0556807 5.16396 0.00504604 9.76233 0.00271902 12.2025 1.32175
5701.00 1261.22 1.167685 52.5791 0.73167 17.6719 0.496158 0.0545014 5.16052 0.00493757 9.7528 0.00265834 12.3233 1.2225
5601.00 1260.31 1.175364 52.5852 0.729481 17.6538 0.505941 0.0534008 5.15549 0.00483129 9.74156 0.00259886 12.4414 1.12632
5501.00 1259.38 1.183485 52.5952 0.72677 17.6356 0.515607 0.0523813 5.14874 0.00472727 9.72856 0.00254063 12.5565 1.03339
5401.00 1258.41 1.192039 52.6095 0.723493 17.6173 0.525122 0.0514454 5.14016 0.00462558 9.71374 0.00248369 12.6683 0.943909
5301.00 1257.40 1.201006 52.6285 0.719607 17.5987 0.534449 0.0505957 5.12962 0.0045263 9.69704 0.00242806 12.7764 0.858086
5201.00 1256.37 1.210349 52.6528 0.71507 17.58 0.543551 0.0498351 5.11701 0.00442952 9.67842 0.00237381 12.8804 0.776116
5101.00 1255.29 1.220011 52.6828 0.709842 17.5609 0.552391 0.0491663 5.10223 0.00433533 9.65783 0.00232096 12.9799 0.698193
5001.00 1254.18 1.229910 52.719 0.703886 17.5415 0.560933 0.0485921 5.08516 0.00424383 9.63525 0.00226959 13.0747 0.624505
4901.00 1253.03 1.239937 52.7617 0.697172 17.5216 0.569142 0.0481153 5.06575 0.00415512 9.61066 0.00221973 13.1643 0.555221
4801.00 1251.83 1.249947 52.8115 0.689676 17.501 0.576985 0.0477385 5.04392 0.00406931 9.58407 0.00217144 13.2484 0.490492
4701.00 1250.60 1.259765 52.8686 0.681382 17.4797 0.584434 0.0474637 5.01966 0.00398651 9.5555 0.0021248 13.3267 0.430439
4601.00 1249.33 1.269179 52.9334 0.672287 17.4574 0.591466 0.0472928 4.99296 0.00390685 9.52499 0.00207985 13.399 0.375146
4501.00 1248.03 1.277948 53.0062 0.6624 17.434 0.598063 0.0472267 4.96388 0.00383042 9.49263 0.00203665 13.4651 0.32465
4401.00 1246.68 1.285809 53.0871 0.651742 17.4091 0.604216 0.0472654 4.93248 0.00375735 9.4585 0.00199528 13.5249 0.278938
4301.00 1245.31 1.292486 53.176 0.640351 17.3826 0.609919 0.047408 4.89891 0.00368774 9.42273 0.00195578 13.5785 0.237936
4201.00 1243.90 1.297712 53.2731 0.628277 17.3541 0.61518 0.0476521 4.86333 0.00362168 9.3855 0.00191821 13.6258 0.201513
4101.00 1242.47 1.301237 53.378 0.615586 17.3234 0.620008 0.0479941 4.82595 0.00355926 9.34698 0.00188262 13.6671 0.169474
4001.00 1241.03 1.302857 53.4906 0.602353 17.2902 0.624424 0.048429 4.78704 0.00350055 9.30739 0.00184904 13.7026 0.141573
3901.00 1239.57 1.302421 53.6104 0.588662 17.2541 0.62845 0.0489503 4.74685 0.0034456 9.26695 0.00181751 13.7328 0.117516
3801.00 1238.10 1.299843 53.737 0.574603 17.215 0.632113 0.0495506 4.70568 0.00339447 9.2259 0.00178806 13.758 0.0969733
3701.00 1236.63 1.295108 53.87 0.560267 17.1724 0.635441 0.0502211 4.66384 0.00334717 9.1845 0.0017607 13.7786 0.0795956
3601.00 1235.17 1.288269 54.0087 0.545746 17.1263 0.638465 0.0509524 4.6216 0.00330372 9.14298 0.00173544 13.7953 0.0650248
3501.00 1233.72 1.279436 54.1526 0.531128 17.0763 0.64121 0.0517346 4.57926 0.00326413 9.10159 0.00171229 13.8083 0.0529075
3401.00 1232.29 1.268769 54.3013 0.516494 17.0222 0.643702 0.0525574 4.53708 0.0032284 9.06054 0.00169124 13.8183 0.0429061
3301.00 1230.88 1.256459 54.4543 0.501921 16.9639 0.645962 0.0534107 4.49528 0.00319653 9.02004 0.00167228 13.8256 0.0347065
3201.00 1229.49 1.242721 54.611 0.487478 16.9012 0.64801 0.0542844 4.45409 0.00316849 8.98029 0.00165543 13.8308 0.028024
3101.00 1228.14 1.227778 54.7711 0.473226 16.8341 0.649859 0.055169 4.41368 0.00314429 8.94146 0.00164065 13.834 0.0226053
3001.00 1226.83 1.211855 54.9342 0.459219 16.7624 0.651522 0.0560555 4.37421 0.00312392 8.90369 0.00162795 13.8357 0.0182302
2901.00 1225.55 1.195171 55.1 0.445505 16.686 0.65301 0.0569354 4.33579 0.00310736 8.86712 0.00161732 13.8362 0.0147097
2801.00 1224.31 1.177936 55.2682 0.432123 16.605 0.65433 0.0578011 4.29854 0.0030946 8.83187 0.00160874 13.8356 0.011884
2701.00 1223.12 1.160349 55.4386 0.419107 16.5192 0.65549 0.0586459 4.26253 0.00308563 8.79803 0.0016022 13.8341 0.0096201
2601.00 1221.97 1.142594 55.6108 0.406484 16.4288 0.656495 0.0594635 4.22783 0.00308044 8.76568 0.0015977 13.832 0.00780801
2501.00 1220.86 1.124843 55.7848 0.394276 16.3336 0.657353 0.0602489 4.19447 0.00307902 8.73489 0.00159522 13.8293 0.00635788
2401.00 1219.79 1.107251 55.9604 0.382496 16.2339 0.65807 0.0609977 4.16249 0.00308135 8.70572 0.00159474 13.8261 0.0051968
2301.00 1218.77 1.089958 56.1374 0.371156 16.1295 0.658652 0.0617062 4.13189 0.00308743 8.67821 0.00159625 13.8225 0.00426601
2201.00 1217.79 1.073087 56.3157 0.360258 16.0207 0.659106 0.0623717 4.10269 0.00309722 8.65239 0.00159974 13.8185 0.00351844
2101.00 1216.86 1.056742 56.4952 0.349801 15.9075 0.659439 0.062992 4.07486 0.00311071 8.62829 0.00160518 13.8143 0.00291654
2001.00 1215.96 1.041008 56.6758 0.339781 15.79 0.659658 0.063566 4.04841 0.00312788 8.60591 0.00161257 13.8097 0.00243044
1901.00 1215.11 1.025953 56.8574 0.330187 15.6683 0.65977 0.0640927 4.02331 0.00314872 8.58526 0.00162189 13.8049 0.0020365
1801.00 1214.29 1.011625 57.04 0.321005 15.5425 0.659782 0.0645721 3.99953 0.00317322 8.56636 0.00163312 13.7997 0.00171596
1701.00 1213.50 0.998053 57.2234 0.312222 15.4129 0.6597 0.0650045 3.97706 0.00320136 8.54919 0.00164626 13.7943 0.00145404
1601.00 1212.75 0.985253 57.4076 0.303818 15.2794 0.659532 0.0653907 3.95584 0.00323314 8.53374 0.00166129 13.7885 0.00123903
1501.00 1212.03 0.973225 57.5926 0.295776 15.1423 0.659283 0.0657318 3.93587 0.00326859 8.52003 0.00167823 13.7824 0.00106168
1401.00 1211.34 0.961957 57.7784 0.288076 15.0015 0.658958 0.0660293 3.9171 0.00330771 8.50802 0.00169706 13.776 0.000914656
1301.00 1210.67 0.951429 57.9649 0.280698 14.8573 0.658562 0.0662849 3.8995 0.00335054 8.49773 0.00171782 13.7692 0.000792163
1201.00 1210.03 0.941613 58.152 0.273624 14.7097 0.658102 0.0665004 3.88305 0.00339712 8.48914 0.0017405 13.7621 0.00068958
1101.00 1209.65 0.876919 58.3767 0.267508 14.6199 0.661683 0.0672763 3.87731 0.00343202 8.54592 0.00175715 13.5779 0.000634388
1001.00 1209.28 0.873928 58.6028 0.261653 14.528 0.665353 0.0680532 3.87213 0.00346908 8.60452 0.00177489 13.3917 0.000584497
901.00 1208.91 0.871831 58.8299 0.256033 14.433 0.669046 0.0688222 3.86736 0.00350864 8.66401 0.00179389 13.206 0.000538925
801.00 1208.54 0.869795 59.058 0.250634 14.3348 0.672752 0.0695824 3.86301 0.00355081 8.72437 0.0018142 13.021 0.000497262
701.00 1208.18 0.867816 59.287 0.245441 14.2334 0.676465 0.0703328 3.85908 0.00359571 8.78557 0.00183589 12.8368 0.000459142
601.00 1207.81 0.865890 59.517 0.240442 14.1286 0.680177 0.0710724 3.8556 0.00364348 8.84759 0.00185901 12.6536 0.000424234
501.00 1207.46 0.794124 59.7473 0.23557 14.0209 0.684012 0.071792 3.85276 0.00369388 8.91094 0.00188345 12.4712 0
401.00 1207.10 0.862228 59.9791 0.23092 13.9091 0.687698 0.0725088 3.85016 0.00374785 8.97459 0.00190969 12.2902 0
301.00 1206.75 0.860447 60.2119 0.226431 13.7937 0.691361 0.0732124 3.84804 0.00380517 9.03904 0.00193759 12.1106 0
201.00 1206.40 0.858713 60.4454 0.22209 13.6747 0.694996 0.0739022 3.84639 0.003866 9.10429 0.00196726 11.9324 0
101.00 1206.05 0.857023 60.6799 0.21789 13.5518 0.698596 0.0745774 3.84523 0.00393054 9.17035 0.00199878 11.7557 0
1.00 1205.70 0.855379 60.9152 0.213821 13.4252 0.702156 0.0752375 3.84459 0.00399901 9.23723 0.00203226 11.5805 0