Title: Depleted MORB Mantle of Workmann & Hart 2005

System Thermodynamic Data:
Pressure Temperature mass F phi S H V Cp dVdP*10^6 dVdT*10^6 fO2(absolute) fO2(absolute) rhol rhos viscosity aH2O chisqr
7251.00 1339.40 80.902802 0.0017801430469723 0.002057 206.516437 -1021806.295118 25.355805 104.165749 -18.756440 1214.395054 -7.787 -7.787 2.760934 3.191587 1.759 0 0.000
7001.00 1338.01 80.902802 0.0052041724109249 0.006024 206.516437 -1022440.413394 25.373712 104.256253 -19.124152 1216.855048 -7.761 -7.761 2.754423 3.191080 1.794 0 0.000
6751.00 1336.62 80.902802 0.0087032244236567 0.010091 206.516437 -1023074.987211 25.392326 104.347143 -19.511007 1219.376397 -7.733 -7.733 2.747809 3.190580 1.829 0 0.000
6501.00 1335.19 80.902802 0.0122978225050549 0.014283 206.516437 -1023710.036584 25.411767 104.438816 -19.920046 1221.965903 -7.706 -7.706 2.741117 3.190088 1.865 0 0.000
6251.00 1333.76 80.715023 0.0136423464426600 0.015878 205.999595 -1022029.845416 25.363161 104.238429 -20.052347 1220.247921 -7.678 -7.678 2.734354 3.189601 1.902 0 0.000
6001.00 1332.32 80.418062 0.0136642788395728 0.015940 205.181833 -1018995.406672 25.274697 103.867607 -20.017533 1216.024992 -7.649 -7.649 2.727519 3.189120 1.938 0 0.000
5751.00 1330.88 80.120411 0.0136922694939301 0.016010 204.361757 -1015943.701364 25.185980 103.495135 -19.983690 1211.800519 -7.620 -7.620 2.720613 3.188644 1.974 0 0.000
5501.00 1329.43 79.821597 0.0137250044631951 0.016086 203.538049 -1012868.836572 25.096858 103.120360 -19.950563 1207.565866 -7.590 -7.590 2.713639 3.188175 2.011 0 0.000
5251.00 1327.97 79.521258 0.0137608214349346 0.016167 202.709705 -1009766.299229 25.007209 102.742764 -19.917874 1203.313661 -7.562 -7.562 2.706598 3.187712 2.048 0 0.000
5001.00 1326.51 79.219171 0.0137976799468735 0.016250 201.876106 -1006633.293694 24.916954 102.362007 -19.885316 1199.038131 -7.534 -7.534 2.699495 3.187254 2.084 0 0.000
4751.00 1325.04 78.915284 0.0138331634057005 0.016332 201.037098 -1003469.104112 24.826064 101.977961 -19.852563 1194.735503 -7.509 -7.509 2.692335 3.186803 2.121 0 0.000
4501.00 1323.56 78.609733 0.0138645331118228 0.016410 200.193066 -1000275.448823 24.734568 101.590750 -19.819275 1190.404429 -7.486 -7.486 2.685124 3.186358 2.157 0 0.000
4251.00 1322.07 78.302874 0.0138888536647392 0.016480 199.344995 -997056.774541 24.642563 101.200784 -19.785118 1186.046414 -7.466 -7.466 2.677869 3.185919 2.193 0 0.000
4001.00 1320.58 77.995290 0.0139032004558142 0.016539 198.494505 -993820.419816 24.550216 100.808781 -19.749793 1181.666153 -7.450 -7.450 2.670580 3.185486 2.229 0 0.000
3751.00 1319.09 77.687784 0.0139049424595962 0.016584 197.643833 -990576.568363 24.457765 100.415768 -19.713069 1177.271699 -7.438 -7.438 2.663269 3.185059 2.264 0 0.000
3501.00 1317.63 77.161844 0.0109838163227250 0.013142 196.188236 -984579.735367 24.282388 99.679704 -19.258366 1168.091025 -7.428 -7.428 2.655946 3.184635 2.298 0 0.000
3251.00 1316.14 77.085164 0.0138696438985160 0.016628 195.975923 -984222.132611 24.276386 99.643322 -19.638022 1168.594847 -7.426 -7.426 2.648622 3.184220 2.331 0 0.000
3001.00 1314.66 76.783859 0.0138250875050900 0.016617 195.141328 -981032.192982 24.185444 99.255190 -19.596791 1164.228534 -7.431 -7.431 2.641314 3.183811 2.363 0 0.000
2751.00 1313.20 76.487187 0.0137662325987186 0.016590 194.319260 -977893.211014 24.095814 98.872204 -19.554586 1159.906108 -7.441 -7.441 2.634036 3.183407 2.394 0 0.000
2501.00 1311.75 76.196209 0.0136955950004512 0.016548 193.512686 -974819.030668 24.007840 98.495877 -19.511890 1155.643247 -7.458 -7.458 2.626802 3.183009 2.423 0 0.000
2251.00 1310.32 75.911774 0.0136166658983206 0.016495 192.723991 -971820.911936 23.921807 98.127462 -19.469291 1151.453414 -7.482 -7.482 2.619624 3.182616 2.450 0 0.000
2001.00 1308.90 75.634454 0.0135336297164198 0.016436 191.954784 -968906.616233 23.837913 97.767856 -19.427426 1147.346646 -7.512 -7.512 2.612517 3.182228 2.475 0 0.000
1751.00 1307.51 75.364490 0.0134510885618436 0.016378 191.205765 -966079.780463 23.756259 97.417523 -19.386936 1143.328689 -7.550 -7.550 2.605492 3.181845 2.497 0 0.000
1501.00 1306.13 75.101773 0.0133738650032176 0.016325 190.476650 -963339.567523 23.676833 97.076458 -19.348435 1139.400469 -7.595 -7.595 2.598561 3.181468 2.516 0 0.000
1251.00 1304.76 74.845830 0.0133069343929958 0.016284 189.766147 -960680.512327 23.599509 96.744164 -19.312494 1135.557861 -7.647 -7.647 2.591736 3.181096 2.531 0 0.000
1001.00 1303.40 74.595820 0.0132555201661425 0.016260 189.071935 -958092.435498 23.524047 96.419652 -19.279651 1131.791590 -7.708 -7.708 2.585031 3.180732 2.542 0 0.000
751.00 1302.04 74.350519 0.0132253828106443 0.016263 188.390631 -955560.268306 23.450084 96.101421 -19.250444 1128.087104 -7.777 -7.777 2.578458 3.180375 2.549 0 0.000
501.00 1300.68 74.108288 0.0132233553646573 0.016298 187.717690 -953063.607363 23.377133 95.787420 -19.225481 1124.424200 -7.857 -7.857 2.572031 3.180028 2.551 0 0.000
251.00 1299.30 73.866997 0.0132582367199999 0.016379 187.047205 -950575.772581 23.304556 95.474963 -19.205545 1120.776177 -7.947 -7.947 2.565768 3.179693 2.547 0 0.000
1.00 1297.88 73.623890 0.0133422726211605 0.016519 186.371517 -948062.043588 23.231531 95.160564 -19.191876 1117.107391 -8.050 -8.050 2.559672 3.179373 2.537 0 0.000

Title: Depleted MORB Mantle of Workmann & Hart 2005

Liquid Composition:
Pressure Temperature mass SiO2 TiO2 Al2O3 Fe2O3 Cr2O3 FeO MnO MgO NiO CaO Na2O 
7251.00 1339.40 0.144019 51.2196 0.299683 14.9289 0.578545 0.0844584 6.1926 0.00777424 12.4334 0.00441755 14.2377 0.0129078
7001.00 1338.01 0.421032 51.6044 0.280214 14.8991 0.583015 0.0878461 6.15238 0.00773243 12.5513 0.00438579 13.8209 0.00876902
6751.00 1336.62 0.704115 51.9993 0.263185 14.8624 0.58763 0.0914972 6.1123 0.00770199 12.6756 0.00436045 13.3895 0.00659477
6501.00 1335.19 0.994928 52.4028 0.248181 14.8176 0.592308 0.095366 6.07208 0.00768109 12.804 0.00434045 12.9504 0.00524953
6251.00 1333.76 1.101142 52.815 0.234443 14.765 0.597166 0.0994348 6.03243 0.00766965 12.9379 0.00432576 12.5024 0.004227
6001.00 1332.32 1.098855 53.2363 0.221591 14.7043 0.60226 0.103704 5.99375 0.00766826 13.0782 0.0043167 12.0444 0.00338387
5751.00 1330.88 1.097030 53.6669 0.209548 14.6346 0.607517 0.108174 5.95593 0.00767758 13.2245 0.00431359 11.5781 0.0026922
5501.00 1329.43 1.095552 54.1067 0.198246 14.5548 0.612857 0.112843 5.91888 0.00769841 13.3759 0.00431687 11.1056 0.00212809
5251.00 1327.97 1.094278 54.5558 0.187624 14.4637 0.618188 0.117704 5.88253 0.00773172 13.5317 0.00432706 10.629 0.00167103
5001.00 1326.51 1.093041 55.0142 0.17763 14.36 0.62341 0.122743 5.84679 0.00777872 13.6909 0.00434478 10.1509 0.00130337
4751.00 1325.04 1.091648 55.4816 0.168218 14.2422 0.628414 0.12794 5.81163 0.00784081 13.8526 0.00437079 9.67419 0.00100992
4501.00 1323.56 1.089887 55.9579 0.159346 14.109 0.63309 0.133268 5.77703 0.00791968 14.0155 0.00440599 9.20172 0.000777638
4251.00 1322.07 1.087537 56.4429 0.150977 13.9587 0.637323 0.138689 5.743 0.00801727 14.1787 0.00445143 8.73668 0.000595322
4001.00 1320.58 1.084384 56.9361 0.143075 13.7898 0.641005 0.144159 5.70964 0.00813589 14.3409 0.00450835 8.28219 0.000453445
3751.00 1319.09 1.080244 57.4371 0.135608 13.6007 0.644037 0.149625 5.67707 0.00827816 14.5014 0.00457815 7.84124 0.000343948
3501.00 1317.63 0.847532 57.9465 0.128266 13.3918 0.647005 0.155092 5.64721 0.00844838 14.6658 0.00466319 7.40525 0
3251.00 1316.14 1.069144 58.4616 0.121585 13.158 0.648463 0.160387 5.61686 0.00864756 14.8204 0.00476391 6.99923 0
3001.00 1314.66 1.061544 58.9829 0.115241 12.9001 0.649069 0.165505 5.5882 0.00888088 14.9717 0.00488314 6.61354 0
2751.00 1313.20 1.052940 59.5096 0.1092 12.617 0.648794 0.170395 5.56164 0.00915294 15.1199 0.00502332 6.24925 0
2501.00 1311.75 1.043552 60.0414 0.103431 12.3078 0.647623 0.175013 5.53766 0.00946907 15.2657 0.00518728 5.90679 0
2251.00 1310.32 1.033665 60.5777 0.0979016 11.9717 0.645551 0.179331 5.51681 0.00983549 15.4099 0.00537833 5.58597 0
2001.00 1308.90 1.023609 61.1183 0.0925817 11.6078 0.642579 0.183332 5.49964 0.0102596 15.5538 0.00560039 5.28605 0
1751.00 1307.51 1.013734 61.663 0.0874429 11.2155 0.638705 0.187011 5.48675 0.0107503 15.6991 0.00585817 5.00589 0
1501.00 1306.13 1.004401 62.2118 0.0824587 10.7936 0.633918 0.190382 5.47877 0.0113184 15.8475 0.00615741 4.74401 0
1251.00 1304.76 0.995969 62.7648 0.0776044 10.3412 0.628193 0.193466 5.47636 0.0119774 16.0011 0.0065052 4.49874 0
1001.00 1303.40 0.988806 63.3224 0.0728565 9.85666 0.621482 0.196301 5.48026 0.012744 16.1622 0.00691041 4.26825 0
751.00 1302.04 0.983314 63.885 0.0681917 9.33816 0.613705 0.198934 5.49124 0.0136395 16.3331 0.00738427 4.05067 0
501.00 1300.68 0.979960 64.4533 0.0635855 8.78334 0.604735 0.201425 5.51019 0.014691 16.5167 0.00794116 3.84409 0
251.00 1299.30 0.979346 65.0282 0.0590107 8.18924 0.594389 0.203847 5.53809 0.0159338 16.7161 0.0085997 3.64658 0
1.00 1297.88 0.982310 65.6109 0.0544344 7.55231 0.582393 0.206289 5.57606 0.017414 16.9347 0.00938425 3.4562 0
Title: Depleted MORB Mantle of Workmann & Hart 2005

liquid_0 thermodynamic data and composition:
Pressure Temperature mass S H V Cp viscosity SiO2 TiO2 Al2O3 Fe2O3 Cr2O3 FeO MnO MgO NiO CaO Na2O
7251.00 1339.40 0.144019 0.395847 -1765.219342 0.052163 0.223774 1.759 51.2196 0.299683 14.9289 0.578545 0.0844584 6.1926 0.00777424 12.4334 0.00441755 14.2377 0.0129078
7001.00 1338.01 0.421032 1.157746 -5169.843770 0.152857 0.654313 1.794 51.6044 0.280214 14.8991 0.583015 0.0878461 6.15238 0.00773243 12.5513 0.00438579 13.8209 0.00876902
6751.00 1336.62 0.704115 1.937077 -8661.375380 0.256246 1.094449 1.829 51.9993 0.263185 14.8624 0.58763 0.0914972 6.1123 0.00770199 12.6756 0.00436045 13.3895 0.00659477
6501.00 1335.19 0.994928 2.738446 -12260.663047 0.362965 1.546765 1.865 52.4028 0.248181 14.8176 0.592308 0.095366 6.07208 0.00768109 12.804 0.00434045 12.9504 0.00524953
6251.00 1333.76 1.101142 3.032287 -13593.825154 0.402707 1.712215 1.902 52.815 0.234443 14.765 0.597166 0.0994348 6.03243 0.00766965 12.9379 0.00432576 12.5024 0.004227
6001.00 1332.32 1.098855 3.027523 -13589.726432 0.402877 1.708994 1.938 53.2363 0.221591 14.7043 0.60226 0.103704 5.99375 0.00766826 13.0782 0.0043167 12.0444 0.00338387
5751.00 1330.88 1.097030 3.024059 -13591.162229 0.403229 1.706498 1.974 53.6669 0.209548 14.6346 0.607517 0.108174 5.95593 0.00767758 13.2245 0.00431359 11.5781 0.0026922
5501.00 1329.43 1.095552 3.021563 -13596.683561 0.403721 1.704541 2.011 54.1067 0.198246 14.5548 0.612857 0.112843 5.91888 0.00769841 13.3759 0.00431687 11.1056 0.00212809
5251.00 1327.97 1.094278 3.019631 -13604.516385 0.404300 1.702897 2.048 54.5558 0.187624 14.4637 0.618188 0.117704 5.88253 0.00773172 13.5317 0.00432706 10.629 0.00167103
5001.00 1326.51 1.093041 3.017790 -13612.540175 0.404906 1.701295 2.084 55.0142 0.17763 14.36 0.62341 0.122743 5.84679 0.00777872 13.6909 0.00434478 10.1509 0.00130337
4751.00 1325.04 1.091648 3.015493 -13618.299297 0.405465 1.699430 2.121 55.4816 0.168218 14.2422 0.628414 0.12794 5.81163 0.00784081 13.8526 0.00437079 9.67419 0.00100992
4501.00 1323.56 1.089887 3.012142 -13619.066296 0.405898 1.696960 2.157 55.9579 0.159346 14.109 0.63309 0.133268 5.77703 0.00791968 14.0155 0.00440599 9.20172 0.000777638
4251.00 1322.07 1.087537 3.007110 -13611.974646 0.406120 1.693532 2.193 56.4429 0.150977 13.9587 0.637323 0.138689 5.743 0.00801727 14.1787 0.00445143 8.73668 0.000595322
4001.00 1320.58 1.084384 2.999795 -13594.229233 0.406048 1.688803 2.229 56.9361 0.143075 13.7898 0.641005 0.144159 5.70964 0.00813589 14.3409 0.00450835 8.28219 0.000453445
3751.00 1319.09 1.080244 2.989677 -13563.385138 0.405608 1.682480 2.264 57.4371 0.135608 13.6007 0.644037 0.149625 5.67707 0.00827816 14.5014 0.00457815 7.84124 0.000343948
3501.00 1317.63 0.847532 2.346669 -10657.433454 0.319107 1.320111 2.298 57.9465 0.128266 13.3918 0.647005 0.155092 5.64721 0.00844838 14.6658 0.00466319 7.40525 0
3251.00 1316.14 1.069144 2.961455 -13463.559019 0.403660 1.665286 2.331 58.4616 0.121585 13.158 0.648463 0.160387 5.61686 0.00864756 14.8204 0.00476391 6.99923 0
3001.00 1314.66 1.061544 2.941504 -13386.286149 0.401900 1.653370 2.363 58.9829 0.115241 12.9001 0.649069 0.165505 5.5882 0.00888088 14.9717 0.00488314 6.61354 0
2751.00 1313.20 1.052940 2.918688 -13295.154339 0.399744 1.639824 2.394 59.5096 0.1092 12.617 0.648794 0.170395 5.56164 0.00915294 15.1199 0.00502332 6.24925 0
2501.00 1311.75 1.043552 2.893616 -13192.814249 0.397271 1.624993 2.423 60.0414 0.103431 12.3078 0.647623 0.175013 5.53766 0.00946907 15.2657 0.00518728 5.90679 0
2251.00 1310.32 1.033665 2.867086 -13082.799469 0.394585 1.609329 2.450 60.5777 0.0979016 11.9717 0.645551 0.179331 5.51681 0.00983549 15.4099 0.00537833 5.58597 0
2001.00 1308.90 1.023609 2.840021 -12969.230525 0.391809 1.593354 2.475 61.1183 0.0925817 11.6078 0.642579 0.183332 5.49964 0.0102596 15.5538 0.00560039 5.28605 0
1751.00 1307.51 1.013734 2.813404 -12856.533237 0.389076 1.577626 2.497 61.663 0.0874429 11.2155 0.638705 0.187011 5.48675 0.0107503 15.6991 0.00585817 5.00589 0
1501.00 1306.13 1.004401 2.788241 -12749.239452 0.386522 1.562713 2.516 62.2118 0.0824587 10.7936 0.633918 0.190382 5.47877 0.0113184 15.8475 0.00615741 4.74401 0
1251.00 1304.76 0.995969 2.765539 -12651.915986 0.384286 1.549187 2.531 62.7648 0.0776044 10.3412 0.628193 0.193466 5.47636 0.0119774 16.0011 0.0065052 4.49874 0
1001.00 1303.40 0.988806 2.746332 -12569.248920 0.382512 1.537633 2.542 63.3224 0.0728565 9.85666 0.621482 0.196301 5.48026 0.012744 16.1622 0.00691041 4.26825 0
751.00 1302.04 0.983314 2.731737 -12506.306608 0.381357 1.528682 2.549 63.885 0.0681917 9.33816 0.613705 0.198934 5.49124 0.0136395 16.3331 0.00738427 4.05067 0
501.00 1300.68 0.979960 2.723062 -12469.024334 0.381006 1.523073 2.551 64.4533 0.0635855 8.78334 0.604735 0.201425 5.51019 0.014691 16.5167 0.00794116 3.84409 0
251.00 1299.30 0.979346 2.721981 -12465.006027 0.381697 1.521752 2.547 65.0282 0.0590107 8.18924 0.594389 0.203847 5.53809 0.0159338 16.7161 0.0085997 3.64658 0
1.00 1297.88 0.982310 2.730825 -12504.844268 0.383764 1.526031 2.537 65.6109 0.0544344 7.55231 0.582393 0.206289 5.57606 0.017414 16.9347 0.00938425 3.4562 0

olivine_0 thermodynamic data and composition:
Pressure Temperature mass S H V Cp formula SiO2 TiO2 Al2O3 Fe2O3 Cr2O3 FeO MnO MgO NiO CaO Na2O
7251.00 1339.40 59.288927 151.452601 -746825.644536 18.611276 76.208368 (Ca0.01Mg0.90Fe''0.09Mn0.00Co0.00Ni0.00)2SiO4 40.8642 0 0 0 0 8.89169 0.214644 49.161 0.402064 0.466486 0
7001.00 1338.01 59.415684 151.734598 -749037.776342 18.653396 76.380597 (Ca0.01Mg0.90Fe''0.09Mn0.00Co0.00Ni0.00)2SiO4 40.8671 0 0 0 0 8.88326 0.21415 49.1766 0.401186 0.457707 0
6751.00 1336.62 59.553558 152.043892 -751397.363050 18.699013 76.567215 (Ca0.01Mg0.90Fe''0.09Mn0.00Co0.00Ni0.00)2SiO4 40.8701 0 0 0 0 8.87457 0.213618 49.1929 0.400236 0.448603 0
6501.00 1335.19 59.703668 152.382974 -753920.306940 18.748492 76.769631 (Ca0.01Mg0.90Fe''0.09Mn0.00Co0.00Ni0.00)2SiO4 40.8732 0 0 0 0 8.86545 0.213044 49.2098 0.399209 0.439328 0
6251.00 1333.76 59.861273 152.740373 -756544.611830 18.800342 76.981783 (Ca0.01Mg0.90Fe''0.09Mn0.00Co0.00Ni0.00)2SiO4 40.8764 0 0 0 0 8.85608 0.212445 49.2271 0.398137 0.429842 0
6001.00 1332.32 60.023572 153.109290 -759233.765161 18.853680 77.200092 (Ca0.01Mg0.90Fe''0.09Mn0.00Co0.00Ni0.00)2SiO4 40.8797 0 0 0 0 8.84655 0.211833 49.2448 0.39704 0.420118 0
5751.00 1330.88 60.190866 153.490383 -761992.043218 18.908604 77.424937 (Ca0.01Mg0.90Fe''0.09Mn0.00Co0.00Ni0.00)2SiO4 40.883 0 0 0 0 8.83682 0.211207 49.2628 0.395915 0.410191 0
5501.00 1329.43 60.363407 153.884208 -764823.064604 18.965196 77.656632 (Ca0.01Mg0.90Fe''0.09Mn0.00Co0.00Ni0.00)2SiO4 40.8865 0 0 0 0 8.82688 0.210565 49.2812 0.394762 0.400104 0
5251.00 1327.97 60.541379 154.291160 -767729.486428 19.023519 77.895401 (Ca0.01Mg0.90Fe''0.09Mn0.00Co0.00Ni0.00)2SiO4 40.89 0 0 0 0 8.81669 0.209907 49.3 0.39358 0.389904 0
5001.00 1326.51 60.724871 154.711419 -770712.656277 19.083605 78.141347 (Ca0.00Mg0.90Fe''0.09Mn0.00Co0.00Ni0.00)2SiO4 40.8935 0 0 0 0 8.80626 0.209234 49.319 0.392369 0.379646 0
4751.00 1325.04 60.913847 155.144882 -773772.240082 19.145446 78.394411 (Ca0.00Mg0.90Fe''0.09Mn0.00Co0.00Ni0.00)2SiO4 40.8971 0 0 0 0 8.79558 0.208545 49.3382 0.39113 0.36939 0
4501.00 1323.56 61.108125 155.591102 -776905.863253 19.208992 78.654345 (Ca0.00Mg0.90Fe''0.09Mn0.00Co0.00Ni0.00)2SiO4 40.9008 0 0 0 0 8.78466 0.207842 49.3577 0.389864 0.359205 0
4251.00 1322.07 61.307352 156.049237 -780108.821199 19.274135 78.920679 (Ca0.00Mg0.90Fe''0.09Mn0.00Co0.00Ni0.00)2SiO4 40.9044 0 0 0 0 8.77352 0.207125 49.3772 0.388574 0.349158 0
4001.00 1320.58 61.510991 156.518025 -783373.929503 19.340712 79.192711 (Ca0.00Mg0.90Fe''0.09Mn0.00Co0.00Ni0.00)2SiO4 40.9081 0 0 0 0 8.76219 0.206398 49.3967 0.387265 0.339325 0
3751.00 1319.09 61.718333 156.995790 -786691.585942 19.408503 79.469513 (Ca0.00Mg0.90Fe''0.09Mn0.00Co0.00Ni0.00)2SiO4 40.9118 0 0 0 0 8.7507 0.205662 49.4161 0.38594 0.329776 0
3501.00 1317.63 61.919757 157.459646 -789933.581159 19.474464 79.738823 (Ca0.00Mg0.90Fe''0.09Mn0.00Co0.00Ni0.00)2SiO4 40.9155 0 0 0 0 8.73947 0.204951 49.4352 0.384662 0.320273 0
3251.00 1316.14 62.132155 157.949836 -793324.543770 19.543959 80.022106 (Ca0.00Mg0.90Fe''0.09Mn0.00Co0.00Ni0.00)2SiO4 40.9191 0 0 0 0 8.7278 0.204207 49.4541 0.383323 0.311484 0
3001.00 1314.66 62.345381 158.442239 -796729.162974 19.613775 80.306430 (Ca0.00Mg0.91Fe''0.09Mn0.00Co0.00Ni0.00)2SiO4 40.9227 0 0 0 0 8.71614 0.203463 49.4726 0.381987 0.303154 0
2751.00 1313.20 62.558439 158.934498 -800133.937928 19.683599 80.590506 (Ca0.00Mg0.91Fe''0.09Mn0.00Co0.00Ni0.00)2SiO4 40.9262 0 0 0 0 8.70454 0.202725 49.4905 0.380662 0.295317 0
2501.00 1311.75 62.770430 159.424476 -803526.708791 19.753150 80.873170 (Ca0.00Mg0.91Fe''0.09Mn0.00Co0.00Ni0.00)2SiO4 40.9296 0 0 0 0 8.69304 0.201994 49.508 0.379351 0.287992 0
2251.00 1310.32 62.980618 159.910407 -806897.550076 19.822194 81.153474 (Ca0.00Mg0.91Fe''0.09Mn0.00Co0.00Ni0.00)2SiO4 40.933 0 0 0 0 8.68167 0.201273 49.5248 0.378059 0.281183 0
2001.00 1308.90 63.188482 160.391018 -810239.478054 19.890565 81.430743 (Ca0.00Mg0.91Fe''0.09Mn0.00Co0.00Ni0.00)2SiO4 40.9362 0 0 0 0 8.67045 0.200562 49.5411 0.376789 0.274878 0
1751.00 1307.51 63.393750 160.865610 -813548.952771 19.958177 81.704629 (Ca0.00Mg0.91Fe''0.09Mn0.00Co0.00Ni0.00)2SiO4 40.9394 0 0 0 0 8.6594 0.199863 49.5568 0.375542 0.269055 0
1501.00 1306.13 63.596427 161.334114 -816826.215050 20.025026 81.975135 (Ca0.00Mg0.91Fe''0.09Mn0.00Co0.00Ni0.00)2SiO4 40.9424 0 0 0 0 8.64849 0.199174 49.5719 0.374317 0.263682 0
1251.00 1304.76 63.796811 161.797130 -820075.546289 20.091205 82.242642 (Ca0.00Mg0.91Fe''0.09Mn0.00Co0.00Ni0.00)2SiO4 40.9454 0 0 0 0 8.6377 0.198494 49.5866 0.373112 0.258717 0
1001.00 1303.40 63.995513 162.255978 -823305.573354 20.156901 82.507933 (Ca0.00Mg0.91Fe''0.09Mn0.00Co0.00Ni0.00)2SiO4 40.9483 0 0 0 0 8.62699 0.197821 49.6008 0.371923 0.254114 0
751.00 1302.04 64.193493 162.712767 -826529.772215 20.222413 82.772240 (Ca0.00Mg0.91Fe''0.09Mn0.00Co0.00Ni0.00)2SiO4 40.9512 0 0 0 0 8.61628 0.197149 49.6148 0.370742 0.249821 0
501.00 1300.68 64.392127 163.170541 -829767.371302 20.288171 83.037323 (Ca0.00Mg0.91Fe''0.09Mn0.00Co0.00Ni0.00)2SiO4 40.9541 0 0 0 0 8.6055 0.196474 49.6286 0.369563 0.24578 0
251.00 1299.30 64.593313 163.633529 -833044.948146 20.354770 83.305613 (Ca0.00Mg0.91Fe''0.09Mn0.00Co0.00Ni0.00)2SiO4 40.957 0 0 0 0 8.59452 0.195789 49.6424 0.368372 0.241927 0
1.00 1297.88 64.799675 164.107577 -836399.200257 20.423031 83.580467 (Ca0.00Mg0.91Fe''0.09Mn0.00Co0.00Ni0.00)2SiO4 40.9599 0 0 0 0 8.58318 0.195082 49.6565 0.367155 0.238192 0

orthopyroxene_0 thermodynamic data and composition:
Pressure Temperature mass S H V Cp structure formula SiO2 TiO2 Al2O3 Fe2O3 Cr2O3 FeO MnO MgO NiO CaO Na2O
7251.00 1339.40 19.845761 50.856237 -256294.074734 6.282413 25.846719 opx Na0.00Ca0.10Fe''0.16Mg1.69Fe'''0.01Ti0.00Al0.10Si1.95O6 56.3154 0.0355183 2.48404 0.201504 0 5.56068 0 32.8129 0 2.58971 0.000252692
7001.00 1338.01 19.483973 49.920828 -251859.504701 6.169285 25.389179 opx Na0.00Ca0.09Fe''0.16Mg1.70Fe'''0.01Ti0.00Al0.10Si1.95O6 56.3557 0.0335773 2.45527 0.200852 0 5.55752 0 32.927 0 2.46991 0.000163452
6751.00 1336.62 19.102581 48.934673 -247160.882628 6.049926 24.905060 opx Na0.00Ca0.09Fe''0.16Mg1.70Fe'''0.01Ti0.00Al0.10Si1.95O6 56.3973 0.0318191 2.42298 0.199981 0 5.55419 0 33.0383 0 2.35539 0.000116909
6501.00 1335.19 18.700967 47.896076 -242189.128488 5.924136 24.393442 opx Na0.00Ca0.08Fe''0.16Mg1.71Fe'''0.01Ti0.00Al0.10Si1.95O6 56.4403 0.0301945 2.38658 0.19885 0 5.5508 0 33.1461 0 2.24713 8.84358e-005
6251.00 1333.76 18.288031 46.828223 -237059.058887 5.794727 23.866071 opx Na0.00Ca0.08Fe''0.16Mg1.71Fe'''0.01Ti0.00Al0.10Si1.95O6 56.4847 0.028637 2.34658 0.197494 0 5.54743 0 33.2512 0 2.14392 6.76104e-005
6001.00 1332.32 17.868881 45.744430 -231836.779204 5.663314 23.329712 opx Na0.00Ca0.08Fe''0.16Mg1.72Fe'''0.01Ti0.00Al0.09Si1.95O6 56.5304 0.0271162 2.30323 0.195927 0 5.5441 0 33.3542 0 2.04496 5.13382e-005
5751.00 1330.88 17.442792 44.642858 -226512.740922 5.529665 22.783435 opx Na0.00Ca0.07Fe''0.16Mg1.72Fe'''0.01Ti0.00Al0.09Si1.95O6 56.5778 0.0256264 2.25628 0.194132 0 5.54086 0 33.4551 0 1.95019 3.87038e-005
5501.00 1329.43 17.009178 43.522037 -221079.181384 5.393591 22.226489 opx Na0.00Ca0.07Fe''0.16Mg1.72Fe'''0.00Ti0.00Al0.09Si1.95O6 56.6268 0.0241631 2.20549 0.192091 0 5.53774 0 33.5541 0 1.85959 2.89623e-005
5251.00 1327.97 16.567638 42.380984 -215530.735469 5.254963 21.658368 opx Na0.00Ca0.07Fe''0.16Mg1.73Fe'''0.00Ti0.00Al0.09Si1.95O6 56.6776 0.0227227 2.15063 0.189785 0 5.5348 0 33.6513 0 1.77313 2.15081e-005
5001.00 1326.51 16.118015 41.219340 -209865.120580 5.113726 21.078876 opx Na0.00Ca0.06Fe''0.16Mg1.73Fe'''0.00Ti0.00Al0.08Si1.95O6 56.7304 0.0213024 2.09149 0.187196 0 5.53205 0 33.7467 0 1.69083 1.58504e-005
4751.00 1325.04 15.660439 40.037501 -204083.847524 4.969919 20.488200 opx Na0.00Ca0.06Fe''0.16Mg1.74Fe'''0.00Ti0.00Al0.08Si1.96O6 56.7852 0.0199009 2.02789 0.184307 0 5.52956 0 33.8404 0 1.6127 1.15931e-005
4501.00 1323.56 15.195383 38.836744 -198192.874618 4.823686 19.886973 opx Na0.00Ca0.06Fe''0.16Mg1.74Fe'''0.00Ti0.00Al0.08Si1.96O6 56.8422 0.0185179 1.95972 0.1811 0 5.52736 0 33.9323 0 1.53877 8.41799e-006
4251.00 1322.07 14.723695 37.619315 -192203.086173 4.675293 19.276322 opx Na0.00Ca0.05Fe''0.16Mg1.75Fe'''0.00Ti0.00Al0.08Si1.96O6 56.9014 0.0171545 1.88694 0.177564 0 5.52549 0 34.0224 0 1.46908 6.07134e-006
4001.00 1320.58 14.246609 36.388449 -186130.452029 4.525124 18.657880 opx Na0.00Ca0.05Fe''0.16Mg1.75Fe'''0.00Ti0.00Al0.07Si1.96O6 56.9626 0.0158133 1.80965 0.17369 0 5.524 0 34.1106 0 1.40365 4.35245e-006
3751.00 1319.09 13.765716 35.148305 -179995.727675 4.373682 18.033759 opx Na0.00Ca0.05Fe''0.16Mg1.75Fe'''0.00Ti0.00Al0.07Si1.96O6 57.0257 0.014498 1.72804 0.169474 0 5.52292 0 34.1969 0 1.34247 3.10417e-006
3501.00 1317.63 13.299324 33.946104 -174038.585459 4.226776 17.428127 opx Na0.00Ca0.05Fe''0.16Mg1.76Fe'''0.00Ti0.00Al0.07Si1.96O6 57.0901 0.0131993 1.64359 0.165022 0 5.52225 0 34.2821 0 1.2837 0
3251.00 1316.14 12.815839 32.700436 -167845.717354 4.074364 16.799308 opx Na0.00Ca0.05Fe''0.16Mg1.76Fe'''0.00Ti0.00Al0.06Si1.97O6 57.1564 0.011953 1.5545 0.160127 0 5.52206 0 34.364 0 1.23094 0
3001.00 1314.66 12.334653 31.461332 -161671.051637 3.922600 16.172907 opx Na0.00Ca0.04Fe''0.16Mg1.77Fe'''0.00Ti0.00Al0.06Si1.97O6 57.2238 0.0107502 1.46261 0.154916 0 5.52235 0 34.4434 0 1.18221 0
2751.00 1313.20 11.857759 30.233935 -155541.054378 3.772114 15.551577 opx Na0.00Ca0.04Fe''0.16Mg1.77Fe'''0.00Ti0.00Al0.06Si1.97O6 57.2917 0.00959772 1.36869 0.149408 0 5.52311 0 34.5202 0 1.13734 0
2501.00 1311.75 11.386875 29.022672 -149478.693232 3.623448 14.937612 opx Na0.00Ca0.04Fe''0.16Mg1.77Fe'''0.00Ti0.00Al0.05Si1.97O6 57.3597 0.00850223 1.27359 0.143629 0 5.52431 0 34.5942 0 1.09609 0
2251.00 1310.32 10.923310 27.830905 -143501.656218 3.477016 14.332773 opx Na0.00Ca0.04Fe''0.16Mg1.78Fe'''0.00Ti0.00Al0.05Si1.97O6 57.4273 0.0074697 1.17818 0.137606 0 5.52593 0 34.6653 0 1.05823 0
2001.00 1308.90 10.467864 26.660684 -137621.000192 3.333070 13.738149 opx Na0.00Ca0.04Fe''0.16Mg1.78Fe'''0.00Ti0.00Al0.04Si1.98O6 57.4939 0.00650518 1.08333 0.131368 0 5.52792 0 34.7335 0 1.02345 0
1751.00 1307.51 10.020761 25.512576 -131840.247113 3.191682 13.154077 opx Na0.00Ca0.04Fe''0.16Mg1.78Fe'''0.00Ti0.00Al0.04Si1.98O6 57.5593 0.00561248 0.989885 0.124942 0 5.53024 0 34.7985 0 0.991464 0
1501.00 1306.13 9.581612 24.385568 -126154.821984 3.052729 12.580081 opx Na0.00Ca0.04Fe''0.16Mg1.79Fe'''0.00Ti0.00Al0.04Si1.98O6 57.6229 0.00479407 0.898582 0.118357 0 5.53283 0 34.8606 0 0.961951 0
1251.00 1304.76 9.149384 23.277001 -120551.631831 2.915882 12.014838 opx Na0.00Ca0.03Fe''0.16Mg1.79Fe'''0.00Ti0.00Al0.03Si1.98O6 57.6845 0.00405101 0.810077 0.111638 0 5.53562 0 34.9196 0 0.934602 0
1001.00 1303.40 8.722361 22.182472 -115008.519054 2.780596 11.456123 opx Na0.00Ca0.03Fe''0.16Mg1.79Fe'''0.00Ti0.00Al0.03Si1.98O6 57.7436 0.00338301 0.724921 0.104807 0 5.53855 0 34.9756 0 0.909111 0
751.00 1302.04 8.298070 21.095653 -109493.262168 2.646084 10.900713 opx Na0.00Ca0.03Fe''0.16Mg1.79Fe'''0.00Ti0.00Al0.03Si1.99O6 57.8003 0.00278857 0.643555 0.0978827 0 5.54154 0 35.0288 0 0.885179 0
501.00 1300.68 7.873144 20.007940 -103961.701378 2.511275 10.344205 opx Na0.00Ca0.03Fe''0.16Mg1.80Fe'''0.00Ti0.00Al0.02Si1.99O6 57.8542 0.00226514 0.566317 0.0908801 0 5.54451 0 35.0793 0 0.862515 0
251.00 1299.30 7.443068 18.907820 -98354.373888 2.374730 9.780681 opx Na0.00Ca0.03Fe''0.16Mg1.80Fe'''0.00Ti0.00Al0.02Si1.99O6 57.9053 0.0018093 0.493453 0.0838098 0 5.54736 0 35.1274 0 0.840827 0
1.00 1297.88 7.001739 17.779758 -92590.651128 2.234502 9.202133 opx Na0.00Ca0.03Fe''0.16Mg1.80Fe'''0.00Ti0.00Al0.02Si1.99O6 57.9537 0.00141704 0.425127 0.076678 0 5.54998 0 35.1733 0 0.819817 0

clinopyroxene_0 thermodynamic data and composition:
Pressure Temperature mass S H V Cp structure formula SiO2 TiO2 Al2O3 Fe2O3 Cr2O3 FeO MnO MgO NiO CaO Na2O
7251.00 1339.40 0.002106 0.005247 -26.962801 0.000664 0.002600 cpx Na0.00Ca0.64Fe''0.12Mg1.16Fe'''0.01Ti0.00Al0.15Si1.92O6 53.6456 0.068574 3.52325 0.292752 0 4.05346 0 21.804 0 16.611 0.00138835

spinel_0 thermodynamic data and composition:
Pressure Temperature mass S H V Cp formula SiO2 TiO2 Al2O3 Fe2O3 Cr2O3 FeO MnO MgO NiO CaO Na2O
7251.00 1339.40 1.621989 3.806505 -16894.393704 0.409289 1.884287 Fe''0.17Mg0.83Fe'''0.06Al1.18Cr0.75Ti0.01O4 0 0.238618 35.5691 2.86383 34.0333 7.39528 0 19.8999 0 0 0
7001.00 1338.01 1.582112 3.703264 -16373.288581 0.398174 1.832163 Fe''0.17Mg0.83Fe'''0.06Al1.15Cr0.78Ti0.00O4 0 0.229459 34.7867 2.88802 34.8754 7.42799 0 19.7925 0 0 0
6751.00 1336.62 1.542548 3.600796 -15855.366153 0.387141 1.780419 Fe''0.18Mg0.83Fe'''0.06Al1.13Cr0.80Ti0.00O4 0 0.221769 33.9684 2.91345 35.7521 7.46481 0 19.6795 0 0 0
6501.00 1335.19 1.503238 3.498940 -15339.938108 0.376174 1.728979 Fe''0.18Mg0.83Fe'''0.06Al1.11Cr0.82Ti0.00O4 0 0.215295 33.1112 2.94035 36.6667 7.50602 0 19.5604 0 0 0
6251.00 1333.76 1.464578 3.398712 -14832.349546 0.365385 1.678361 Fe''0.18Mg0.82Fe'''0.06Al1.08Cr0.85Ti0.00O4 0 0.20945 32.2227 2.96842 37.6124 7.55122 0 19.4358 0 0 0
6001.00 1332.32 1.426754 3.300589 -14335.135875 0.354825 1.628809 Fe''0.18Mg0.82Fe'''0.06Al1.05Cr0.87Ti0.00O4 0 0.20394 31.3066 2.9975 38.5857 7.60032 0 19.3059 0 0 0
5751.00 1330.88 1.389723 3.204456 -13847.754994 0.344482 1.580266 Fe''0.18Mg0.82Fe'''0.07Al1.03Cr0.90Ti0.00O4 0 0.198723 30.3612 3.02761 39.5883 7.65366 0 19.1705 0 0 0
5501.00 1329.43 1.353460 3.110242 -13369.907022 0.334350 1.532698 Fe''0.19Mg0.82Fe'''0.07Al1.00Cr0.93Ti0.00O4 0 0.193761 29.3853 3.05879 40.6214 7.7116 0 19.0291 0 0 0
5251.00 1327.97 1.317962 3.017929 -12901.560947 0.324427 1.486099 Fe''0.19Mg0.82Fe'''0.07Al0.97Cr0.96Ti0.00O4 0 0.189017 28.3782 3.09102 41.6859 7.77451 0 18.8813 0 0 0
5001.00 1326.51 1.283245 2.927557 -12442.976662 0.314718 1.440489 Fe''0.19Mg0.81Fe'''0.07Al0.94Cr0.99Ti0.00O4 0 0.184457 27.3398 3.12428 42.7818 7.84275 0 18.727 0 0 0
4751.00 1325.04 1.249350 2.839222 -11994.717208 0.305234 1.395920 Fe''0.19Mg0.81Fe'''0.07Al0.91Cr1.02Ti0.00O4 0 0.180047 26.2708 3.15852 43.9082 7.91663 0 18.5658 0 0 0
4501.00 1323.56 1.216337 2.753078 -11557.644656 0.295992 1.352472 Fe''0.20Mg0.81Fe'''0.07Al0.87Cr1.05Ti0.00O4 0 0.175756 25.1731 3.19363 45.0632 7.99642 0 18.398 0 0 0
4251.00 1322.07 1.184290 2.669334 -11132.892522 0.287015 1.310252 Fe''0.20Mg0.80Fe'''0.07Al0.84Cr1.08Ti0.00O4 0 0.171551 24.0498 3.22947 46.2433 8.08229 0 18.2235 0 0 0
4001.00 1320.58 1.153306 2.588237 -10721.809051 0.278332 1.269386 Fe''0.20Mg0.80Fe'''0.07Al0.80Cr1.12Ti0.00O4 0 0.167401 22.9055 3.26585 47.444 8.17428 0 18.043 0 0 0
3751.00 1319.09 1.123491 2.510061 -10325.869608 0.269971 1.230015 Fe''0.21Mg0.80Fe'''0.07Al0.77Cr1.15Ti0.00O4 0 0.163274 21.7461 3.30252 48.6588 8.2723 0 17.8569 0 0 0
3501.00 1317.63 1.095231 2.435818 -9950.135295 0.262040 1.192643 Fe''0.21Mg0.79Fe'''0.08Al0.73Cr1.19Ti0.00O4 0 0.158806 20.589 3.33924 49.8701 8.37506 0 17.6678 0 0 0
3251.00 1316.14 1.068027 2.364196 -9588.312468 0.254403 1.156623 Fe''0.21Mg0.79Fe'''0.08Al0.69Cr1.22Ti0.00O4 0 0.154646 19.4203 3.37557 51.0917 8.48422 0 17.4736 0 0 0
3001.00 1314.66 1.042282 2.296254 -9245.692222 0.247169 1.122483 Fe''0.22Mg0.78Fe'''0.08Al0.66Cr1.26Ti0.00O4 0 0.150418 18.26 3.4112 52.3033 8.5981 0 17.277 0 0 0
2751.00 1313.20 1.018048 2.232140 -8923.064369 0.240357 1.090298 Fe''0.22Mg0.78Fe'''0.08Al0.62Cr1.30Ti0.00O4 0 0.146097 17.1162 3.44574 53.4964 8.71599 0 17.0795 0 0 0
2501.00 1311.75 0.995351 2.171923 -8620.814396 0.233972 1.060101 Fe''0.23Mg0.78Fe'''0.08Al0.58Cr1.33Ti0.00O4 0 0.141657 15.9968 3.47879 54.6633 8.8371 0 16.8824 0 0 0
2251.00 1310.32 0.974180 2.115592 -8338.906174 0.228012 1.031886 Fe''0.23Mg0.77Fe'''0.08Al0.54Cr1.37Ti0.00O4 0 0.137076 14.9083 3.50995 55.7973 8.9606 0 16.6868 0 0 0
2001.00 1308.90 0.954500 2.063061 -8076.907462 0.222469 1.005609 Fe''0.24Mg0.77Fe'''0.08Al0.51Cr1.40Ti0.00O4 0 0.132337 13.8561 3.53883 56.8933 9.0857 0 16.4938 0 0 0
1751.00 1307.51 0.936245 2.014174 -7834.047342 0.217324 0.981191 Fe''0.24Mg0.76Fe'''0.08Al0.47Cr1.44Ti0.00O4 0 0.127423 12.8439 3.56503 57.9477 9.21167 0 16.3043 0 0 0
1501.00 1306.13 0.919333 1.968728 -7609.291038 0.212555 0.958528 Fe''0.25Mg0.76Fe'''0.09Al0.44Cr1.47Ti0.00O4 0 0.122323 11.8743 3.58811 58.9584 9.33786 0 16.1189 0 0 0
1251.00 1304.76 0.903667 1.926477 -7401.418222 0.208136 0.937497 Fe''0.25Mg0.75Fe'''0.09Al0.41Cr1.50Ti0.00O4 0 0.117025 10.9484 3.60764 59.925 9.46375 0 15.9382 0 0 0
1001.00 1303.40 0.889140 1.887154 -7209.094171 0.204038 0.917964 Fe''0.26Mg0.75Fe'''0.09Al0.38Cr1.53Ti0.00O4 0 0.111519 10.0661 3.62309 60.8481 9.58894 0 15.7623 0 0 0
751.00 1302.04 0.875642 1.850474 -7030.927315 0.200229 0.899786 Fe''0.26Mg0.74Fe'''0.09Al0.35Cr1.56Ti0.00O4 0 0.105796 9.22644 3.63388 61.7294 9.71313 0 15.5914 0 0 0
501.00 1300.68 0.863057 1.816147 -6865.510348 0.196680 0.882819 Fe''0.26Mg0.74Fe'''0.09Al0.32Cr1.59Ti0.00O4 0 0.0998429 8.42779 3.63926 62.5716 9.83616 0 15.4254 0 0 0
251.00 1299.30 0.851271 1.783876 -6711.444520 0.193359 0.866918 Fe''0.27Mg0.73Fe'''0.09Al0.29Cr1.62Ti0.00O4 0 0.0936412 7.66787 3.63831 63.3782 9.95794 0 15.2641 0 0 0
1.00 1297.88 0.840166 1.753356 -6567.347936 0.190234 0.851934 Fe''0.27Mg0.73Fe'''0.09Al0.26Cr1.64Ti0.00O4 0 0.0871655 6.94403 3.6298 64.1533 10.0785 0 15.1072 0 0 0

Title: Depleted MORB Mantle of Workmann & Hart 2005

Phase Masses:
Pressure Temperature mass liquid_0 olivine_0 orthopyroxene_0 clinopyroxene_0 spinel_0 
7251.00 1339.40 80.902802 0.144019 59.288927 19.845761 0.002106 1.621989 
7001.00 1338.01 80.902802 0.421032 59.415684 19.483973 0.000000 1.582112 
6751.00 1336.62 80.902802 0.704115 59.553558 19.102581 0.000000 1.542548 
6501.00 1335.19 80.902802 0.994928 59.703668 18.700967 0.000000 1.503238 
6251.00 1333.76 80.715023 1.101142 59.861273 18.288031 0.000000 1.464578 
6001.00 1332.32 80.418062 1.098855 60.023572 17.868881 0.000000 1.426754 
5751.00 1330.88 80.120411 1.097030 60.190866 17.442792 0.000000 1.389723 
5501.00 1329.43 79.821597 1.095552 60.363407 17.009178 0.000000 1.353460 
5251.00 1327.97 79.521258 1.094278 60.541379 16.567638 0.000000 1.317962 
5001.00 1326.51 79.219171 1.093041 60.724871 16.118015 0.000000 1.283245 
4751.00 1325.04 78.915284 1.091648 60.913847 15.660439 0.000000 1.249350 
4501.00 1323.56 78.609733 1.089887 61.108125 15.195383 0.000000 1.216337 
4251.00 1322.07 78.302874 1.087537 61.307352 14.723695 0.000000 1.184290 
4001.00 1320.58 77.995290 1.084384 61.510991 14.246609 0.000000 1.153306 
3751.00 1319.09 77.687784 1.080244 61.718333 13.765716 0.000000 1.123491 
3501.00 1317.63 77.161844 0.847532 61.919757 13.299324 0.000000 1.095231 
3251.00 1316.14 77.085164 1.069144 62.132155 12.815839 0.000000 1.068027 
3001.00 1314.66 76.783859 1.061544 62.345381 12.334653 0.000000 1.042282 
2751.00 1313.20 76.487187 1.052940 62.558439 11.857759 0.000000 1.018048 
2501.00 1311.75 76.196209 1.043552 62.770430 11.386875 0.000000 0.995351 
2251.00 1310.32 75.911774 1.033665 62.980618 10.923310 0.000000 0.974180 
2001.00 1308.90 75.634454 1.023609 63.188482 10.467864 0.000000 0.954500 
1751.00 1307.51 75.364490 1.013734 63.393750 10.020761 0.000000 0.936245 
1501.00 1306.13 75.101773 1.004401 63.596427 9.581612 0.000000 0.919333 
1251.00 1304.76 74.845830 0.995969 63.796811 9.149384 0.000000 0.903667 
1001.00 1303.40 74.595820 0.988806 63.995513 8.722361 0.000000 0.889140 
751.00 1302.04 74.350519 0.983314 64.193493 8.298070 0.000000 0.875642 
501.00 1300.68 74.108288 0.979960 64.392127 7.873144 0.000000 0.863057 
251.00 1299.30 73.866997 0.979346 64.593313 7.443068 0.000000 0.851271 
1.00 1297.88 73.623890 0.982310 64.799675 7.001739 0.000000 0.840166 

Title: Depleted MORB Mantle of Workmann & Hart 2005

Solid Composition:
Pressure Temperature mass SiO2 TiO2 Al2O3 Fe2O3 Cr2O3 FeO MnO MgO NiO CaO Na2O 
7251.00 1339.40 80.758783 43.8408 0.0135226 1.32491 0.107044 0.683536 8.04294 0.157581 44.5552 0.295175 0.979302 6.2133e-005
7001.00 1338.01 80.481769 43.8134 0.0126395 1.27824 0.105397 0.685581 8.04952 0.158097 44.6651 0.296176 0.935848 3.95704e-005
6751.00 1336.62 80.198686 43.7824 0.0118445 1.23048 0.103671 0.687659 8.05657 0.158628 44.7774 0.297206 0.894155 2.78466e-005
6501.00 1335.19 79.907873 43.7475 0.0111166 1.18143 0.101851 0.68978 8.06414 0.159177 44.8926 0.298272 0.854146 2.06968e-005
6251.00 1333.76 79.613881 43.7098 0.0104312 1.1318 0.0999731 0.691919 8.07205 0.159737 45.0092 0.299357 0.815674 1.55307e-005
6001.00 1332.32 79.319207 43.6701 0.00977705 1.08199 0.0980555 0.694061 8.08016 0.160302 45.1264 0.300454 0.778602 1.15654e-005
5751.00 1330.88 79.023381 43.6284 0.0091513 1.03197 0.096095 0.696209 8.0885 0.160873 45.2444 0.301562 0.742901 8.54308e-006
5501.00 1329.43 78.726045 43.5843 0.00855172 0.981701 0.0940891 0.698365 8.09707 0.161451 45.3632 0.302685 0.708555 6.25746e-006
5251.00 1327.97 78.426980 43.5379 0.00797657 0.931215 0.0920365 0.70053 8.10588 0.162037 45.483 0.303822 0.675557 4.54357e-006
5001.00 1326.51 78.126131 43.4891 0.0074246 0.880555 0.0899374 0.702703 8.11494 0.162631 45.6038 0.304975 0.643917 3.27007e-006
4751.00 1325.04 77.823636 43.4377 0.00689505 0.829813 0.0877936 0.704885 8.12425 0.163232 45.7256 0.306144 0.613651 2.33288e-006
4501.00 1323.56 77.519846 43.3838 0.00638758 0.779124 0.0856092 0.707071 8.1338 0.163839 45.8482 0.307326 0.584787 1.65009e-006
4251.00 1322.07 77.215337 43.3274 0.00590225 0.728673 0.0833906 0.709257 8.14357 0.164453 45.9715 0.30852 0.557355 1.1577e-006
4001.00 1320.58 76.910906 43.2686 0.00543941 0.678687 0.081146 0.711439 8.15355 0.16507 46.095 0.309722 0.531387 8.06227e-007
3751.00 1319.09 76.607540 43.2074 0.00499967 0.629433 0.0788862 0.713608 8.16368 0.16569 46.2185 0.31093 0.506912 5.57792e-007
3501.00 1317.63 76.314313 43.3122 0.00496942 0.621034 0.0785343 0.716145 8.1899 0.166317 46.3802 0.312119 0.506127 0
3251.00 1316.14 76.016020 43.2476 0.00457956 0.574208 0.076283 0.718272 8.2003 0.166933 46.5025 0.313325 0.484765 0
3001.00 1314.66 75.722315 43.1813 0.00421467 0.529015 0.0740552 0.720364 8.21073 0.167544 46.6233 0.31452 0.464904 0
2751.00 1313.20 75.434247 43.1136 0.003875 0.485723 0.0718632 0.722415 8.22111 0.168146 46.7421 0.3157 0.446508 0
2501.00 1311.75 75.152657 43.0447 0.00356047 0.444562 0.0697178 0.724419 8.23141 0.168738 46.8586 0.316862 0.429521 0
2251.00 1310.32 74.878109 42.975 0.00327062 0.405705 0.0676274 0.726374 8.24157 0.169316 46.9724 0.318002 0.413867 0
2001.00 1308.90 74.610845 42.9045 0.00300462 0.369266 0.065598 0.728278 8.25157 0.169882 47.0835 0.319119 0.399455 0
1751.00 1307.51 74.350755 42.8334 0.00276133 0.335302 0.0636325 0.730135 8.26137 0.170434 47.1918 0.320212 0.386181 0
1501.00 1306.13 74.097372 42.7616 0.00253932 0.303814 0.0617308 0.731946 8.27097 0.170972 47.2975 0.321283 0.373933 0
1251.00 1304.76 73.849862 42.6889 0.00233693 0.274759 0.0598903 0.73372 8.28036 0.171498 47.4008 0.322334 0.362595 0
1001.00 1303.40 73.607014 42.6152 0.00215239 0.248056 0.0581055 0.735464 8.28956 0.172014 47.5022 0.323371 0.352045 0
751.00 1302.04 73.367205 42.54 0.00198381 0.223598 0.0563683 0.737191 8.29859 0.172523 47.6024 0.324399 0.34216 0
501.00 1300.68 73.128327 42.4626 0.00182926 0.20126 0.0546679 0.738916 8.30751 0.173028 47.7021 0.325427 0.332815 0
251.00 1299.30 72.887651 42.3823 0.00168681 0.180904 0.0529906 0.740658 8.31637 0.173534 47.8024 0.326467 0.323874 0
1.00 1297.88 72.641580 42.2977 0.00155451 0.162389 0.0513189 0.742443 8.32527 0.174048 47.9047 0.327533 0.315193 0
Title: Depleted MORB Mantle of Workmann & Hart 2005

Bulk Composition:
Pressure Temperature mass SiO2 TiO2 Al2O3 Fe2O3 Cr2O3 FeO MnO MgO NiO CaO Na2O 
7251.00 1339.40 80.902802 43.8539 0.014032 1.34912 0.107883 0.68247 8.03965 0.157314 44.498 0.294657 1.0029 8.5e-005
7001.00 1338.01 80.902802 43.8539 0.014032 1.34912 0.107883 0.68247 8.03965 0.157314 44.498 0.294657 1.0029 8.5e-005
6751.00 1336.62 80.902802 43.8539 0.014032 1.34912 0.107883 0.68247 8.03965 0.157314 44.498 0.294657 1.0029 8.5e-005
6501.00 1335.19 80.902802 43.8539 0.014032 1.34912 0.107883 0.68247 8.03965 0.157314 44.498 0.294657 1.0029 8.5e-005
6251.00 1333.76 80.715023 43.834 0.0134873 1.31779 0.106756 0.683836 8.04422 0.157662 44.5717 0.295332 0.975109 7.29851e-005
6001.00 1332.32 80.418062 43.8009 0.0126713 1.26813 0.104945 0.685994 8.05165 0.158216 44.6885 0.296407 0.932542 5.76454e-005
5751.00 1330.88 80.120411 43.7658 0.0118952 1.21822 0.103098 0.688157 8.0593 0.158775 44.806 0.297492 0.891261 4.52884e-005
5501.00 1329.43 79.821597 43.7287 0.0111553 1.16799 0.101209 0.690328 8.06717 0.159341 44.9242 0.29859 0.851254 3.53796e-005
5251.00 1327.97 79.521258 43.6895 0.0104487 1.11743 0.0992768 0.692509 8.07529 0.159914 45.0433 0.299701 0.812525 2.74758e-005
5001.00 1326.51 79.219171 43.6481 0.00977304 1.06654 0.097298 0.694701 8.08365 0.160494 45.1635 0.300827 0.775092 2.12084e-005
4751.00 1325.04 78.915284 43.6043 0.00912665 1.01535 0.0952721 0.696904 8.09226 0.161082 45.2847 0.301969 0.738987 1.62711e-005
4501.00 1323.56 78.609733 43.5582 0.00850828 0.963937 0.0931998 0.699115 8.10113 0.161678 45.4069 0.303126 0.704257 1.24088e-005
4251.00 1322.07 78.302874 43.5096 0.00791716 0.912423 0.091084 0.701333 8.11023 0.16228 45.5299 0.304297 0.670956 9.40997e-006
4001.00 1320.58 77.995290 43.4586 0.00735299 0.860973 0.0889299 0.703552 8.11957 0.162889 45.6535 0.305479 0.639148 7.09935e-006
3751.00 1319.09 77.687784 43.4052 0.00681577 0.809798 0.0867446 0.705766 8.12911 0.163501 45.7775 0.30667 0.608895 5.33261e-006
3501.00 1317.63 77.161844 43.473 0.00632369 0.761306 0.0847782 0.709982 8.16197 0.164583 46.0319 0.308742 0.581906 0
3251.00 1316.14 77.085164 43.4586 0.00620239 0.748742 0.084219 0.710534 8.16447 0.164738 46.0631 0.309045 0.575118 0
3001.00 1314.66 76.783859 43.3997 0.00574962 0.700047 0.0820048 0.712693 8.17447 0.165351 46.1857 0.310239 0.549909 0
2751.00 1313.20 76.487187 43.3393 0.00532494 0.652726 0.0798054 0.714815 8.1845 0.165957 46.3068 0.311423 0.52639 0
2501.00 1311.75 76.196209 43.2775 0.00492826 0.607037 0.0776325 0.716894 8.19452 0.166556 46.4259 0.312593 0.504536 0
2251.00 1310.32 75.911774 43.2147 0.00455917 0.563195 0.0754968 0.718925 8.20447 0.167145 46.5426 0.313745 0.484294 0
2001.00 1308.90 75.634454 43.151 0.00421693 0.521365 0.0734067 0.720903 8.21433 0.167722 46.6568 0.314876 0.465588 0
1751.00 1307.51 75.364490 43.0867 0.00390039 0.481652 0.0713678 0.722829 8.22405 0.168286 46.7682 0.315984 0.448321 0
1501.00 1306.13 75.101773 43.0217 0.00360815 0.444103 0.0693832 0.724703 8.23363 0.168837 46.8769 0.317069 0.432378 0
1251.00 1304.76 74.845830 42.9561 0.00333851 0.408712 0.0674527 0.72653 8.24305 0.169375 46.983 0.318132 0.417634 0
1001.00 1303.40 74.595820 42.8897 0.00308961 0.375423 0.0655734 0.728317 8.25232 0.169903 47.0868 0.319176 0.403956 0
751.00 1302.04 74.350519 42.8223 0.00285943 0.344142 0.0637393 0.730072 8.26147 0.170421 47.1888 0.320206 0.391207 0
501.00 1300.68 74.108288 42.7534 0.00264588 0.314744 0.0619417 0.731808 8.27052 0.170934 47.2897 0.321229 0.379245 0
251.00 1299.30 73.866997 42.6825 0.00244682 0.287081 0.0601686 0.733541 8.27954 0.171444 47.3902 0.322252 0.367927 0
1.00 1297.88 73.623890 42.6088 0.00226005 0.260988 0.0584046 0.73529 8.28859 0.171958 47.4915 0.323288 0.357101 0
