Title: Depleted MORB Mantle of Workmann & Hart 2005

Solid Composition:
Pressure Temperature mass SiO2 TiO2 Al2O3 Fe2O3 Cr2O3 FeO MnO MgO NiO CaO Na2O 
44001.00 1549.89 99.432284 44.6791 0.119032 3.99284 0.188281 0.568757 7.92918 0.129469 38.7694 0.240525 3.16134 0.222033
43901.00 1549.67 99.435769 44.6789 0.119083 3.99259 0.188297 0.56875 7.92968 0.129473 38.7691 0.240523 3.16132 0.222246
43801.00 1549.45 99.439188 44.6787 0.119133 3.99235 0.188314 0.568744 7.93018 0.129478 38.7688 0.24052 3.16129 0.222457
43701.00 1549.22 99.442540 44.6786 0.119181 3.9921 0.188329 0.568738 7.93067 0.129482 38.7685 0.240518 3.16127 0.222664
43601.00 1549.00 99.445826 44.6784 0.11923 3.99186 0.188345 0.568732 7.93115 0.129486 38.7682 0.240516 3.16125 0.222867
43501.00 1548.77 99.449046 44.6782 0.119277 3.99162 0.18836 0.568727 7.93162 0.12949 38.7679 0.240514 3.16122 0.223067
43401.00 1548.55 99.452199 44.678 0.119324 3.99138 0.188375 0.568721 7.93209 0.129495 38.7676 0.240512 3.1612 0.223263
43301.00 1548.32 99.455286 44.6778 0.119369 3.99114 0.188389 0.568716 7.93255 0.129499 38.7674 0.24051 3.16117 0.223456
43201.00 1548.10 99.458305 44.6776 0.119414 3.99091 0.188404 0.568711 7.933 0.129503 38.7671 0.240509 3.16115 0.223646
43101.00 1547.87 99.461259 44.6775 0.119459 3.99067 0.188418 0.568706 7.93344 0.129507 38.7669 0.240507 3.16112 0.223831
43001.00 1547.64 99.464145 44.6773 0.119502 3.99043 0.188431 0.568701 7.93387 0.129511 38.7666 0.240505 3.1611 0.224014
42901.00 1547.42 99.466965 44.6771 0.119544 3.9902 0.188445 0.568697 7.9343 0.129515 38.7664 0.240504 3.16107 0.224192
42801.00 1547.19 99.469717 44.677 0.119586 3.98997 0.188457 0.568692 7.93472 0.12952 38.7662 0.240503 3.16104 0.224367
42701.00 1546.96 99.472403 44.6768 0.119627 3.98973 0.18847 0.568688 7.93514 0.129524 38.7659 0.240501 3.16102 0.224538
42601.00 1546.73 99.475021 44.6767 0.119667 3.9895 0.188483 0.568684 7.93554 0.129528 38.7657 0.2405 3.16099 0.224705
42501.00 1546.50 99.477572 44.6765 0.119706 3.98927 0.188495 0.56868 7.93594 0.129532 38.7655 0.240499 3.16096 0.224869
42401.00 1546.27 99.480056 44.6764 0.119745 3.98904 0.188506 0.568676 7.93633 0.129536 38.7653 0.240498 3.16093 0.225028
42301.00 1546.04 99.482472 44.6762 0.119782 3.98881 0.188518 0.568672 7.93671 0.12954 38.7651 0.240497 3.1609 0.225184
42201.00 1545.81 99.484820 44.6761 0.119819 3.98858 0.188529 0.568668 7.93709 0.129544 38.765 0.240496 3.16087 0.225336
42101.00 1545.58 99.487100 44.676 0.119855 3.98835 0.18854 0.568665 7.93746 0.129548 38.7648 0.240495 3.16084 0.225484
42001.00 1545.35 99.489312 44.6758 0.11989 3.98813 0.18855 0.568662 7.93782 0.129552 38.7646 0.240495 3.1608 0.225628
41901.00 1545.12 99.491456 44.6757 0.119924 3.9879 0.18856 0.568659 7.93818 0.129556 38.7645 0.240494 3.16077 0.225768
41801.00 1544.88 99.493531 44.6756 0.119958 3.98767 0.18857 0.568656 7.93852 0.12956 38.7643 0.240494 3.16074 0.225904
41701.00 1544.65 99.495538 44.6755 0.11999 3.98745 0.18858 0.568653 7.93887 0.129563 38.7642 0.240493 3.16071 0.226036
41601.00 1544.42 99.497476 44.6753 0.120022 3.98722 0.188589 0.56865 7.9392 0.129567 38.7641 0.240493 3.16067 0.226165
41501.00 1544.18 99.499344 44.6752 0.120053 3.987 0.188598 0.568647 7.93953 0.129571 38.764 0.240493 3.16063 0.226288
41401.00 1543.95 99.501143 44.6751 0.120083 3.98677 0.188607 0.568645 7.93985 0.129575 38.7639 0.240493 3.1606 0.226408
41301.00 1543.71 99.502873 44.675 0.120112 3.98655 0.188615 0.568643 7.94016 0.129579 38.7638 0.240493 3.16056 0.226524
41201.00 1543.48 99.504532 44.6749 0.12014 3.98633 0.188624 0.56864 7.94046 0.129583 38.7637 0.240493 3.16052 0.226635
41101.00 1543.24 99.506122 44.6748 0.120168 3.9861 0.188631 0.568638 7.94076 0.129587 38.7636 0.240493 3.16049 0.226742
41001.00 1543.01 99.507641 44.6747 0.120194 3.98588 0.188639 0.568637 7.94105 0.12959 38.7635 0.240494 3.16045 0.226845
40901.00 1542.77 99.509089 44.6746 0.12022 3.98565 0.188646 0.568635 7.94134 0.129594 38.7635 0.240494 3.16041 0.226944
40801.00 1542.53 99.510466 44.6745 0.120244 3.98543 0.188653 0.568633 7.94162 0.129598 38.7634 0.240495 3.16036 0.227038
40701.00 1542.29 99.511772 44.6744 0.120268 3.98521 0.18866 0.568632 7.94189 0.129602 38.7634 0.240495 3.16032 0.227128
40601.00 1542.06 99.513006 44.6743 0.120291 3.98498 0.188666 0.56863 7.94215 0.129606 38.7634 0.240496 3.16028 0.227214
40501.00 1541.82 99.514169 44.6742 0.120313 3.98476 0.188672 0.568629 7.94241 0.12961 38.7633 0.240497 3.16024 0.227295
40401.00 1541.58 99.515259 44.6742 0.120335 3.98454 0.188678 0.568628 7.94266 0.129613 38.7633 0.240498 3.16019 0.227372
40301.00 1541.34 99.516276 44.6741 0.120355 3.98431 0.188683 0.568627 7.94291 0.129617 38.7633 0.240499 3.16014 0.227444
40201.00 1541.10 99.517220 44.674 0.120374 3.98409 0.188688 0.568626 7.94314 0.129621 38.7633 0.2405 3.1601 0.227512
40101.00 1540.86 99.518090 44.6739 0.120393 3.98386 0.188693 0.568626 7.94338 0.129625 38.7634 0.240501 3.16005 0.227575
40001.00 1540.61 99.518887 44.6739 0.12041 3.98364 0.188698 0.568625 7.9436 0.129628 38.7634 0.240503 3.16 0.227633
39901.00 1540.37 99.519610 44.6738 0.120427 3.98341 0.188702 0.568625 7.94382 0.129632 38.7634 0.240504 3.15995 0.227687
39801.00 1540.13 99.520257 44.6738 0.120443 3.98319 0.188706 0.568624 7.94403 0.129636 38.7635 0.240506 3.1599 0.227736
39701.00 1539.89 99.520830 44.6737 0.120457 3.98296 0.18871 0.568624 7.94423 0.12964 38.7635 0.240508 3.15985 0.227781
39601.00 1539.64 99.521327 44.6737 0.120471 3.98273 0.188713 0.568624 7.94443 0.129643 38.7636 0.240509 3.15979 0.227821
39501.00 1539.40 99.521748 44.6736 0.120484 3.9825 0.188716 0.568624 7.94462 0.129647 38.7637 0.240511 3.15974 0.227856
39401.00 1539.16 99.522093 44.6736 0.120496 3.98228 0.188719 0.568624 7.94481 0.129651 38.7638 0.240514 3.15968 0.227886
39301.00 1538.91 99.522361 44.6735 0.120507 3.98205 0.188721 0.568625 7.94498 0.129655 38.7639 0.240516 3.15962 0.227911
39201.00 1538.66 99.522551 44.6735 0.120518 3.98181 0.188724 0.568625 7.94516 0.129659 38.764 0.240518 3.15957 0.227932
39101.00 1538.42 99.522663 44.6734 0.120527 3.98158 0.188725 0.568626 7.94532 0.129662 38.7641 0.240521 3.15951 0.227948
39001.00 1538.17 99.522697 44.6734 0.120535 3.98135 0.188727 0.568627 7.94548 0.129666 38.7643 0.240523 3.15944 0.227958
38901.00 1537.92 99.522651 44.6734 0.120542 3.98111 0.188728 0.568628 7.94563 0.12967 38.7644 0.240526 3.15938 0.227964
38801.00 1537.68 99.522526 44.6734 0.120549 3.98088 0.188729 0.568629 7.94578 0.129674 38.7646 0.240529 3.15932 0.227965
38701.00 1537.43 99.522321 44.6733 0.120554 3.98064 0.18873 0.56863 7.94592 0.129678 38.7648 0.240532 3.15925 0.227961
38601.00 1537.18 99.522035 44.6733 0.120558 3.9804 0.18873 0.568632 7.94605 0.129681 38.765 0.240535 3.15918 0.227952
38501.00 1536.93 99.521668 44.6733 0.120562 3.98016 0.18873 0.568633 7.94618 0.129685 38.7652 0.240538 3.15912 0.227937
38401.00 1536.68 99.521219 44.6733 0.120564 3.97992 0.18873 0.568635 7.9463 0.129689 38.7654 0.240541 3.15904 0.227918
38301.00 1536.43 99.520687 44.6733 0.120566 3.97968 0.188729 0.568637 7.94641 0.129693 38.7656 0.240545 3.15897 0.227893
38201.00 1536.18 99.520072 44.6733 0.120566 3.97943 0.188728 0.568639 7.94652 0.129697 38.7658 0.240549 3.1589 0.227863
38101.00 1535.93 99.519373 44.6733 0.120566 3.97918 0.188727 0.568641 7.94662 0.129701 38.7661 0.240552 3.15882 0.227828
38001.00 1535.67 99.518590 44.6733 0.120564 3.97893 0.188725 0.568644 7.94671 0.129705 38.7663 0.240556 3.15875 0.227788
37901.00 1535.42 99.517721 44.6733 0.120561 3.97868 0.188723 0.568646 7.9468 0.129709 38.7666 0.24056 3.15867 0.227742
37801.00 1535.17 99.516766 44.6733 0.120558 3.97843 0.188721 0.568649 7.94688 0.129713 38.7669 0.240565 3.15859 0.227691
37701.00 1534.91 99.515725 44.6733 0.120553 3.97817 0.188718 0.568652 7.94696 0.129716 38.7672 0.240569 3.1585 0.227635
37601.00 1534.66 99.514596 44.6733 0.120548 3.97791 0.188716 0.568655 7.94702 0.12972 38.7675 0.240573 3.15842 0.227573
37501.00 1534.40 99.513379 44.6733 0.120541 3.97765 0.188712 0.568658 7.94709 0.129725 38.7679 0.240578 3.15833 0.227506
37401.00 1534.15 99.512073 44.6734 0.120534 3.97739 0.188709 0.568662 7.94714 0.129729 38.7682 0.240583 3.15824 0.227434
37301.00 1533.89 99.510677 44.6734 0.120525 3.97712 0.188705 0.568666 7.94719 0.129733 38.7686 0.240588 3.15815 0.227356
37201.00 1533.63 99.509190 44.6734 0.120515 3.97685 0.188701 0.568669 7.94724 0.129737 38.7689 0.240593 3.15806 0.227272
37101.00 1533.38 99.507612 44.6735 0.120505 3.97658 0.188696 0.568674 7.94727 0.129741 38.7693 0.240598 3.15796 0.227183
37001.00 1533.12 99.505942 44.6735 0.120493 3.9763 0.188691 0.568678 7.9473 0.129745 38.7697 0.240604 3.15786 0.227089
36901.00 1532.86 99.504179 44.6735 0.12048 3.97602 0.188686 0.568682 7.94733 0.129749 38.7702 0.24061 3.15776 0.226988
36801.00 1532.60 99.502321 44.6736 0.120466 3.97574 0.18868 0.568687 7.94734 0.129753 38.7706 0.240615 3.15766 0.226883
36701.00 1532.34 99.500369 44.6736 0.120452 3.97545 0.188674 0.568692 7.94736 0.129758 38.771 0.240621 3.15756 0.226771
36601.00 1532.08 99.498320 44.6737 0.120436 3.97516 0.188668 0.568697 7.94736 0.129762 38.7715 0.240628 3.15745 0.226654
36501.00 1531.81 99.496175 44.6737 0.120419 3.97487 0.188661 0.568703 7.94736 0.129766 38.772 0.240634 3.15734 0.226531
36401.00 1531.55 99.493932 44.6738 0.120401 3.97457 0.188654 0.568709 7.94735 0.129771 38.7725 0.24064 3.15723 0.226402
36301.00 1531.29 99.491590 44.6739 0.120381 3.97427 0.188647 0.568714 7.94734 0.129775 38.773 0.240647 3.15711 0.226268
36201.00 1531.03 99.489148 44.6739 0.120361 3.97396 0.188639 0.568721 7.94732 0.12978 38.7735 0.240654 3.15699 0.226127
36101.00 1530.76 99.486605 44.674 0.12034 3.97365 0.188631 0.568727 7.94729 0.129784 38.7741 0.240661 3.15687 0.225981
36001.00 1530.50 99.483960 44.6741 0.120318 3.97333 0.188623 0.568734 7.94726 0.129789 38.7746 0.240668 3.15675 0.225829
35901.00 1530.23 99.481213 44.6742 0.120294 3.97301 0.188614 0.568741 7.94722 0.129793 38.7752 0.240676 3.15662 0.225671
35801.00 1529.96 99.478360 44.6742 0.12027 3.97268 0.188605 0.568748 7.94717 0.129798 38.7758 0.240684 3.15649 0.225508
35701.00 1529.70 99.475403 44.6743 0.120244 3.97235 0.188595 0.568756 7.94712 0.129803 38.7764 0.240691 3.15636 0.225338
35601.00 1529.43 99.472339 44.6744 0.120217 3.97202 0.188585 0.568764 7.94706 0.129808 38.7771 0.240699 3.15622 0.225162
35501.00 1529.16 99.469167 44.6745 0.120189 3.97167 0.188575 0.568772 7.947 0.129813 38.7777 0.240708 3.15608 0.22498
35401.00 1528.89 99.465886 44.6746 0.12016 3.97133 0.188564 0.568781 7.94693 0.129817 38.7784 0.240716 3.15594 0.224792
35301.00 1528.62 99.462495 44.6747 0.12013 3.97097 0.188553 0.56879 7.94685 0.129822 38.7791 0.240725 3.15579 0.224599
35201.00 1528.35 99.458993 44.6748 0.120099 3.97061 0.188541 0.568799 7.94676 0.129827 38.7798 0.240734 3.15564 0.224399
35101.00 1528.08 99.455378 44.6749 0.120067 3.97025 0.188529 0.568809 7.94667 0.129833 38.7805 0.240743 3.15549 0.224192
35001.00 1527.80 99.451649 44.675 0.120033 3.96987 0.188517 0.568819 7.94658 0.129838 38.7813 0.240752 3.15533 0.22398
34901.00 1527.53 99.447804 44.6751 0.119998 3.96949 0.188504 0.568829 7.94647 0.129843 38.782 0.240762 3.15517 0.223762
34801.00 1527.26 99.443842 44.6753 0.119963 3.96911 0.188491 0.56884 7.94636 0.129848 38.7828 0.240772 3.155 0.223537
34701.00 1526.98 99.439763 44.6754 0.119926 3.96871 0.188477 0.568852 7.94624 0.129854 38.7836 0.240782 3.15483 0.223307
34601.00 1526.71 99.435563 44.6755 0.119888 3.96831 0.188463 0.568863 7.94612 0.129859 38.7844 0.240792 3.15466 0.22307
34501.00 1526.43 99.431242 44.6757 0.119848 3.96791 0.188449 0.568875 7.94599 0.129865 38.7853 0.240803 3.15448 0.222826
34401.00 1526.15 99.426799 44.6758 0.119808 3.96749 0.188434 0.568888 7.94585 0.12987 38.7862 0.240814 3.1543 0.222577
34301.00 1525.87 99.422231 44.6759 0.119767 3.96707 0.188418 0.568901 7.94571 0.129876 38.7871 0.240825 3.15411 0.222321
34201.00 1525.59 99.417537 44.6761 0.119724 3.96664 0.188402 0.568914 7.94556 0.129882 38.788 0.240836 3.15392 0.222059
34101.00 1525.31 99.412716 44.6762 0.11968 3.9662 0.188386 0.568928 7.9454 0.129888 38.7889 0.240847 3.15372 0.22179
34001.00 1525.03 99.407766 44.6764 0.119635 3.96575 0.188369 0.568943 7.94524 0.129894 38.7899 0.240859 3.15352 0.221515
33901.00 1524.75 99.402685 44.6765 0.119589 3.96529 0.188352 0.568958 7.94507 0.1299 38.7909 0.240871 3.15331 0.221234
33801.00 1524.47 99.397471 44.6767 0.119541 3.96482 0.188335 0.568973 7.9449 0.129906 38.7919 0.240884 3.1531 0.220946
33701.00 1524.19 99.392123 44.6769 0.119493 3.96434 0.188316 0.568989 7.94471 0.129913 38.7929 0.240896 3.15288 0.220652
33601.00 1523.90 99.386639 44.677 0.119443 3.96386 0.188298 0.569006 7.94452 0.129919 38.794 0.240909 3.15266 0.220352
33501.00 1523.62 99.381017 44.6772 0.119392 3.96336 0.188279 0.569023 7.94433 0.129926 38.7951 0.240923 3.15243 0.220045
33401.00 1523.33 99.375255 44.6774 0.11934 3.96285 0.188259 0.569041 7.94412 0.129932 38.7962 0.240936 3.1522 0.219731
33301.00 1523.04 99.369351 44.6776 0.119286 3.96234 0.188239 0.56906 7.94391 0.129939 38.7973 0.24095 3.15196 0.219411
33201.00 1522.75 99.363304 44.6778 0.119232 3.96181 0.188218 0.569079 7.94369 0.129946 38.7985 0.240964 3.15171 0.219085
33101.00 1522.46 99.357110 44.678 0.119176 3.96127 0.188197 0.569098 7.94347 0.129953 38.7997 0.240979 3.15146 0.218752
33001.00 1522.17 99.350769 44.6782 0.119119 3.96072 0.188176 0.569119 7.94324 0.12996 38.8009 0.240993 3.1512 0.218412
32901.00 1521.88 99.344278 44.6784 0.11906 3.96016 0.188154 0.56914 7.943 0.129967 38.8021 0.241008 3.15094 0.218066
32801.00 1521.59 99.337635 44.6786 0.119001 3.95958 0.188131 0.569162 7.94276 0.129975 38.8034 0.241024 3.15067 0.217713
32701.00 1521.30 99.330838 44.6788 0.11894 3.959 0.188108 0.569184 7.9425 0.129982 38.8047 0.24104 3.15039 0.217354
32601.00 1521.00 99.323884 44.679 0.118878 3.9584 0.188084 0.569208 7.94224 0.12999 38.806 0.241056 3.1501 0.216988
32501.00 1520.71 99.316772 44.6792 0.118815 3.95778 0.18806 0.569232 7.94198 0.129998 38.8074 0.241072 3.14981 0.216616
32401.00 1520.41 99.309498 44.6795 0.11875 3.95716 0.188035 0.569257 7.9417 0.130006 38.8088 0.241089 3.14951 0.216237
32301.00 1520.12 99.302061 44.6797 0.118685 3.95652 0.18801 0.569282 7.94142 0.130014 38.8102 0.241106 3.1492 0.215851
32201.00 1519.82 99.294457 44.6799 0.118618 3.95586 0.187984 0.569309 7.94114 0.130022 38.8117 0.241124 3.14889 0.215459
32101.00 1519.52 99.286686 44.6802 0.11855 3.95519 0.187958 0.569336 7.94084 0.13003 38.8132 0.241141 3.14856 0.21506
32001.00 1519.22 99.278743 44.6804 0.11848 3.95451 0.187931 0.569365 7.94054 0.130039 38.8147 0.24116 3.14823 0.214655
31901.00 1518.92 99.270627 44.6807 0.118409 3.95381 0.187903 0.569394 7.94023 0.130048 38.8162 0.241178 3.14789 0.214243
31801.00 1518.61 99.262334 44.6809 0.118337 3.95309 0.187875 0.569424 7.93991 0.130057 38.8178 0.241197 3.14755 0.213824
31701.00 1518.31 99.253862 44.6812 0.118264 3.95236 0.187846 0.569455 7.93959 0.130066 38.8194 0.241217 3.14719 0.213398
31601.00 1518.00 99.245208 44.6815 0.11819 3.95162 0.187817 0.569488 7.93925 0.130075 38.8211 0.241237 3.14682 0.212966
31501.00 1517.70 99.236370 44.6817 0.118114 3.95085 0.187787 0.569521 7.93891 0.130084 38.8228 0.241257 3.14645 0.212528
31401.00 1517.39 99.227344 44.682 0.118037 3.95007 0.187757 0.569555 7.93857 0.130094 38.8245 0.241278 3.14606 0.212082
31301.00 1517.08 99.218127 44.6823 0.117958 3.94927 0.187726 0.569591 7.93821 0.130104 38.8263 0.241299 3.14566 0.21163
31201.00 1516.77 99.208717 44.6826 0.117879 3.94845 0.187694 0.569627 7.93785 0.130114 38.8281 0.24132 3.14526 0.211171
31101.00 1516.46 99.199110 44.6829 0.117798 3.94761 0.187662 0.569665 7.93748 0.130124 38.8299 0.241342 3.14484 0.210706
31001.00 1516.15 99.189302 44.6832 0.117716 3.94676 0.187629 0.569704 7.9371 0.130135 38.8318 0.241365 3.14442 0.210234
30901.00 1515.83 99.179292 44.6835 0.117632 3.94588 0.187595 0.569744 7.93671 0.130145 38.8337 0.241388 3.14398 0.209755
30801.00 1515.52 99.169075 44.6838 0.117548 3.94499 0.187561 0.569785 7.93632 0.130156 38.8357 0.241411 3.14353 0.20927
30701.00 1515.20 99.158648 44.6841 0.117462 3.94407 0.187526 0.569828 7.93592 0.130167 38.8377 0.241435 3.14307 0.208778
30601.00 1514.88 99.148007 44.6844 0.117374 3.94313 0.18749 0.569871 7.93551 0.130178 38.8397 0.241459 3.1426 0.20828
30501.00 1514.56 99.137150 44.6847 0.117286 3.94217 0.187454 0.569917 7.93509 0.13019 38.8418 0.241484 3.14211 0.207775
30401.00 1514.24 99.126073 44.6851 0.117196 3.94119 0.187418 0.569963 7.93466 0.130202 38.8439 0.241509 3.14162 0.207263
30301.00 1513.92 99.114811 44.6854 0.117104 3.94019 0.18738 0.570011 7.93422 0.130214 38.8461 0.241535 3.14111 0.206744
30201.00 1513.60 99.103361 44.6857 0.117012 3.93918 0.187342 0.570059 7.93378 0.130226 38.8483 0.241561 3.14059 0.206219
30101.00 1513.27 99.091721 44.6861 0.116918 3.93816 0.187304 0.570109 7.93333 0.130238 38.8505 0.241588 3.14007 0.205686
30001.00 1512.95 99.079890 44.6864 0.116822 3.93711 0.187265 0.57016 7.93286 0.13025 38.8528 0.241615 3.13953 0.205147
29901.00 1512.62 99.067865 44.6868 0.116726 3.93605 0.187225 0.570211 7.93239 0.130263 38.8551 0.241642 3.13899 0.204601
29801.00 1512.29 99.055644 44.6871 0.116627 3.93498 0.187185 0.570264 7.93191 0.130275 38.8575 0.24167 3.13843 0.204048
29701.00 1511.96 99.043225 44.6875 0.116528 3.93389 0.187145 0.570318 7.93142 0.130288 38.8598 0.241698 3.13787 0.203488
29601.00 1511.63 99.030606 44.6879 0.116427 3.93278 0.187103 0.570372 7.93092 0.130301 38.8623 0.241727 3.13729 0.202921
29501.00 1511.30 99.017786 44.6883 0.116325 3.93166 0.187062 0.570428 7.93041 0.130314 38.8647 0.241756 3.1367 0.202347
29401.00 1510.96 99.004761 44.6886 0.116221 3.93052 0.187019 0.570485 7.9299 0.130328 38.8672 0.241785 3.1361 0.201767
29301.00 1510.63 98.991529 44.689 0.116116 3.92936 0.186976 0.570544 7.92937 0.130341 38.8698 0.241815 3.13549 0.20118
29201.00 1510.29 98.978089 44.6894 0.11601 3.92818 0.186933 0.570603 7.92883 0.130355 38.8724 0.241845 3.13487 0.200585
29101.00 1509.95 98.964438 44.6898 0.115902 3.92698 0.186889 0.570664 7.92829 0.130368 38.875 0.241876 3.13423 0.199984
29001.00 1509.61 98.950573 44.6902 0.115793 3.92577 0.186845 0.570725 7.92773 0.130383 38.8777 0.241908 3.13359 0.199377
28901.00 1509.27 98.936493 44.6906 0.115682 3.92453 0.186799 0.570788 7.92717 0.130397 38.8804 0.241939 3.13293 0.198762
28801.00 1508.92 98.922194 44.6911 0.11557 3.92328 0.186754 0.570853 7.92659 0.130411 38.8831 0.241972 3.13226 0.19814
28701.00 1508.58 98.907676 44.6915 0.115457 3.922 0.186708 0.570918 7.92601 0.130426 38.8859 0.242004 3.13158 0.197512
28601.00 1508.23 98.892934 44.6919 0.115342 3.92071 0.186661 0.570985 7.92541 0.130441 38.8887 0.242038 3.13088 0.196877
28501.00 1507.88 98.877966 44.6923 0.115226 3.9194 0.186614 0.571053 7.92481 0.130456 38.8916 0.242071 3.13017 0.196235
28401.00 1507.54 98.862771 44.6928 0.115108 3.91806 0.186566 0.571122 7.9242 0.130471 38.8946 0.242106 3.12944 0.195587
28301.00 1507.18 98.847345 44.6932 0.114989 3.9167 0.186517 0.571193 7.92358 0.130486 38.8975 0.24214 3.12871 0.194932
28201.00 1506.83 98.831686 44.6937 0.114869 3.91533 0.186469 0.571265 7.92294 0.130502 38.9006 0.242176 3.12795 0.19427
28101.00 1506.48 98.815791 44.6941 0.114747 3.91392 0.186419 0.571338 7.9223 0.130518 38.9036 0.242211 3.12719 0.193601
28001.00 1506.12 98.799658 44.6946 0.114624 3.9125 0.186369 0.571413 7.92165 0.130534 38.9067 0.242248 3.12641 0.192926
27901.00 1505.76 98.783283 44.6951 0.1145 3.91105 0.186319 0.571489 7.92099 0.13055 38.9099 0.242285 3.12561 0.192245
27801.00 1505.40 98.766665 44.6955 0.114374 3.90958 0.186268 0.571567 7.92031 0.130567 38.9131 0.242322 3.1248 0.191556
27701.00 1505.04 98.749799 44.696 0.114247 3.90809 0.186216 0.571646 7.91963 0.130583 38.9164 0.24236 3.12397 0.190862
27601.00 1504.68 98.732684 44.6965 0.114119 3.90657 0.186164 0.571727 7.91894 0.1306 38.9197 0.242399 3.12313 0.19016
27501.00 1504.31 98.715317 44.697 0.113989 3.90503 0.186112 0.571809 7.91824 0.130618 38.9231 0.242438 3.12227 0.189452
27401.00 1503.94 98.697694 44.6975 0.113857 3.90346 0.186058 0.571893 7.91752 0.130635 38.9265 0.242477 3.12139 0.188738
27301.00 1503.58 98.679812 44.698 0.113725 3.90186 0.186005 0.571978 7.9168 0.130653 38.93 0.242518 3.1205 0.188018
27201.00 1503.21 98.661670 44.6985 0.113591 3.90024 0.185951 0.572065 7.91607 0.130671 38.9335 0.242559 3.11959 0.187291
27101.00 1502.83 98.643263 44.699 0.113456 3.89859 0.185896 0.572154 7.91532 0.130689 38.9371 0.2426 3.11866 0.186557
27001.00 1502.46 98.624588 44.6995 0.113319 3.89692 0.185841 0.572244 7.91457 0.130708 38.9407 0.242642 3.11771 0.185818
26901.00 1502.08 98.605643 44.7001 0.113181 3.89522 0.185786 0.572336 7.9138 0.130726 38.9444 0.242685 3.11675 0.185072
26801.00 1501.70 98.586424 44.7006 0.113042 3.89348 0.18573 0.572429 7.91303 0.130746 38.9481 0.242728 3.11576 0.18432
26701.00 1501.32 98.566929 44.7011 0.112901 3.89172 0.185674 0.572524 7.91224 0.130765 38.952 0.242772 3.11476 0.183562
26601.00 1500.94 98.547153 44.7017 0.112759 3.88993 0.185617 0.572621 7.91144 0.130785 38.9558 0.242817 3.11374 0.182798
26501.00 1500.55 98.527094 44.7022 0.112616 3.88811 0.18556 0.57272 7.91063 0.130805 38.9597 0.242862 3.1127 0.182028
26401.00 1500.16 98.506748 44.7028 0.112472 3.88626 0.185502 0.572821 7.90981 0.130825 38.9637 0.242908 3.11163 0.181252
26301.00 1499.78 98.486112 44.7033 0.112326 3.88438 0.185444 0.572923 7.90898 0.130845 38.9678 0.242955 3.11055 0.180471
26201.00 1499.38 98.465183 44.7039 0.112179 3.88247 0.185386 0.573027 7.90814 0.130866 38.9719 0.243002 3.10944 0.179683
26101.00 1498.99 98.443958 44.7045 0.11203 3.88053 0.185327 0.573133 7.90729 0.130887 38.9761 0.24305 3.10832 0.17889
26001.00 1498.59 98.422432 44.7051 0.111881 3.87855 0.185268 0.573241 7.90643 0.130909 38.9803 0.243099 3.10717 0.178091
25901.00 1498.19 98.400603 44.7057 0.11173 3.87654 0.185209 0.573351 7.90555 0.130931 38.9846 0.243148 3.106 0.177286
25801.00 1497.79 98.378467 44.7063 0.111578 3.87449 0.185149 0.573463 7.90467 0.130953 38.989 0.243198 3.1048 0.176477
25701.00 1497.39 98.356021 44.7069 0.111425 3.87241 0.185089 0.573577 7.90377 0.130975 38.9934 0.243249 3.10359 0.175661
25601.00 1496.98 98.333260 44.7075 0.11127 3.8703 0.185029 0.573693 7.90286 0.130998 38.9979 0.243301 3.10235 0.174841
25501.00 1496.57 98.310183 44.7081 0.111115 3.86815 0.184968 0.573811 7.90194 0.131021 39.0025 0.243353 3.10108 0.174015
25401.00 1496.16 98.286784 44.7087 0.110958 3.86596 0.184907 0.573932 7.90101 0.131045 39.0071 0.243407 3.09979 0.173184
25301.00 1495.75 98.263061 44.7093 0.1108 3.86373 0.184846 0.574054 7.90006 0.131069 39.0118 0.243461 3.09847 0.172349
25201.00 1495.33 98.239010 44.71 0.110641 3.86147 0.184785 0.574178 7.89911 0.131093 39.0166 0.243515 3.09713 0.171508
25101.00 1494.91 98.214628 44.7106 0.110481 3.85917 0.184724 0.574305 7.89814 0.131118 39.0215 0.243571 3.09576 0.170663
25001.00 1494.49 98.189911 44.7113 0.11032 3.85683 0.184662 0.574434 7.89716 0.131142 39.0264 0.243627 3.09437 0.169813
24901.00 1494.07 98.164855 44.7119 0.110158 3.85445 0.184601 0.574565 7.89617 0.131168 39.0314 0.243684 3.09295 0.168958
24801.00 1493.64 98.139458 44.7126 0.109994 3.85203 0.184539 0.574698 7.89517 0.131194 39.0365 0.243742 3.0915 0.168099
24701.00 1493.21 98.113715 44.7132 0.10983 3.84957 0.184477 0.574834 7.89415 0.13122 39.0416 0.243801 3.09002 0.167236
24601.00 1492.77 98.087624 44.7139 0.109665 3.84706 0.184415 0.574972 7.89313 0.131246 39.0469 0.243861 3.08851 0.166369
24501.00 1492.34 98.061180 44.7146 0.109499 3.84452 0.184354 0.575112 7.89209 0.131273 39.0522 0.243921 3.08697 0.165498
24401.00 1491.90 98.034381 44.7153 0.109332 3.84193 0.184292 0.575255 7.89104 0.131301 39.0576 0.243983 3.0854 0.164623
24301.00 1491.45 98.007224 44.716 0.109164 3.83929 0.184231 0.5754 7.88998 0.131328 39.0631 0.244045 3.08381 0.163745
24201.00 1491.01 97.979705 44.7167 0.108995 3.83661 0.184169 0.575548 7.8889 0.131357 39.0686 0.244108 3.08218 0.162863
24101.00 1490.56 97.951821 44.7174 0.108825 3.83389 0.184108 0.575698 7.88781 0.131385 39.0743 0.244172 3.08052 0.161978
24001.00 1490.10 97.923570 44.7181 0.108655 3.83112 0.184047 0.57585 7.88671 0.131414 39.08 0.244237 3.07882 0.16109
23901.00 1489.65 97.894948 44.7188 0.108484 3.8283 0.183986 0.576005 7.8856 0.131444 39.0858 0.244303 3.07709 0.1602
23801.00 1489.19 97.865953 44.7195 0.108312 3.82544 0.183926 0.576163 7.88448 0.131474 39.0917 0.24437 3.07533 0.159306
23701.00 1488.72 97.836583 44.7202 0.10814 3.82253 0.183866 0.576323 7.88334 0.131504 39.0977 0.244438 3.07354 0.158411
23601.00 1488.26 97.806834 44.721 0.107967 3.81957 0.183806 0.576486 7.88219 0.131535 39.1038 0.244506 3.07171 0.157513
23501.00 1487.78 97.776706 44.7217 0.107793 3.81656 0.183747 0.576652 7.88103 0.131567 39.1099 0.244576 3.06984 0.156613
23401.00 1487.31 97.746196 44.7224 0.107619 3.81349 0.183688 0.57682 7.87986 0.131598 39.1162 0.244646 3.06794 0.155712
23301.00 1486.83 97.715302 44.7232 0.107445 3.81038 0.18363 0.576991 7.87867 0.131631 39.1225 0.244718 3.06601 0.154809
23201.00 1486.35 97.684024 44.7239 0.10727 3.80722 0.183573 0.577165 7.87747 0.131664 39.129 0.244791 3.06403 0.153905
23101.00 1485.86 97.652360 44.7247 0.107095 3.804 0.183516 0.577341 7.87626 0.131697 39.1355 0.244864 3.06202 0.153001
23001.00 1485.37 97.620309 44.7255 0.10692 3.80074 0.18346 0.57752 7.87504 0.131731 39.1421 0.244939 3.05997 0.152096
22901.00 1484.87 97.587873 44.7262 0.106744 3.79742 0.183405 0.577702 7.87381 0.131765 39.1488 0.245014 3.05788 0.151191
22801.00 1484.37 97.555050 44.727 0.106569 3.79404 0.183351 0.577887 7.87256 0.131799 39.1556 0.245091 3.05576 0.150286
22701.00 1483.87 97.521842 44.7278 0.106394 3.79061 0.183298 0.578074 7.8713 0.131835 39.1625 0.245168 3.05359 0.149382
22601.00 1483.36 97.488250 44.7286 0.106218 3.78713 0.183246 0.578265 7.87003 0.13187 39.1695 0.245246 3.05138 0.148479
22501.00 1482.84 97.454276 44.7294 0.106043 3.78359 0.183195 0.578458 7.86875 0.131907 39.1766 0.245326 3.04914 0.147577
22401.00 1482.33 97.419582 44.7302 0.105865 3.77998 0.183144 0.578654 7.86744 0.131944 39.1839 0.245407 3.04683 0.146661
22301.00 1481.87 97.366943 44.7313 0.105477 3.77514 0.182992 0.5789 7.86546 0.131996 39.1947 0.245528 3.0436 0.144908
22201.00 1481.41 97.313799 44.7324 0.105086 3.77025 0.182838 0.579148 7.86347 0.132049 39.2056 0.24565 3.04032 0.143155
22101.00 1480.95 97.260142 44.7336 0.104691 3.76529 0.182681 0.5794 7.86148 0.132103 39.2167 0.245774 3.03698 0.141402
22001.00 1480.49 97.205963 44.7347 0.104292 3.76026 0.182521 0.579654 7.85947 0.132157 39.2278 0.245899 3.03358 0.139648
21901.00 1480.02 97.151255 44.7358 0.10389 3.75517 0.182359 0.579912 7.85746 0.132212 39.2392 0.246025 3.03012 0.137896
21801.00 1479.56 97.096007 44.7369 0.103484 3.75002 0.182193 0.580173 7.85545 0.132268 39.2506 0.246153 3.0266 0.136143
21701.00 1479.09 97.040211 44.738 0.103074 3.7448 0.182025 0.580437 7.85342 0.132325 39.2622 0.246283 3.02302 0.134391
21601.00 1478.62 96.983858 44.7391 0.102661 3.7395 0.181854 0.580705 7.85139 0.132382 39.274 0.246414 3.01938 0.132639
21501.00 1478.14 96.926939 44.7402 0.102243 3.73414 0.18168 0.580976 7.84935 0.132441 39.2859 0.246546 3.01567 0.130888
21401.00 1477.67 96.869442 44.7413 0.101821 3.72871 0.181502 0.58125 7.84731 0.1325 39.2979 0.24668 3.0119 0.129138
21301.00 1477.19 96.811360 44.7424 0.101396 3.7232 0.181322 0.581528 7.84525 0.13256 39.3101 0.246816 3.00806 0.127388
21201.00 1476.71 96.752680 44.7435 0.100966 3.71762 0.181138 0.581809 7.84319 0.13262 39.3224 0.246954 3.00415 0.12564
21101.00 1476.23 96.693394 44.7445 0.100533 3.71197 0.180951 0.582094 7.84112 0.132682 39.335 0.247093 3.00017 0.123893
21001.00 1475.75 96.633489 44.7456 0.100095 3.70623 0.18076 0.582383 7.83904 0.132745 39.3476 0.247234 2.99612 0.122148
20901.00 1475.26 96.572956 44.7467 0.0996524 3.70042 0.180566 0.582676 7.83696 0.132808 39.3605 0.247376 2.992 0.120403
20801.00 1474.78 96.511782 44.7477 0.0992059 3.69453 0.180368 0.582973 7.83487 0.132872 39.3735 0.247521 2.9878 0.118661
20701.00 1474.29 96.449956 44.7488 0.098755 3.68855 0.180167 0.583273 7.83277 0.132937 39.3867 0.247667 2.98352 0.11692
20601.00 1473.79 96.387467 44.7498 0.0982996 3.6825 0.179962 0.583578 7.83066 0.133003 39.4 0.247815 2.97917 0.115181
20501.00 1473.30 96.324302 44.7508 0.0978398 3.67635 0.179754 0.583886 7.82854 0.133071 39.4136 0.247965 2.97473 0.113445
20401.00 1472.80 96.260448 44.7518 0.0973754 3.67013 0.179541 0.584199 7.82642 0.133139 39.4273 0.248117 2.97021 0.11171
20301.00 1472.30 96.195894 44.7529 0.0969063 3.66381 0.179325 0.584516 7.82428 0.133208 39.4412 0.248271 2.96561 0.109978
20201.00 1471.80 96.130625 44.7539 0.0964325 3.6574 0.179104 0.584838 7.82214 0.133278 39.4553 0.248427 2.96092 0.108249
20101.00 1471.29 96.064628 44.7549 0.0959539 3.6509 0.17888 0.585164 7.81999 0.133349 39.4696 0.248585 2.95615 0.106523
20001.00 1470.78 95.997889 44.7558 0.0954705 3.6443 0.178651 0.585495 7.81783 0.133421 39.4842 0.248745 2.95128 0.104799
19901.00 1470.27 95.930394 44.7568 0.0949822 3.63761 0.178418 0.58583 7.81567 0.133495 39.4989 0.248907 2.94632 0.103079
19801.00 1469.76 95.862129 44.7578 0.0944888 3.63082 0.17818 0.58617 7.81349 0.133569 39.5138 0.249072 2.94127 0.101362
19701.00 1469.24 95.793078 44.7587 0.0939904 3.62393 0.177938 0.586515 7.81131 0.133644 39.5289 0.249238 2.93612 0.099648
19601.00 1468.72 95.723226 44.7597 0.0934868 3.61694 0.177692 0.586865 7.80912 0.133721 39.5443 0.249407 2.93087 0.0979382
19501.00 1468.20 95.652558 44.7606 0.092978 3.60984 0.177441 0.58722 7.80692 0.133799 39.5599 0.249579 2.92552 0.0962323
19401.00 1467.68 95.581057 44.7615 0.092464 3.60264 0.177185 0.58758 7.80471 0.133878 39.5757 0.249752 2.92006 0.0945306
19301.00 1467.15 95.508706 44.7624 0.0919445 3.59532 0.176924 0.587946 7.80249 0.133959 39.5917 0.249928 2.9145 0.0928332
19201.00 1466.62 95.435488 44.7633 0.0914195 3.58789 0.176658 0.588317 7.80026 0.13404 39.608 0.250107 2.90883 0.0911404
19101.00 1466.08 95.361386 44.7642 0.0908891 3.58035 0.176387 0.588693 7.79803 0.134123 39.6245 0.250288 2.90305 0.0894523
19001.00 1465.54 95.286382 44.7651 0.0903529 3.57269 0.17611 0.589075 7.79579 0.134207 39.6413 0.250472 2.89715 0.0877693
18901.00 1465.00 95.210456 44.7659 0.0898111 3.56491 0.175829 0.589463 7.79353 0.134293 39.6583 0.250659 2.89113 0.0860915
18801.00 1464.46 95.133591 44.7668 0.0892635 3.55701 0.175541 0.589857 7.79127 0.13438 39.6756 0.250848 2.88499 0.0844192
18701.00 1463.91 95.055766 44.7676 0.08871 3.54899 0.175249 0.590257 7.789 0.134468 39.6932 0.25104 2.87873 0.0827527
18601.00 1463.36 94.976962 44.7684 0.0881505 3.54083 0.17495 0.590663 7.78673 0.134558 39.7111 0.251235 2.87234 0.0810921
18501.00 1462.81 94.897157 44.7692 0.0875849 3.53254 0.174646 0.591076 7.78444 0.13465 39.7292 0.251432 2.86582 0.0794378
18401.00 1462.25 94.816331 44.77 0.0870132 3.52412 0.174335 0.591495 7.78214 0.134742 39.7476 0.251633 2.85917 0.0777899
18301.00 1461.68 94.734461 44.7707 0.0864352 3.51556 0.174019 0.591921 7.77984 0.134837 39.7663 0.251837 2.85238 0.0761489
18201.00 1461.12 94.651525 44.7714 0.0858509 3.50686 0.173696 0.592353 7.77752 0.134933 39.7853 0.252044 2.84545 0.0745149
18101.00 1460.55 94.567501 44.7721 0.0852602 3.49802 0.173367 0.592793 7.7752 0.13503 39.8047 0.252254 2.83837 0.0728882
18001.00 1459.98 94.482364 44.7728 0.0846629 3.48902 0.173031 0.59324 7.77287 0.13513 39.8243 0.252468 2.83114 0.0712692
17901.00 1459.40 94.396089 44.7735 0.084059 3.47988 0.172689 0.593694 7.77053 0.135231 39.8443 0.252685 2.82377 0.0696581
17801.00 1458.82 94.308653 44.7741 0.0834483 3.47058 0.172339 0.594155 7.76819 0.135334 39.8646 0.252905 2.81623 0.0680553
17701.00 1458.23 94.220029 44.7748 0.0828309 3.46112 0.171983 0.594624 7.76583 0.135438 39.8853 0.253129 2.80853 0.066461
17601.00 1457.64 94.130190 44.7753 0.0822065 3.45149 0.171619 0.595101 7.76347 0.135545 39.9063 0.253357 2.80067 0.0648756
17501.00 1457.05 94.039110 44.7759 0.0815751 3.4417 0.171248 0.595587 7.76109 0.135653 39.9277 0.253588 2.79264 0.0632994
17401.00 1456.45 93.946760 44.7764 0.0809366 3.43174 0.17087 0.59608 7.75871 0.135763 39.9495 0.253823 2.78444 0.0617327
17301.00 1455.84 93.853113 44.777 0.0802909 3.4216 0.170483 0.596582 7.75632 0.135875 39.9716 0.254062 2.77605 0.0601759
17201.00 1455.24 93.758137 44.7774 0.0796379 3.41128 0.170089 0.597093 7.75393 0.13599 39.9941 0.254305 2.76748 0.0586295
17101.00 1454.62 93.661803 44.7779 0.0789774 3.40077 0.169687 0.597612 7.75152 0.136106 40.0171 0.254552 2.75872 0.0570936
17001.00 1454.00 93.564079 44.7783 0.0783094 3.39007 0.169276 0.598141 7.74911 0.136225 40.0404 0.254803 2.74977 0.0555687
16901.00 1453.38 93.464935 44.7787 0.0776338 3.37918 0.168857 0.598679 7.74669 0.136345 40.0642 0.255059 2.74061 0.0540552
16801.00 1452.75 93.364335 44.779 0.0769505 3.36808 0.168429 0.599227 7.74426 0.136468 40.0884 0.255319 2.73125 0.0525535
16701.00 1452.12 93.262247 44.7793 0.0762593 3.35678 0.167993 0.599784 7.74183 0.136594 40.1131 0.255584 2.72167 0.051064
16601.00 1451.48 93.158637 44.7796 0.0755602 3.34527 0.167547 0.600352 7.73939 0.136721 40.1382 0.255853 2.71188 0.0495871
16501.00 1450.84 93.053467 44.7798 0.0748531 3.33354 0.167092 0.60093 7.73695 0.136851 40.1639 0.256127 2.70186 0.0481231
16401.00 1450.19 92.946702 44.78 0.0741379 3.32159 0.166628 0.601519 7.73449 0.136984 40.19 0.256407 2.69162 0.0466727
16301.00 1449.53 92.838304 44.7801 0.0734145 3.3094 0.166154 0.602119 7.73203 0.137119 40.2166 0.256691 2.68113 0.0452361
16201.00 1448.87 92.728234 44.7802 0.0726827 3.29699 0.16567 0.60273 7.72957 0.137257 40.2437 0.25698 2.6704 0.0438139
16101.00 1448.21 92.616452 44.7803 0.0719426 3.28432 0.165175 0.603352 7.7271 0.137398 40.2713 0.257275 2.65942 0.0424064
16001.00 1447.53 92.502919 44.7802 0.071194 3.27141 0.16467 0.603987 7.72463 0.137541 40.2995 0.257575 2.64818 0.0410143
15901.00 1446.85 92.387592 44.7802 0.0704368 3.25825 0.164155 0.604634 7.72215 0.137687 40.3283 0.257881 2.63667 0.0396379
15801.00 1446.17 92.270429 44.7801 0.0696709 3.24482 0.163629 0.605293 7.71967 0.137837 40.3577 0.258193 2.62489 0.0382777
15701.00 1445.48 92.151385 44.7799 0.0688963 3.23112 0.163091 0.605965 7.71719 0.137989 40.3876 0.258511 2.61282 0.0369343
15601.00 1444.78 92.030417 44.7796 0.0681129 3.21714 0.162542 0.60665 7.71471 0.138144 40.4182 0.258835 2.60046 0.0356082
15501.00 1444.07 91.907479 44.7793 0.0673206 3.20287 0.161982 0.607349 7.71222 0.138303 40.4494 0.259165 2.58781 0.0342998
15401.00 1443.36 91.782524 44.7789 0.0665194 3.18831 0.161409 0.608061 7.70973 0.138465 40.4812 0.259502 2.57484 0.0330097
15301.00 1442.64 91.655504 44.7785 0.0657092 3.17345 0.160825 0.608788 7.70725 0.13863 40.5137 0.259845 2.56156 0.0317384
15201.00 1441.91 91.526371 44.778 0.0648899 3.15828 0.160228 0.60953 7.70476 0.138799 40.5469 0.260196 2.54795 0.0304865
15101.00 1441.18 91.395075 44.7774 0.0640615 3.14278 0.159618 0.610287 7.70228 0.138972 40.5808 0.260553 2.534 0.0292544
15001.00 1440.43 91.261566 44.7767 0.0632241 3.12696 0.158995 0.611059 7.69979 0.139148 40.6155 0.260918 2.5197 0.0280429
14901.00 1439.68 91.125793 44.7759 0.0623774 3.1108 0.158359 0.611847 7.69732 0.139328 40.6509 0.26129 2.50505 0.0268523
14801.00 1438.92 90.987703 44.775 0.0615216 3.09429 0.157709 0.612652 7.69484 0.139511 40.6871 0.261669 2.49002 0.0256833
14701.00 1438.16 90.847245 44.7741 0.0606567 3.07742 0.157046 0.613473 7.69238 0.139699 40.724 0.262057 2.47462 0.0245364
14601.00 1437.38 90.704365 44.773 0.0597826 3.06018 0.156368 0.614312 7.68992 0.139891 40.7618 0.262453 2.45883 0.0234122
14501.00 1436.60 90.559009 44.7718 0.0588994 3.04257 0.155676 0.615168 7.68747 0.140087 40.8005 0.262857 2.44264 0.0223112
14401.00 1435.81 90.411125 44.7706 0.0580071 3.02457 0.154969 0.616043 7.68504 0.140288 40.84 0.263269 2.42604 0.0212341
14301.00 1435.00 90.260658 44.7692 0.0571058 3.00617 0.154248 0.616936 7.68261 0.140493 40.8804 0.263691 2.40901 0.0201813
14201.00 1434.19 90.107554 44.7676 0.0561955 2.98736 0.153511 0.617848 7.6802 0.140703 40.9217 0.264121 2.39154 0.0191534
14101.00 1433.37 89.951760 44.766 0.0552765 2.96812 0.152758 0.61878 7.67781 0.140917 40.964 0.264561 2.37362 0.0181509
14001.00 1432.54 89.793223 44.7642 0.0543487 2.94846 0.15199 0.619731 7.67543 0.141136 41.0073 0.26501 2.35525 0.0171744
13901.00 1431.70 89.631892 44.7623 0.0534124 2.92835 0.151206 0.620704 7.67308 0.141361 41.0515 0.265469 2.33639 0.0162244
13801.00 1430.85 89.467716 44.7602 0.0524677 2.90779 0.150406 0.621697 7.67074 0.14159 41.0968 0.265938 2.31706 0.0153013
13701.00 1429.99 89.300646 44.758 0.0515149 2.88676 0.149589 0.622712 7.66844 0.141824 41.1431 0.266417 2.29722 0.0144057
13601.00 1429.12 89.130634 44.7556 0.0505541 2.86525 0.148755 0.623749 7.66616 0.142064 41.1906 0.266906 2.27687 0.0135381
13501.00 1428.24 88.957638 44.753 0.0495857 2.84326 0.147905 0.624809 7.66392 0.14231 41.2391 0.267407 2.256 0.0126987
13401.00 1427.34 88.781616 44.7503 0.04861 2.82076 0.147038 0.625891 7.66171 0.142561 41.2888 0.267918 2.23459 0.0118881
13301.00 1426.44 88.602531 44.7473 0.0476273 2.79776 0.146153 0.626997 7.65954 0.142817 41.3396 0.268441 2.21263 0.0111066
13201.00 1425.52 88.420350 44.7442 0.0466381 2.77424 0.145251 0.628126 7.6574 0.14308 41.3916 0.268975 2.19011 0.0103545
13101.00 1424.60 88.235046 44.7409 0.0456427 2.75019 0.144332 0.62928 7.65532 0.143348 41.4449 0.26952 2.16702 0.00963214
13001.00 1423.66 88.046598 44.7373 0.0446416 2.7256 0.143395 0.630458 7.65329 0.143623 41.4993 0.270078 2.14334 0.00893967
12901.00 1422.71 87.854991 44.7335 0.0436355 2.70046 0.142441 0.631661 7.6513 0.143904 41.5551 0.270647 2.11908 0.00827729
12801.00 1421.74 87.660218 44.7295 0.0426249 2.67477 0.14147 0.632889 7.64938 0.14419 41.6121 0.271229 2.09421 0.00764511
12701.00 1420.77 87.462280 44.7252 0.0416104 2.64852 0.140481 0.634143 7.64752 0.144484 41.6704 0.271823 2.06874 0.00704317
12601.00 1419.78 87.261187 44.7207 0.0405928 2.6217 0.139475 0.635422 7.64573 0.144783 41.7301 0.272429 2.04264 0.00647144
12501.00 1418.78 87.056959 44.7159 0.0395728 2.59432 0.138451 0.636726 7.64401 0.14509 41.7911 0.273048 2.01593 0.00592982
12401.00 1417.77 86.849624 44.7108 0.0385511 2.56636 0.137411 0.638057 7.64237 0.145402 41.8534 0.273679 1.98859 0.00541811
12301.00 1416.75 86.639222 44.7054 0.0375287 2.53782 0.136355 0.639413 7.64082 0.145721 41.9171 0.274324 1.96062 0.00493602
12201.00 1415.72 86.425802 44.6997 0.0365065 2.50871 0.135282 0.640794 7.63935 0.146047 41.9821 0.27498 1.93201 0.00448319
12101.00 1414.67 86.209422 44.6937 0.0354852 2.47903 0.134193 0.642202 7.63798 0.146379 42.0485 0.27565 1.90278 0.00405915
12001.00 1413.61 85.990151 44.6874 0.034466 2.44878 0.133089 0.643634 7.63672 0.146718 42.1163 0.276332 1.87291 0.00366333
11901.00 1412.54 85.768066 44.6808 0.0334498 2.41796 0.13197 0.645091 7.63555 0.147063 42.1854 0.277027 1.84241 0.00329509
11801.00 1411.45 85.543253 44.6738 0.0324376 2.38658 0.130837 0.646573 7.63451 0.147414 42.2559 0.277734 1.81129 0.00295368
11701.00 1410.36 85.315806 44.6664 0.0314304 2.35465 0.12969 0.64808 7.63358 0.147772 42.3278 0.278453 1.77955 0.00263825
11601.00 1409.25 85.085827 44.6587 0.0304292 2.32217 0.12853 0.64961 7.63278 0.148136 42.4009 0.279185 1.7472 0.00234791
11501.00 1408.14 84.853428 44.6506 0.0294351 2.28916 0.127357 0.651164 7.6321 0.148507 42.4754 0.279928 1.71424 0.00208166
11401.00 1407.01 84.618726 44.6421 0.028449 2.25562 0.126172 0.65274 7.63157 0.148883 42.5513 0.280684 1.68068 0.00183846
11301.00 1405.87 84.381849 44.6332 0.027472 2.22157 0.124976 0.654338 7.63117 0.149265 42.6284 0.28145 1.64655 0.00161719
11201.00 1404.72 84.142932 44.6239 0.0265052 2.18703 0.123769 0.655958 7.63093 0.149654 42.7068 0.282228 1.61184 0.00141672
11101.00 1403.57 83.902117 44.6142 0.0255494 2.15201 0.122552 0.657598 7.63083 0.150047 42.7864 0.283017 1.57658 0.00123586
11001.00 1402.40 83.659556 44.6041 0.0246058 2.11654 0.121327 0.659258 7.63089 0.150447 42.8672 0.283816 1.54077 0.0010734
10901.00 1401.23 83.415409 44.5935 0.0236752 2.08062 0.120093 0.660936 7.63111 0.150851 42.9492 0.284626 1.50445 0.000928138
10801.00 1400.05 83.169844 44.5826 0.0227586 2.04429 0.118851 0.662633 7.6315 0.151261 43.0323 0.285445 1.46762 0.000798846
10701.00 1398.86 82.923036 44.5712 0.021857 2.00756 0.117603 0.664346 7.63205 0.151676 43.1165 0.286274 1.43032 0.000684319
10601.00 1397.66 82.675167 44.5593 0.0209712 1.97047 0.11635 0.666074 7.63277 0.152095 43.2017 0.287111 1.39256 0.000583367
10501.00 1396.46 82.426426 44.547 0.020102 1.93304 0.115091 0.667817 7.63366 0.152518 43.288 0.287956 1.35437 0.000494825
10401.00 1395.26 82.177007 44.5343 0.0192504 1.8953 0.113829 0.669573 7.63473 0.152946 43.3751 0.288809 1.31578 0.000417569
10301.00 1394.05 81.927110 44.5211 0.0184169 1.85728 0.112564 0.67134 7.63598 0.153377 43.4632 0.289669 1.27681 0.000350515
10201.00 1392.84 81.676937 44.5074 0.0176024 1.81902 0.111296 0.673118 7.6374 0.153812 43.552 0.290536 1.23749 0.00029263
10101.00 1391.63 81.426693 44.4934 0.0168075 1.78055 0.110028 0.674904 7.639 0.154249 43.6416 0.291408 1.19786 0.000242937
10001.00 1390.42 81.176587 44.4788 0.0160327 1.74191 0.108759 0.676698 7.64078 0.15469 43.7319 0.292285 1.15795 0.000200518
9901.00 1389.20 80.926825 44.4639 0.0152787 1.70312 0.107491 0.678498 7.64273 0.155133 43.8227 0.293167 1.11779 0.000164519
9801.00 1388.40 80.770768 44.4538 0.0148318 1.67875 0.106684 0.67962 7.64399 0.155411 43.8794 0.293721 1.09366 0.000144895
9701.00 1387.81 80.660218 44.446 0.0145321 1.66141 0.106101 0.68041 7.64489 0.155608 43.9193 0.294114 1.07744 0.00013239
9601.00 1387.21 80.549582 44.4381 0.0142376 1.64402 0.105514 0.681201 7.64583 0.155807 43.9593 0.294509 1.06137 0.000120846
9501.00 1386.61 80.438834 44.4299 0.0139481 1.62657 0.104923 0.681993 7.64679 0.156006 43.9994 0.294906 1.04544 0.000110197
9401.00 1386.02 80.327946 44.4215 0.0136635 1.60906 0.104329 0.682786 7.64779 0.156206 44.0396 0.295304 1.02965 0.000100382
9301.00 1385.42 80.216891 44.4129 0.0133835 1.59148 0.103731 0.68358 7.64881 0.156407 44.08 0.295704 1.014 9.13436e-005
9201.00 1384.82 80.105641 44.404 0.0131079 1.57384 0.103128 0.684375 7.64987 0.156609 44.1204 0.296105 0.998493 8.30277e-005
9101.00 1384.22 79.994167 44.3949 0.0128368 1.55612 0.102521 0.685172 7.65095 0.156812 44.161 0.296509 0.983127 7.53836e-005
9001.00 1383.63 79.882441 44.3856 0.0125698 1.53833 0.101909 0.685971 7.65207 0.157016 44.2017 0.296915 0.9679 6.83638e-005
8901.00 1383.03 79.770433 44.376 0.0123069 1.52046 0.101292 0.686771 7.65322 0.157221 44.2425 0.297323 0.952812 6.19235e-005
8801.00 1382.42 79.658114 44.3662 0.0120479 1.5025 0.100671 0.687573 7.65441 0.157427 44.2836 0.297733 0.937863 5.60211e-005
8701.00 1381.82 79.545454 44.3561 0.0117926 1.48445 0.100044 0.688378 7.65562 0.157635 44.3247 0.298145 0.92305 5.06172e-005
8601.00 1381.22 79.432424 44.3457 0.0115411 1.46632 0.099411 0.689184 7.65687 0.157843 44.3661 0.298561 0.908375 4.56752e-005
8501.00 1380.61 79.318995 44.3351 0.011293 1.44809 0.0987726 0.689993 7.65815 0.158053 44.4077 0.298978 0.893836 4.11607e-005
8401.00 1380.01 79.205136 44.3242 0.0110484 1.42975 0.0981282 0.690805 7.65947 0.158265 44.4495 0.299399 0.879433 3.70417e-005
8301.00 1379.40 79.090819 44.313 0.010807 1.41132 0.0974776 0.69162 7.66083 0.158478 44.4915 0.299823 0.865167 3.32879e-005
8201.00 1378.79 78.976015 44.3015 0.0105689 1.39278 0.0968206 0.692438 7.66222 0.158692 44.5337 0.300249 0.851036 2.98714e-005
8101.00 1378.18 78.860695 44.2897 0.0103339 1.37412 0.0961569 0.693259 7.66364 0.158909 44.5762 0.300679 0.837041 2.67658e-005
8001.00 1377.56 78.744832 44.2776 0.0101018 1.35535 0.0954864 0.694083 7.66511 0.159126 44.6189 0.301112 0.823181 2.39468e-005
7901.00 1376.95 78.628399 44.2651 0.00987268 1.33647 0.0948089 0.69491 7.66661 0.159346 44.6618 0.301549 0.809458 2.13913e-005
7801.00 1376.33 78.511369 44.2524 0.00964637 1.31746 0.0941241 0.695742 7.66815 0.159567 44.7051 0.301989 0.795871 1.90782e-005
7701.00 1375.71 78.393718 44.2393 0.00942281 1.29833 0.0934319 0.696577 7.66973 0.15979 44.7486 0.302433 0.782421 1.69875e-005
7601.00 1375.09 78.275422 44.2258 0.00920192 1.27907 0.0927321 0.697415 7.67136 0.160015 44.7924 0.30288 0.769108 1.51007e-005
7501.00 1374.46 78.156458 44.212 0.00898365 1.25969 0.0920246 0.698258 7.67302 0.160242 44.8365 0.303332 0.755934 1.34008e-005
7401.00 1373.83 78.036806 44.1979 0.00876793 1.24018 0.0913091 0.699105 7.67473 0.160471 44.8809 0.303787 0.7429 1.18716e-005
7301.00 1373.20 77.916448 44.1833 0.00855471 1.22053 0.0905856 0.699956 7.67647 0.160702 44.9256 0.304247 0.730006 1.04983e-005
7201.00 1372.57 77.795366 44.1684 0.00834394 1.20075 0.0898539 0.700811 7.67827 0.160936 44.9707 0.30471 0.717255 9.26728e-006
7101.00 1371.93 77.673548 44.1531 0.00813558 1.18084 0.089114 0.70167 7.68011 0.161171 45.0161 0.305178 0.704647 8.16566e-006
7001.00 1371.29 77.550981 44.1374 0.0079296 1.1608 0.0883657 0.702533 7.68199 0.161408 45.0618 0.305651 0.692185 7.18167e-006
6901.00 1370.64 77.427658 44.1212 0.00772596 1.14062 0.0876091 0.703401 7.68392 0.161648 45.1078 0.306128 0.679871 6.30442e-006
6801.00 1370.00 77.303574 44.1047 0.00752466 1.12032 0.086844 0.704273 7.6859 0.16189 45.1542 0.306609 0.667706 5.52382e-006
6701.00 1369.35 77.178728 44.0877 0.00732568 1.09989 0.0860706 0.70515 7.68792 0.162134 45.201 0.307095 0.655694 4.83061e-006
6601.00 1368.69 77.053122 44.0703 0.00712901 1.07933 0.0852888 0.70603 7.69 0.16238 45.2481 0.307585 0.643837 4.21624e-006
6501.00 1368.04 76.926764 44.0525 0.00693464 1.05866 0.0844988 0.706915 7.69212 0.162629 45.2955 0.30808 0.632137 3.67288e-006
6401.00 1367.38 76.799666 44.0342 0.0067426 1.03787 0.0837006 0.707803 7.6943 0.16288 45.3433 0.308579 0.620598 3.19331e-006
6301.00 1366.71 76.671844 44.0155 0.0065529 1.01697 0.0828944 0.708696 7.69652 0.163133 45.3914 0.309083 0.609223 2.77095e-006
6201.00 1366.04 76.543320 43.9963 0.00636555 0.995976 0.0820804 0.709591 7.6988 0.163388 45.4399 0.309591 0.598015 2.39979e-006
6101.00 1365.37 76.414121 43.9766 0.00618059 0.974886 0.0812589 0.710491 7.70112 0.163645 45.4887 0.310104 0.586977 2.07433e-006
6001.00 1364.70 76.284282 43.9565 0.00599805 0.953713 0.0804301 0.711393 7.7035 0.163905 45.5378 0.310621 0.576113 1.78957e-006
5901.00 1364.03 76.153840 43.9359 0.00581798 0.932469 0.0795945 0.712298 7.70593 0.164166 45.5872 0.311142 0.565427 1.54098e-006
5801.00 1363.35 76.022840 43.9148 0.00564042 0.911165 0.0787523 0.713206 7.70841 0.164429 45.637 0.311667 0.554921 1.32445e-006
5701.00 1362.67 75.891333 43.8933 0.00546542 0.889816 0.077904 0.714116 7.71094 0.164695 45.687 0.312195 0.5446 1.13626e-006
5601.00 1361.98 75.759377 43.8713 0.00529305 0.868435 0.0770501 0.715028 7.71352 0.164962 45.7372 0.312728 0.534468 9.73077e-007
5501.00 1361.30 75.627033 43.8488 0.00512337 0.84704 0.0761912 0.715941 7.71615 0.16523 45.7877 0.313264 0.524526 8.3188e-007
5401.00 1360.61 75.496230 43.9103 0.00513179 0.846086 0.0761926 0.717114 7.72829 0.165514 45.8627 0.313805 0.525491 0
5301.00 1359.92 75.363243 43.8871 0.00496796 0.824735 0.0753263 0.718029 7.73104 0.165785 45.9137 0.314347 0.51596 0
5201.00 1359.23 75.230095 43.8634 0.00480704 0.803425 0.0744569 0.718943 7.73383 0.166058 45.9648 0.314891 0.50663 0
5101.00 1358.54 75.096867 43.8393 0.0046491 0.782175 0.0735851 0.719857 7.73666 0.166332 46.016 0.315438 0.497505 0
5001.00 1357.84 74.963645 43.8147 0.00449421 0.761007 0.0727117 0.72077 7.73954 0.166606 46.0674 0.315987 0.488586 0
4901.00 1357.15 74.830520 43.7897 0.00434244 0.739941 0.0718374 0.721681 7.74246 0.166881 46.1188 0.316537 0.479876 0
4801.00 1356.45 74.697582 43.7643 0.00419386 0.719 0.0709631 0.722589 7.74541 0.167157 46.1702 0.317088 0.471378 0
4701.00 1355.76 74.564926 43.7385 0.00404853 0.698206 0.0700894 0.723495 7.74841 0.167433 46.2217 0.31764 0.46309 0
4601.00 1355.06 74.432644 43.7124 0.00390653 0.677581 0.0692173 0.724396 7.75143 0.167708 46.273 0.318192 0.455016 0
4501.00 1354.37 74.300829 43.6858 0.0037679 0.657148 0.0683475 0.725294 7.75449 0.167984 46.3244 0.318744 0.447155 0
4401.00 1353.68 74.169574 43.659 0.0036327 0.636928 0.0674809 0.726187 7.75758 0.168259 46.3756 0.319296 0.439506 0
4301.00 1352.99 74.038967 43.6318 0.00350097 0.616944 0.0666182 0.727074 7.76069 0.168534 46.4266 0.319846 0.43207 0
4201.00 1352.30 73.909093 43.6043 0.00337276 0.597215 0.0657602 0.727956 7.76382 0.168807 46.4775 0.320396 0.424844 0
4101.00 1351.61 73.780034 43.5765 0.00324808 0.577762 0.0649076 0.728831 7.76697 0.16908 46.5281 0.320944 0.417828 0
4001.00 1350.92 73.651865 43.5485 0.00312696 0.558604 0.0640612 0.7297 7.77013 0.169351 46.5785 0.321489 0.411019 0
3901.00 1350.24 73.524656 43.5202 0.00300941 0.539759 0.0632216 0.730562 7.77331 0.169621 46.6286 0.322032 0.404414 0
3801.00 1349.56 73.398470 43.4916 0.00289544 0.521242 0.0623894 0.731416 7.7765 0.16989 46.6785 0.322573 0.398011 0
3701.00 1348.88 73.273362 43.4629 0.00278503 0.503069 0.0615651 0.732263 7.7797 0.170156 46.728 0.323111 0.391805 0
3601.00 1348.21 73.149379 43.4339 0.00267817 0.485254 0.0607492 0.733101 7.7829 0.170421 46.7771 0.323645 0.385793 0
3501.00 1347.54 73.026559 43.4047 0.00257483 0.467808 0.0599422 0.733932 7.7861 0.170684 46.8259 0.324176 0.379969 0
3401.00 1346.87 72.904933 43.3754 0.00247499 0.450743 0.0591445 0.734755 7.78929 0.170945 46.8743 0.324703 0.37433 0
3301.00 1346.21 72.784521 43.3459 0.00237859 0.434066 0.0583563 0.735569 7.79249 0.171203 46.9222 0.325227 0.36887 0
3201.00 1345.54 72.665334 43.3163 0.00228559 0.417785 0.057578 0.736375 7.79567 0.17146 46.9698 0.325747 0.363584 0
3101.00 1344.89 72.547375 43.2864 0.00219592 0.401907 0.0568096 0.737173 7.79885 0.171714 47.017 0.326262 0.358466 0
3001.00 1344.23 72.430636 43.2565 0.00210953 0.386434 0.0560513 0.737963 7.80202 0.171965 47.0638 0.326774 0.35351 0
2901.00 1343.58 72.315100 43.2264 0.00202634 0.37137 0.0553031 0.738745 7.80517 0.172215 47.1101 0.327282 0.348711 0
2801.00 1342.94 72.200740 43.1962 0.00194628 0.356717 0.0545651 0.73952 7.80831 0.172462 47.156 0.327786 0.344061 0
2701.00 1342.29 72.087522 43.1658 0.00186926 0.342474 0.0538372 0.740287 7.81143 0.172707 47.2016 0.328287 0.339555 0
2601.00 1341.65 71.975398 43.1352 0.0017952 0.32864 0.0531192 0.741048 7.81454 0.172949 47.2468 0.328783 0.335187 0
2501.00 1341.02 71.864316 43.1046 0.00172401 0.315214 0.052411 0.741801 7.81763 0.17319 47.2916 0.329276 0.33095 0
2401.00 1340.38 71.754209 43.0737 0.0016556 0.302191 0.0517123 0.742549 7.8207 0.173428 47.336 0.329767 0.326837 0
2301.00 1339.75 71.645004 43.0427 0.00158986 0.289568 0.0510228 0.743291 7.82376 0.173665 47.3802 0.330254 0.322842 0
2201.00 1339.11 71.536615 43.0114 0.00152671 0.277341 0.0503422 0.744029 7.8268 0.173899 47.424 0.330738 0.318958 0
2101.00 1338.48 71.428949 42.9799 0.00146604 0.265502 0.0496702 0.744762 7.82982 0.174132 47.4676 0.331221 0.315179 0
2001.00 1337.86 71.321899 42.9482 0.00140775 0.254046 0.0490061 0.745492 7.83282 0.174364 47.511 0.331701 0.311497 0
1901.00 1337.23 71.215347 42.9162 0.00135174 0.242967 0.0483497 0.746219 7.83581 0.174594 47.5542 0.33218 0.307907 0
1801.00 1336.60 71.109163 42.8839 0.00129792 0.232256 0.0477002 0.746944 7.83878 0.174823 47.5972 0.332659 0.304401 0
1701.00 1335.97 71.003203 42.8512 0.00124617 0.221905 0.047057 0.747669 7.84174 0.175052 47.6403 0.333137 0.300973 0
1601.00 1335.34 70.897308 42.8181 0.0011964 0.211908 0.0464196 0.748394 7.84469 0.17528 47.6832 0.333616 0.297615 0
1501.00 1334.70 70.791300 42.7846 0.00114851 0.202254 0.0457872 0.74912 7.84764 0.175507 47.7263 0.334096 0.29432 0
1401.00 1334.06 70.684985 42.7505 0.0011024 0.192937 0.0451589 0.74985 7.85057 0.175735 47.7695 0.334579 0.291081 0
1301.00 1333.42 70.578145 42.7158 0.00105796 0.183946 0.044534 0.750583 7.85351 0.175963 47.8129 0.335064 0.28789 0
1201.00 1332.78 70.470535 42.6804 0.0010151 0.175273 0.0439114 0.751323 7.85644 0.176193 47.8566 0.335554 0.28474 0
1101.00 1332.12 70.361882 42.6443 0.000973728 0.16691 0.0432902 0.752071 7.85938 0.176423 47.9007 0.33605 0.281621 0
1001.00 1331.46 70.251878 42.6072 0.000933737 0.158847 0.0426692 0.752828 7.86234 0.176656 47.9454 0.336552 0.278525 0
901.00 1330.79 70.140172 42.5691 0.000895037 0.151076 0.0420471 0.753598 7.86531 0.176891 47.9907 0.337062 0.275443 0
801.00 1330.11 70.026366 42.5299 0.000857534 0.143587 0.0414225 0.754383 7.86831 0.17713 48.0369 0.337583 0.272364 0
701.00 1329.41 69.910000 42.4893 0.000821135 0.136373 0.040794 0.755187 7.87135 0.177373 48.0842 0.338116 0.269278 0
601.00 1328.70 69.790543 42.4471 0.00078575 0.129425 0.0401598 0.756012 7.87442 0.177621 48.1326 0.338664 0.266171 0
501.00 1327.97 69.667378 42.4032 0.000751289 0.122735 0.039518 0.756863 7.87756 0.177875 48.1826 0.33923 0.26303 0
401.00 1327.21 69.539782 42.3571 0.000717668 0.116296 0.0388665 0.757745 7.88077 0.178137 48.2343 0.339817 0.259839 0
301.00 1326.43 69.406902 42.3086 0.000684804 0.110101 0.038203 0.758665 7.88407 0.178408 48.2882 0.340429 0.256582 0
201.00 1325.62 69.267731 42.2572 0.00065262 0.104144 0.0375247 0.759628 7.88748 0.17869 48.3446 0.341071 0.253237 0
101.00 1324.77 69.121067 42.2024 0.000621045 0.0984195 0.0368288 0.760644 7.89102 0.178985 48.4041 0.341748 0.249782 0
1.00 1323.88 68.965484 42.1437 0.000590022 0.0929244 0.0361121 0.761722 7.89474 0.179295 48.4673 0.342468 0.246189 0