Title: Depleted MORB Mantle of Workmann & Hart 2005

Phase Masses:
Pressure Temperature mass liquid_0 olivine_0 garnet_0 orthopyroxene_0 clinopyroxene_0 feldspar_0 spinel_0 
44001.00 1317.20 100.138999 0.000000 59.085452 13.416161 13.863674 12.744982 0.000000 1.028730 
43901.00 1317.01 100.138999 0.000000 59.084765 13.407223 13.871583 12.745936 0.000000 1.029492 
43801.00 1316.82 100.138999 0.000000 59.084072 13.398223 13.879538 12.746908 0.000000 1.030259 
43701.00 1316.62 100.138999 0.000000 59.083374 13.389159 13.887538 12.747896 0.000000 1.031032 
43601.00 1316.43 100.138999 0.000000 59.082670 13.380032 13.895584 12.748903 0.000000 1.031811 
43501.00 1316.24 100.138999 0.000000 59.081960 13.370841 13.903675 12.749926 0.000000 1.032596 
43401.00 1316.04 100.138999 0.000000 59.081245 13.361584 13.911814 12.750968 0.000000 1.033388 
43301.00 1315.85 100.138999 0.000000 59.080523 13.352262 13.919999 12.752028 0.000000 1.034186 
43201.00 1315.65 100.138999 0.000000 59.079796 13.342874 13.928232 12.753106 0.000000 1.034991 
43101.00 1315.46 100.138999 0.000000 59.079063 13.333419 13.936512 12.754203 0.000000 1.035802 
43001.00 1315.27 100.138999 0.000000 59.078324 13.323897 13.944841 12.755318 0.000000 1.036620 
42901.00 1315.07 100.138999 0.000000 59.077578 13.314307 13.953218 12.756452 0.000000 1.037444 
42801.00 1314.88 100.138999 0.000000 59.076826 13.304648 13.961645 12.757605 0.000000 1.038275 
42701.00 1314.69 100.138999 0.000000 59.076068 13.294919 13.970121 12.758777 0.000000 1.039113 
42601.00 1314.49 100.138999 0.000000 59.075304 13.285120 13.978647 12.759969 0.000000 1.039958 
42501.00 1314.30 100.138999 0.000000 59.074533 13.275251 13.987224 12.761180 0.000000 1.040811 
42401.00 1314.11 100.138999 0.000000 59.073755 13.265310 13.995852 12.762411 0.000000 1.041670 
42301.00 1313.91 100.138999 0.000000 59.072970 13.255297 14.004532 12.763663 0.000000 1.042537 
42201.00 1313.72 100.138999 0.000000 59.072179 13.245212 14.013263 12.764934 0.000000 1.043411 
42101.00 1313.53 100.138999 0.000000 59.071381 13.235052 14.022048 12.766226 0.000000 1.044293 
42001.00 1313.33 100.138999 0.000000 59.070575 13.224818 14.030885 12.767539 0.000000 1.045182 
41901.00 1313.14 100.138999 0.000000 59.069763 13.214509 14.039776 12.768872 0.000000 1.046079 
41801.00 1312.94 100.138999 0.000000 59.068943 13.204125 14.048720 12.770227 0.000000 1.046984 
41701.00 1312.75 100.138999 0.000000 59.068116 13.193664 14.057720 12.771602 0.000000 1.047897 
41601.00 1312.56 100.138999 0.000000 59.067281 13.183125 14.066774 12.773000 0.000000 1.048818 
41501.00 1312.36 100.138999 0.000000 59.066439 13.172508 14.075885 12.774419 0.000000 1.049748 
41401.00 1312.17 100.138999 0.000000 59.065589 13.161813 14.085051 12.775861 0.000000 1.050685 
41301.00 1311.97 100.138999 0.000000 59.064732 13.151037 14.094275 12.777324 0.000000 1.051631 
41201.00 1311.78 100.138999 0.000000 59.063866 13.140181 14.103556 12.778810 0.000000 1.052586 
41101.00 1311.59 100.138999 0.000000 59.062992 13.129244 14.112894 12.780319 0.000000 1.053549 
41001.00 1311.39 100.138999 0.000000 59.062111 13.118224 14.122292 12.781851 0.000000 1.054522 
40901.00 1311.20 100.138999 0.000000 59.061220 13.107122 14.131748 12.783406 0.000000 1.055503 
40801.00 1311.00 100.138999 0.000000 59.060322 13.095935 14.141265 12.784984 0.000000 1.056493 
40701.00 1310.81 100.138999 0.000000 59.059415 13.084664 14.150841 12.786587 0.000000 1.057493 
40601.00 1310.62 100.138999 0.000000 59.058499 13.073307 14.160479 12.788213 0.000000 1.058502 
40501.00 1310.42 100.138999 0.000000 59.057574 13.061863 14.170178 12.789864 0.000000 1.059520 
40401.00 1310.23 100.138999 0.000000 59.056641 13.050332 14.179940 12.791539 0.000000 1.060548 
40301.00 1310.03 100.138999 0.000000 59.055698 13.038712 14.189764 12.793239 0.000000 1.061586 
40201.00 1309.84 100.138999 0.000000 59.054746 13.027003 14.199652 12.794963 0.000000 1.062634 
40101.00 1309.64 100.138999 0.000000 59.053785 13.015203 14.209605 12.796714 0.000000 1.063692 
40001.00 1309.45 100.138999 0.000000 59.052814 13.003312 14.219622 12.798490 0.000000 1.064761 
39901.00 1309.26 100.138999 0.000000 59.051833 12.991329 14.229705 12.800292 0.000000 1.065840 
39801.00 1309.06 100.138999 0.000000 59.050843 12.979253 14.239855 12.802120 0.000000 1.066930 
39701.00 1308.87 100.138999 0.000000 59.049842 12.967082 14.250071 12.803974 0.000000 1.068030 
39601.00 1308.67 100.138999 0.000000 59.048832 12.954815 14.260355 12.805855 0.000000 1.069141 
39501.00 1308.48 100.138999 0.000000 59.047811 12.942453 14.270708 12.807764 0.000000 1.070264 
39401.00 1308.28 100.138999 0.000000 59.046779 12.929992 14.281130 12.809700 0.000000 1.071398 
39301.00 1308.09 100.138999 0.000000 59.045737 12.917434 14.291622 12.811663 0.000000 1.072543 
39201.00 1307.89 100.138999 0.000000 59.044684 12.904775 14.302185 12.813655 0.000000 1.073700 
39101.00 1307.70 100.138999 0.000000 59.043620 12.892016 14.312820 12.815674 0.000000 1.074869 
39001.00 1307.50 100.138999 0.000000 59.042545 12.879155 14.323526 12.817723 0.000000 1.076051 
38901.00 1307.31 100.138999 0.000000 59.041458 12.866190 14.334307 12.819800 0.000000 1.077244 
38801.00 1307.11 100.138999 0.000000 59.040360 12.853122 14.345161 12.821907 0.000000 1.078450 
38701.00 1306.92 100.138999 0.000000 59.039250 12.839947 14.356090 12.824043 0.000000 1.079669 
38601.00 1306.72 100.138999 0.000000 59.038127 12.826667 14.367095 12.826210 0.000000 1.080900 
38501.00 1306.53 100.138999 0.000000 59.036993 12.813278 14.378177 12.828406 0.000000 1.082145 
38401.00 1306.33 100.138999 0.000000 59.035846 12.799780 14.389336 12.830634 0.000000 1.083403 
38301.00 1306.14 100.138999 0.000000 59.034687 12.786172 14.400573 12.832892 0.000000 1.084675 
38201.00 1305.94 100.138999 0.000000 59.033515 12.772452 14.411890 12.835182 0.000000 1.085960 
38101.00 1305.75 100.138999 0.000000 59.032330 12.758619 14.423287 12.837504 0.000000 1.087260 
38001.00 1305.55 100.138999 0.000000 59.031131 12.744672 14.434765 12.839857 0.000000 1.088573 
37901.00 1305.36 100.138999 0.000000 59.029919 12.730609 14.446326 12.842244 0.000000 1.089902 
37801.00 1305.16 100.138999 0.000000 59.028693 12.716429 14.457969 12.844663 0.000000 1.091245 
37701.00 1304.97 100.138999 0.000000 59.027454 12.702130 14.469697 12.847115 0.000000 1.092603 
37601.00 1304.77 100.138999 0.000000 59.026199 12.687712 14.481510 12.849601 0.000000 1.093977 
37501.00 1304.57 100.138999 0.000000 59.024931 12.673172 14.493409 12.852122 0.000000 1.095366 
37401.00 1304.38 100.138999 0.000000 59.023648 12.658509 14.505395 12.854676 0.000000 1.096771 
37301.00 1304.18 100.138999 0.000000 59.022349 12.643722 14.517470 12.857266 0.000000 1.098192 
37201.00 1303.99 100.138999 0.000000 59.021036 12.628809 14.529634 12.859891 0.000000 1.099629 
37101.00 1303.79 100.138999 0.000000 59.019707 12.613769 14.541889 12.862552 0.000000 1.101083 
37001.00 1303.60 100.138999 0.000000 59.018362 12.598599 14.554235 12.865249 0.000000 1.102554 
36901.00 1303.40 100.138999 0.000000 59.017001 12.583299 14.566674 12.867982 0.000000 1.104043 
36801.00 1303.20 100.138999 0.000000 59.015623 12.567867 14.579207 12.870753 0.000000 1.105549 
36701.00 1303.01 100.138999 0.000000 59.014229 12.552301 14.591835 12.873561 0.000000 1.107073 
36601.00 1302.81 100.138999 0.000000 59.012818 12.536599 14.604559 12.876407 0.000000 1.108615 
36501.00 1302.61 100.138999 0.000000 59.011389 12.520760 14.617382 12.879292 0.000000 1.110176 
36401.00 1302.42 100.138999 0.000000 59.009943 12.504782 14.630303 12.882216 0.000000 1.111756 
36301.00 1302.22 100.138999 0.000000 59.008478 12.488663 14.643324 12.885179 0.000000 1.113355 
36201.00 1302.03 100.138999 0.000000 59.006996 12.472401 14.656446 12.888182 0.000000 1.114974 
36101.00 1301.83 100.138999 0.000000 59.005494 12.455994 14.669672 12.891226 0.000000 1.116613 
36001.00 1301.63 100.138999 0.000000 59.003974 12.439441 14.683001 12.894310 0.000000 1.118272 
35901.00 1301.44 100.138999 0.000000 59.002434 12.422740 14.696436 12.897436 0.000000 1.119952 
35801.00 1301.24 100.138999 0.000000 59.000875 12.405888 14.709978 12.900604 0.000000 1.121654 
35701.00 1301.04 100.138999 0.000000 58.999295 12.388884 14.723628 12.903815 0.000000 1.123376 
35601.00 1300.84 100.138999 0.000000 58.997695 12.371726 14.737389 12.907068 0.000000 1.125121 
35501.00 1300.65 100.138999 0.000000 58.996074 12.354411 14.751260 12.910366 0.000000 1.126888 
35401.00 1300.45 100.138999 0.000000 58.994432 12.336937 14.765245 12.913707 0.000000 1.128678 
35301.00 1300.25 100.138999 0.000000 58.992768 12.319303 14.779343 12.917094 0.000000 1.130491 
35201.00 1300.06 100.138999 0.000000 58.991081 12.301506 14.793558 12.920525 0.000000 1.132328 
35101.00 1299.86 100.138999 0.000000 58.989372 12.283544 14.807891 12.924003 0.000000 1.134189 
35001.00 1299.66 100.138999 0.000000 58.987640 12.265414 14.822343 12.927527 0.000000 1.136075 
34901.00 1299.46 100.138999 0.000000 58.985885 12.247114 14.836915 12.931099 0.000000 1.137986 
34801.00 1299.27 100.138999 0.000000 58.984105 12.228642 14.851611 12.934718 0.000000 1.139922 
34701.00 1299.07 100.138999 0.000000 58.982302 12.209996 14.866430 12.938386 0.000000 1.141885 
34601.00 1298.87 100.138999 0.000000 58.980473 12.191172 14.881376 12.942103 0.000000 1.143874 
34501.00 1298.67 100.138999 0.000000 58.978619 12.172169 14.896450 12.945870 0.000000 1.145891 
34401.00 1298.47 100.138999 0.000000 58.976738 12.152984 14.911654 12.949688 0.000000 1.147935 
34301.00 1298.28 100.138999 0.000000 58.974832 12.133613 14.926990 12.953556 0.000000 1.150007 
34201.00 1298.08 100.138999 0.000000 58.972898 12.114056 14.942460 12.957477 0.000000 1.152109 
34101.00 1297.88 100.138999 0.000000 58.970937 12.094308 14.958065 12.961450 0.000000 1.154240 
34001.00 1297.68 100.138999 0.000000 58.968947 12.074367 14.973808 12.965477 0.000000 1.156400 
33901.00 1297.48 100.138999 0.000000 58.966929 12.054230 14.989691 12.969557 0.000000 1.158592 
33801.00 1297.28 100.138999 0.000000 58.964881 12.033895 15.005715 12.973693 0.000000 1.160815 
33701.00 1297.09 100.138999 0.000000 58.962804 12.013358 15.021884 12.977884 0.000000 1.163069 
33601.00 1296.89 100.138999 0.000000 58.960696 11.992616 15.038199 12.982131 0.000000 1.165356 
33501.00 1296.69 100.138999 0.000000 58.958557 11.971666 15.054663 12.986436 0.000000 1.167677 
33401.00 1296.49 100.138999 0.000000 58.956386 11.950505 15.071278 12.990799 0.000000 1.170032 
33301.00 1296.29 100.138999 0.000000 58.954182 11.929130 15.088045 12.995221 0.000000 1.172421 
33201.00 1296.09 100.138999 0.000000 58.951945 11.907537 15.104969 12.999702 0.000000 1.174845 
33101.00 1295.89 100.138999 0.000000 58.949675 11.885724 15.122050 13.004245 0.000000 1.177306 
33001.00 1295.69 100.138999 0.000000 58.947369 11.863686 15.139292 13.008848 0.000000 1.179804 
32901.00 1295.49 100.138999 0.000000 58.945029 11.841420 15.156697 13.013514 0.000000 1.182339 
32801.00 1295.29 100.138999 0.000000 58.942652 11.818923 15.174268 13.018244 0.000000 1.184913 
32701.00 1295.09 100.138999 0.000000 58.940238 11.796190 15.192007 13.023038 0.000000 1.187526 
32601.00 1294.89 100.138999 0.000000 58.937786 11.773219 15.209918 13.027897 0.000000 1.190180 
32501.00 1294.69 100.138999 0.000000 58.935296 11.750005 15.228002 13.032822 0.000000 1.192874 
32401.00 1294.49 100.138999 0.000000 58.932766 11.726544 15.246264 13.037815 0.000000 1.195611 
32301.00 1294.29 100.138999 0.000000 58.930196 11.702832 15.264705 13.042876 0.000000 1.198390 
32201.00 1294.09 100.138999 0.000000 58.927585 11.678866 15.283328 13.048006 0.000000 1.201214 
32101.00 1293.89 100.138999 0.000000 58.924931 11.654641 15.302138 13.053207 0.000000 1.204082 
32001.00 1293.69 100.138999 0.000000 58.922235 11.630153 15.321137 13.058479 0.000000 1.206996 
31901.00 1293.49 100.138999 0.000000 58.919494 11.605396 15.340328 13.063824 0.000000 1.209956 
31801.00 1293.29 100.138999 0.000000 58.916709 11.580368 15.359714 13.069243 0.000000 1.212965 
31701.00 1293.09 100.138999 0.000000 58.913877 11.555063 15.379300 13.074737 0.000000 1.216022 
31601.00 1292.88 100.138999 0.000000 58.910998 11.529477 15.399087 13.080307 0.000000 1.219130 
31501.00 1292.68 100.138999 0.000000 58.908072 11.503604 15.419081 13.085954 0.000000 1.222289 
31401.00 1292.48 100.138999 0.000000 58.905096 11.477440 15.439284 13.091680 0.000000 1.225500 
31301.00 1292.28 100.138999 0.000000 58.902069 11.450980 15.459700 13.097486 0.000000 1.228764 
31201.00 1292.08 100.138999 0.000000 58.898991 11.424218 15.480333 13.103374 0.000000 1.232084 
31101.00 1291.87 100.138999 0.000000 58.895860 11.397150 15.501187 13.109343 0.000000 1.235459 
31001.00 1291.67 100.138999 0.000000 58.892676 11.369769 15.522265 13.115397 0.000000 1.238891 
30901.00 1291.47 100.138999 0.000000 58.889436 11.342071 15.543573 13.121536 0.000000 1.242383 
30801.00 1291.27 100.138999 0.000000 58.886139 11.314050 15.565113 13.127762 0.000000 1.245934 
30701.00 1291.06 100.138999 0.000000 58.882785 11.285700 15.586891 13.134076 0.000000 1.249547 
30601.00 1290.86 100.138999 0.000000 58.879371 11.257015 15.608911 13.140480 0.000000 1.253222 
30501.00 1290.66 100.138999 0.000000 58.875897 11.227988 15.631176 13.146976 0.000000 1.256962 
30401.00 1290.45 100.138999 0.000000 58.872361 11.198614 15.653693 13.153564 0.000000 1.260767 
30301.00 1290.25 100.138999 0.000000 58.868761 11.168887 15.676464 13.160247 0.000000 1.264640 
30201.00 1290.05 100.138999 0.000000 58.865097 11.138799 15.699496 13.167025 0.000000 1.268582 
30101.00 1289.84 100.138999 0.000000 58.861365 11.108344 15.722794 13.173902 0.000000 1.272594 
30001.00 1289.64 100.138999 0.000000 58.857566 11.077515 15.746361 13.180878 0.000000 1.276679 
29901.00 1289.43 100.138999 0.000000 58.853696 11.046305 15.770204 13.187956 0.000000 1.280838 
29801.00 1289.23 100.138999 0.000000 58.849755 11.014708 15.794327 13.195136 0.000000 1.285073 
29701.00 1289.03 100.138999 0.000000 58.845741 10.982714 15.818737 13.202422 0.000000 1.289385 
29601.00 1288.82 100.138999 0.000000 58.841652 10.950318 15.843439 13.209815 0.000000 1.293777 
29501.00 1288.62 100.138999 0.000000 58.837486 10.917510 15.868438 13.217316 0.000000 1.298250 
29401.00 1288.41 100.138999 0.000000 58.833241 10.884284 15.893740 13.224928 0.000000 1.302806 
29301.00 1288.20 100.138999 0.000000 58.828915 10.850630 15.919352 13.232654 0.000000 1.307448 
29201.00 1288.00 100.138999 0.000000 58.824506 10.816541 15.945279 13.240494 0.000000 1.312178 
29101.00 1287.79 100.138999 0.000000 58.820013 10.782008 15.971529 13.248451 0.000000 1.316998 
29001.00 1287.59 100.138999 0.000000 58.815433 10.747023 15.998106 13.256528 0.000000 1.321909 
28901.00 1287.38 100.138999 0.000000 58.810764 10.711575 16.025019 13.264727 0.000000 1.326915 
28801.00 1287.17 100.138999 0.000000 58.806003 10.675656 16.052274 13.273049 0.000000 1.332017 
28701.00 1286.97 100.138999 0.000000 58.801149 10.639256 16.079877 13.281498 0.000000 1.337218 
28601.00 1286.76 100.138999 0.000000 58.796200 10.602366 16.107837 13.290076 0.000000 1.342520 
28501.00 1286.55 100.138999 0.000000 58.791151 10.564975 16.136160 13.298786 0.000000 1.347927 
28401.00 1286.34 100.138999 0.000000 58.786002 10.527074 16.164854 13.307629 0.000000 1.353440 
28301.00 1286.14 100.138999 0.000000 58.780750 10.488651 16.193927 13.316608 0.000000 1.359063 
28201.00 1285.93 100.138999 0.000000 58.775391 10.449696 16.223387 13.325728 0.000000 1.364797 
28101.00 1285.72 100.138999 0.000000 58.769924 10.410198 16.253242 13.334989 0.000000 1.370646 
28001.00 1285.51 100.138999 0.000000 58.764346 10.370145 16.283500 13.344395 0.000000 1.376614 
27901.00 1285.30 100.138999 0.000000 58.758653 10.329526 16.314170 13.353949 0.000000 1.382702 
27801.00 1285.09 100.138999 0.000000 58.752843 10.288328 16.345261 13.363654 0.000000 1.388914 
27701.00 1284.88 100.138999 0.000000 58.746912 10.246540 16.376782 13.373513 0.000000 1.395253 
27601.00 1284.67 100.138999 0.000000 58.740858 10.204148 16.408742 13.383529 0.000000 1.401722 
27501.00 1284.46 100.138999 0.000000 58.734678 10.161140 16.441151 13.393706 0.000000 1.408325 
27401.00 1284.25 100.138999 0.000000 58.728367 10.117502 16.474018 13.404047 0.000000 1.415065 
27301.00 1284.04 100.138999 0.000000 58.721924 10.073220 16.507354 13.414555 0.000000 1.421946 
27201.00 1283.83 100.138999 0.000000 58.715343 10.028281 16.541169 13.425234 0.000000 1.428971 
27101.00 1283.62 100.138999 0.000000 58.708623 9.982670 16.575474 13.436087 0.000000 1.436145 
27001.00 1283.40 100.138999 0.000000 58.701758 9.936372 16.610280 13.447119 0.000000 1.443470 
26901.00 1283.19 100.138999 0.000000 58.694746 9.889372 16.645597 13.458333 0.000000 1.450952 
26801.00 1282.98 100.138999 0.000000 58.687581 9.841654 16.681438 13.469733 0.000000 1.458593 
26701.00 1282.77 100.138999 0.000000 58.680262 9.793201 16.717814 13.481323 0.000000 1.466399 
26601.00 1282.55 100.138999 0.000000 58.672782 9.743999 16.754737 13.493108 0.000000 1.474373 
26501.00 1282.34 100.138999 0.000000 58.665138 9.694028 16.792221 13.505092 0.000000 1.482521 
26401.00 1282.12 100.138999 0.000000 58.657326 9.643272 16.830277 13.517279 0.000000 1.490846 
26301.00 1281.91 100.138999 0.000000 58.649341 9.591713 16.868919 13.529673 0.000000 1.499353 
26201.00 1281.70 100.138999 0.000000 58.641178 9.539332 16.908160 13.542281 0.000000 1.508048 
26101.00 1281.48 100.138999 0.000000 58.632833 9.486111 16.948015 13.555105 0.000000 1.516935 
26001.00 1281.26 100.138999 0.000000 58.624300 9.432029 16.988498 13.568152 0.000000 1.526020 
25901.00 1281.05 100.138999 0.000000 58.615576 9.377066 17.029624 13.581427 0.000000 1.535307 
25801.00 1280.83 100.138999 0.000000 58.606653 9.321202 17.071408 13.594935 0.000000 1.544802 
25701.00 1280.61 100.138999 0.000000 58.597528 9.264414 17.113865 13.608680 0.000000 1.554512 
25601.00 1280.40 100.138999 0.000000 58.588194 9.206683 17.157011 13.622670 0.000000 1.564441 
25501.00 1280.18 100.138999 0.000000 58.578646 9.147983 17.200864 13.636910 0.000000 1.574595 
25401.00 1279.96 100.138999 0.000000 58.568878 9.088293 17.245440 13.651406 0.000000 1.584982 
25301.00 1279.74 100.138999 0.000000 58.558884 9.027588 17.290757 13.666164 0.000000 1.595607 
25201.00 1279.52 100.138999 0.000000 58.548657 8.965843 17.336833 13.681190 0.000000 1.606476 
25101.00 1279.30 100.138999 0.000000 58.538192 8.903033 17.383686 13.696491 0.000000 1.617598 
25001.00 1279.08 100.138999 0.000000 58.527480 8.839132 17.431335 13.712074 0.000000 1.628978 
24901.00 1278.86 100.138999 0.000000 58.516517 8.774112 17.479801 13.727945 0.000000 1.640623 
24801.00 1278.64 100.138999 0.000000 58.505294 8.707945 17.529104 13.744113 0.000000 1.652542 
24701.00 1278.42 100.138999 0.000000 58.493804 8.640603 17.579265 13.760585 0.000000 1.664742 
24601.00 1278.20 100.138999 0.000000 58.482039 8.572056 17.630305 13.777368 0.000000 1.677231 
24501.00 1277.97 100.138999 0.000000 58.469993 8.502272 17.682247 13.794470 0.000000 1.690016 
24401.00 1277.75 100.138999 0.000000 58.457655 8.431221 17.735115 13.811900 0.000000 1.703108 
24301.00 1277.53 100.138999 0.000000 58.445020 8.358869 17.788930 13.829666 0.000000 1.716514 
24201.00 1277.30 100.138999 0.000000 58.432076 8.285183 17.843720 13.847777 0.000000 1.730243 
24101.00 1277.08 100.138999 0.000000 58.418817 8.210127 17.899508 13.866243 0.000000 1.744305 
24001.00 1276.85 100.138999 0.000000 58.405231 8.133665 17.956321 13.885072 0.000000 1.758709 
23901.00 1276.62 100.138999 0.000000 58.391311 8.055760 18.014186 13.904275 0.000000 1.773466 
23801.00 1276.40 100.138999 0.000000 58.377045 7.976373 18.073132 13.923862 0.000000 1.788586 
23701.00 1276.17 100.138999 0.000000 58.362424 7.895463 18.133187 13.943844 0.000000 1.804080 
23601.00 1275.94 100.138999 0.000000 58.347437 7.812990 18.194382 13.964230 0.000000 1.819959 
23501.00 1275.71 100.138999 0.000000 58.332073 7.728911 18.256747 13.985034 0.000000 1.836234 
23401.00 1275.48 100.138999 0.000000 58.316320 7.643180 18.320315 14.006266 0.000000 1.852918 
23301.00 1275.25 100.138999 0.000000 58.300167 7.555751 18.385119 14.027939 0.000000 1.870023 
23201.00 1275.02 100.138999 0.000000 58.283601 7.466578 18.451194 14.050065 0.000000 1.887561 
23101.00 1274.79 100.138999 0.000000 58.266609 7.375609 18.518576 14.072659 0.000000 1.905547 
23001.00 1274.55 100.138999 0.000000 58.249178 7.282793 18.587301 14.095733 0.000000 1.923995 
22901.00 1274.32 100.138999 0.000000 58.231294 7.188077 18.657409 14.119302 0.000000 1.942918 
22801.00 1274.08 100.138999 0.000000 58.212943 7.091404 18.728939 14.143381 0.000000 1.962332 
22701.00 1273.85 100.138999 0.000000 58.194110 6.992718 18.801934 14.167985 0.000000 1.982252 
22601.00 1273.61 100.138999 0.000000 58.174779 6.891958 18.876436 14.193130 0.000000 2.002695 
22501.00 1273.37 100.138999 0.000000 58.154934 6.789062 18.952490 14.218834 0.000000 2.023678 
22401.00 1273.14 100.138999 0.000000 58.134559 6.683964 19.030144 14.245114 0.000000 2.045219 
22301.00 1272.90 100.138999 0.000000 58.113634 6.576597 19.109445 14.271988 0.000000 2.067335 
22201.00 1272.66 100.138999 0.000000 58.092143 6.466890 19.190444 14.299475 0.000000 2.090047 
22101.00 1272.42 100.138999 0.000000 58.070066 6.354769 19.273195 14.327595 0.000000 2.113373 
22001.00 1272.17 100.138999 0.000000 58.047383 6.240159 19.357752 14.356369 0.000000 2.137336 
21901.00 1271.93 100.138999 0.000000 58.024074 6.122979 19.444171 14.385819 0.000000 2.161956 
21801.00 1271.69 100.138999 0.000000 58.000116 6.003146 19.532513 14.415967 0.000000 2.187257 
21701.00 1271.44 100.138999 0.000000 57.975487 5.880573 19.622840 14.446837 0.000000 2.213262 
21601.00 1271.19 100.138999 0.000000 57.950163 5.755170 19.715217 14.478454 0.000000 2.239996 
21501.00 1270.94 100.138999 0.000000 57.924119 5.626840 19.809711 14.510843 0.000000 2.267485 
21401.00 1270.70 100.138999 0.000000 57.897330 5.495486 19.906393 14.544033 0.000000 2.295757 
21301.00 1270.45 100.138999 0.000000 57.869767 5.361004 20.005337 14.578052 0.000000 2.324839 
21201.00 1270.19 100.138999 0.000000 57.841404 5.223285 20.106620 14.612929 0.000000 2.354761 
21101.00 1269.94 100.138999 0.000000 57.812210 5.082216 20.210323 14.648696 0.000000 2.385554 
21001.00 1269.69 100.138999 0.000000 57.782153 4.937678 20.316530 14.685385 0.000000 2.417252 
20901.00 1269.43 100.138999 0.000000 57.751202 4.789547 20.425330 14.723032 0.000000 2.449888 
20801.00 1269.17 100.138999 0.000000 57.719322 4.637692 20.536814 14.761673 0.000000 2.483498 
20701.00 1268.91 100.138999 0.000000 57.686477 4.481978 20.651081 14.801345 0.000000 2.518119 
20601.00 1268.65 100.138999 0.000000 57.652629 4.322260 20.768230 14.842089 0.000000 2.553791 
20501.00 1268.39 100.138999 0.000000 57.617738 4.158389 20.888369 14.883946 0.000000 2.590556 
20401.00 1268.12 100.138999 0.000000 57.581764 3.990207 21.011609 14.926962 0.000000 2.628456 
20301.00 1267.86 100.138999 0.000000 57.544662 3.817549 21.138067 14.971183 0.000000 2.667538 
20201.00 1267.59 100.138999 0.000000 57.506387 3.640240 21.267865 15.016657 0.000000 2.707850 
20101.00 1267.32 100.138999 0.000000 57.466890 3.458098 21.401132 15.063437 0.000000 2.749441 
20001.00 1267.05 100.138999 0.000000 57.426121 3.270932 21.538004 15.111577 0.000000 2.792365 
19901.00 1266.77 100.138999 0.000000 57.384026 3.078538 21.678622 15.161135 0.000000 2.836678 
19801.00 1266.50 100.138999 0.000000 57.340549 2.880705 21.823135 15.212171 0.000000 2.882439 
19701.00 1266.22 100.138999 0.000000 57.295632 2.677210 21.971700 15.264749 0.000000 2.929708 
19601.00 1265.94 100.138999 0.000000 57.249210 2.467817 22.124483 15.318938 0.000000 2.978552 
19501.00 1265.66 100.138999 0.000000 57.201220 2.252278 22.281655 15.374808 0.000000 3.029039 
19401.00 1265.37 100.138999 0.000000 57.151592 2.030333 22.443400 15.432435 0.000000 3.081240 
19301.00 1265.08 100.138999 0.000000 57.100253 1.801706 22.609909 15.491898 0.000000 3.135233 
19201.00 1264.79 100.138999 0.000000 57.047126 1.566109 22.781384 15.553283 0.000000 3.191097 
19101.00 1264.50 100.138999 0.000000 56.992130 1.323235 22.958037 15.616679 0.000000 3.248917 
19001.00 1264.20 100.138999 0.000000 56.935181 1.072763 23.140093 15.682179 0.000000 3.308783 
18901.00 1263.90 100.138999 0.000000 56.876187 0.814353 23.327787 15.749884 0.000000 3.370788 
18801.00 1263.60 100.138999 0.000000 56.815055 0.547647 23.521367 15.819899 0.000000 3.435031 
18701.00 1263.29 100.138999 0.000000 56.751682 0.272266 23.721094 15.892338 0.000000 3.501619 
18601.00 1262.99 100.138999 0.000000 56.688789 0.000000 23.918302 15.964227 0.000000 3.567681 
18501.00 1262.81 100.138999 0.000000 56.688878 0.000000 23.915638 15.967168 0.000000 3.567315 
18401.00 1262.63 100.138999 0.000000 56.688969 0.000000 23.912961 15.970122 0.000000 3.566948 
18301.00 1262.45 100.138999 0.000000 56.689060 0.000000 23.910272 15.973089 0.000000 3.566579 
18201.00 1262.27 100.138999 0.000000 56.689152 0.000000 23.907570 15.976069 0.000000 3.566208 
18101.00 1262.09 100.138999 0.000000 56.689245 0.000000 23.904855 15.979062 0.000000 3.565837 
18001.00 1261.91 100.138999 0.000000 56.689340 0.000000 23.902126 15.982069 0.000000 3.565464 
17901.00 1261.73 100.138999 0.000000 56.689435 0.000000 23.899385 15.985089 0.000000 3.565090 
17801.00 1261.55 100.138999 0.000000 56.689532 0.000000 23.896630 15.988123 0.000000 3.564714 
17701.00 1261.37 100.138999 0.000000 56.689629 0.000000 23.893862 15.991171 0.000000 3.564337 
17601.00 1261.19 100.138999 0.000000 56.689727 0.000000 23.891080 15.994233 0.000000 3.563959 
17501.00 1261.01 100.138999 0.000000 56.689827 0.000000 23.888285 15.997309 0.000000 3.563579 
17401.00 1260.83 100.138999 0.000000 56.689927 0.000000 23.885475 16.000399 0.000000 3.563198 
17301.00 1260.65 100.138999 0.000000 56.690029 0.000000 23.882651 16.003504 0.000000 3.562816 
17201.00 1260.47 100.138999 0.000000 56.690131 0.000000 23.879812 16.006624 0.000000 3.562432 
17101.00 1260.29 100.138999 0.000000 56.690235 0.000000 23.876959 16.009758 0.000000 3.562047 
17001.00 1260.11 100.138999 0.000000 56.690339 0.000000 23.874092 16.012908 0.000000 3.561660 
16901.00 1259.93 100.138999 0.000000 56.690445 0.000000 23.871209 16.016073 0.000000 3.561273 
16801.00 1259.75 100.138999 0.000000 56.690551 0.000000 23.868311 16.019253 0.000000 3.560883 
16701.00 1259.57 100.138999 0.000000 56.690659 0.000000 23.865398 16.022450 0.000000 3.560493 
16601.00 1259.39 100.138999 0.000000 56.690767 0.000000 23.862469 16.025661 0.000000 3.560101 
16501.00 1259.21 100.138999 0.000000 56.690877 0.000000 23.859525 16.028889 0.000000 3.559708 
16401.00 1259.03 100.138999 0.000000 56.690988 0.000000 23.856565 16.032134 0.000000 3.559313 
16301.00 1258.85 100.138999 0.000000 56.691099 0.000000 23.853589 16.035394 0.000000 3.558917 
16201.00 1258.67 100.138999 0.000000 56.691212 0.000000 23.850596 16.038672 0.000000 3.558519 
16101.00 1258.49 100.138999 0.000000 56.691326 0.000000 23.847587 16.041966 0.000000 3.558121 
16001.00 1258.31 100.138999 0.000000 56.691441 0.000000 23.844561 16.045277 0.000000 3.557721 
15901.00 1258.13 100.138999 0.000000 56.691556 0.000000 23.841518 16.048606 0.000000 3.557319 
15801.00 1257.95 100.138999 0.000000 56.691673 0.000000 23.838458 16.051952 0.000000 3.556916 
15701.00 1257.77 100.138999 0.000000 56.691791 0.000000 23.835380 16.055316 0.000000 3.556512 
15601.00 1257.60 100.138999 0.000000 56.691910 0.000000 23.832285 16.058697 0.000000 3.556107 
15501.00 1257.42 100.138999 0.000000 56.692030 0.000000 23.829172 16.062098 0.000000 3.555700 
15401.00 1257.24 100.138999 0.000000 56.692151 0.000000 23.826041 16.065516 0.000000 3.555291 
15301.00 1257.06 100.138999 0.000000 56.692272 0.000000 23.822892 16.068953 0.000000 3.554882 
15201.00 1256.88 100.138999 0.000000 56.692395 0.000000 23.819724 16.072410 0.000000 3.554471 
15101.00 1256.70 100.138999 0.000000 56.692519 0.000000 23.816537 16.075885 0.000000 3.554058 
15001.00 1256.52 100.138999 0.000000 56.692644 0.000000 23.813331 16.079380 0.000000 3.553644 
14901.00 1256.34 100.138999 0.000000 56.692770 0.000000 23.810105 16.082894 0.000000 3.553229 
14801.00 1256.16 100.138999 0.000000 56.692897 0.000000 23.806860 16.086429 0.000000 3.552813 
14701.00 1255.98 100.138999 0.000000 56.693025 0.000000 23.803595 16.089984 0.000000 3.552395 
14601.00 1255.80 100.138999 0.000000 56.693155 0.000000 23.800310 16.093559 0.000000 3.551976 
14501.00 1255.62 100.138999 0.000000 56.693285 0.000000 23.797004 16.097156 0.000000 3.551555 
14401.00 1255.44 100.138999 0.000000 56.693416 0.000000 23.793677 16.100773 0.000000 3.551133 
14301.00 1255.26 100.138999 0.000000 56.693548 0.000000 23.790330 16.104412 0.000000 3.550709 
14201.00 1255.08 100.138999 0.000000 56.693681 0.000000 23.786961 16.108072 0.000000 3.550285 
14101.00 1254.90 100.138999 0.000000 56.693815 0.000000 23.783570 16.111755 0.000000 3.549859 
14001.00 1254.72 100.138999 0.000000 56.693951 0.000000 23.780158 16.115460 0.000000 3.549431 
13901.00 1254.54 100.138999 0.000000 56.694087 0.000000 23.776723 16.119187 0.000000 3.549002 
13801.00 1254.36 100.138999 0.000000 56.694224 0.000000 23.773266 16.122938 0.000000 3.548572 
13701.00 1254.18 100.138999 0.000000 56.694362 0.000000 23.769785 16.126711 0.000000 3.548140 
13601.00 1254.00 100.138999 0.000000 56.694502 0.000000 23.766282 16.130509 0.000000 3.547707 
13501.00 1253.82 100.138999 0.000000 56.694642 0.000000 23.762754 16.134330 0.000000 3.547273 
13401.00 1253.64 100.138999 0.000000 56.694783 0.000000 23.759203 16.138175 0.000000 3.546837 
13301.00 1253.46 100.138999 0.000000 56.694926 0.000000 23.755628 16.142046 0.000000 3.546400 
13201.00 1253.28 100.138999 0.000000 56.695069 0.000000 23.752028 16.145941 0.000000 3.545961 
13101.00 1253.10 100.138999 0.000000 56.695213 0.000000 23.748402 16.149862 0.000000 3.545521 
13001.00 1252.92 100.138999 0.000000 56.695359 0.000000 23.744752 16.153808 0.000000 3.545080 
12901.00 1252.74 100.138999 0.000000 56.695505 0.000000 23.741076 16.157781 0.000000 3.544637 
12801.00 1252.56 100.138999 0.000000 56.695653 0.000000 23.737373 16.161780 0.000000 3.544193 
12701.00 1252.38 100.138999 0.000000 56.695801 0.000000 23.733644 16.165806 0.000000 3.543748 
12601.00 1252.20 100.138999 0.000000 56.695951 0.000000 23.729888 16.169859 0.000000 3.543301 
12501.00 1252.03 100.138999 0.000000 56.696101 0.000000 23.726105 16.173940 0.000000 3.542853 
12401.00 1251.85 100.138999 0.000000 56.696253 0.000000 23.722293 16.178050 0.000000 3.542403 
12301.00 1251.67 100.138999 0.000000 56.696405 0.000000 23.718454 16.182188 0.000000 3.541952 
12201.00 1251.49 100.138999 0.000000 56.696559 0.000000 23.714586 16.186355 0.000000 3.541500 
12101.00 1251.31 100.138999 0.000000 56.696713 0.000000 23.710689 16.190551 0.000000 3.541046 
12001.00 1251.13 100.138999 0.000000 56.696869 0.000000 23.706762 16.194778 0.000000 3.540591 
11901.00 1250.95 100.138999 0.000000 56.697025 0.000000 23.702805 16.199035 0.000000 3.540134 
11801.00 1250.77 100.138999 0.000000 56.697183 0.000000 23.698818 16.203322 0.000000 3.539676 
11701.00 1250.59 100.138999 0.000000 56.697341 0.000000 23.694799 16.207642 0.000000 3.539217 
11601.00 1250.41 100.138999 0.000000 56.697501 0.000000 23.690750 16.211993 0.000000 3.538756 
11501.00 1250.17 100.138999 0.016061 56.693543 0.000000 23.699212 16.191077 0.000000 3.539107 
11401.00 1249.84 100.138999 0.056173 56.684140 0.000000 23.725172 16.132947 0.000000 3.540568 
11301.00 1249.51 100.138999 0.096931 56.675624 0.000000 23.749779 16.074762 0.000000 3.541903 
11201.00 1249.17 100.138999 0.138361 56.668014 0.000000 23.773006 16.016508 0.000000 3.543109 
11101.00 1248.84 100.138999 0.180491 56.661332 0.000000 23.794825 15.958169 0.000000 3.544182 
11001.00 1248.50 100.138999 0.223348 56.655599 0.000000 23.815207 15.899728 0.000000 3.545117 
10901.00 1248.16 100.138999 0.266965 56.650839 0.000000 23.834119 15.841166 0.000000 3.545910 
10801.00 1247.83 100.138999 0.311371 56.647077 0.000000 23.851529 15.782465 0.000000 3.546557 
10701.00 1247.48 100.138999 0.356602 56.644337 0.000000 23.867404 15.723605 0.000000 3.547051 
10601.00 1247.14 100.138999 0.402692 56.642647 0.000000 23.881707 15.664564 0.000000 3.547389 
10501.00 1246.79 100.138999 0.449679 56.642034 0.000000 23.894401 15.605319 0.000000 3.547565 
10401.00 1246.45 100.138999 0.497603 56.642529 0.000000 23.905447 15.545847 0.000000 3.547573 
10301.00 1246.10 100.138999 0.546505 56.644163 0.000000 23.914803 15.486122 0.000000 3.547406 
10201.00 1245.74 100.138999 0.596429 56.646968 0.000000 23.922426 15.426118 0.000000 3.547059 
10101.00 1245.39 100.138999 0.647422 56.650979 0.000000 23.928269 15.365805 0.000000 3.546525 
10001.00 1245.03 100.138999 0.699533 56.656233 0.000000 23.932284 15.305153 0.000000 3.545796 
9901.00 1244.67 100.138999 0.752815 56.662768 0.000000 23.934422 15.244130 0.000000 3.544864 
9801.00 1244.31 100.138999 0.807322 56.670625 0.000000 23.934627 15.182702 0.000000 3.543723 
9701.00 1243.94 100.138999 0.863114 56.679847 0.000000 23.932843 15.120831 0.000000 3.542364 
9601.00 1243.57 100.138999 0.920253 56.690479 0.000000 23.929010 15.058480 0.000000 3.540777 
9501.00 1243.19 100.138999 0.978803 56.702570 0.000000 23.923065 14.995608 0.000000 3.538953 
9401.00 1242.82 100.138999 1.038836 56.716170 0.000000 23.914942 14.932170 0.000000 3.536882 
9301.00 1242.44 100.101175 1.062047 56.730840 0.000000 23.905268 14.868390 0.000000 3.534630 
9201.00 1242.06 100.039524 1.062129 56.746303 0.000000 23.894442 14.804410 0.000000 3.532239 
9101.00 1241.67 99.977166 1.062231 56.762575 0.000000 23.882443 14.740212 0.000000 3.529706 
9001.00 1241.29 99.914076 1.062354 56.779674 0.000000 23.869248 14.675776 0.000000 3.527025 
8901.00 1240.90 99.850225 1.062499 56.797620 0.000000 23.854834 14.611079 0.000000 3.524193 
8801.00 1240.51 99.785582 1.062667 56.816432 0.000000 23.839177 14.546101 0.000000 3.521204 
8701.00 1240.12 99.720116 1.062860 56.836133 0.000000 23.822250 14.480819 0.000000 3.518055 
8601.00 1239.73 99.653794 1.063079 56.856743 0.000000 23.804025 14.415206 0.000000 3.514741 
8501.00 1239.33 99.586581 1.063327 56.878287 0.000000 23.784474 14.349239 0.000000 3.511255 
8401.00 1238.93 99.518438 1.063604 56.900790 0.000000 23.763564 14.282888 0.000000 3.507592 
8301.00 1238.53 99.449328 1.063913 56.924279 0.000000 23.741264 14.216126 0.000000 3.503746 
8201.00 1238.13 99.379207 1.064255 56.948782 0.000000 23.717537 14.148922 0.000000 3.499711 
8101.00 1237.72 99.308033 1.064633 56.974329 0.000000 23.692347 14.081243 0.000000 3.495481 
8001.00 1237.32 99.235757 1.065049 57.000952 0.000000 23.665654 14.013056 0.000000 3.491047 
7901.00 1236.90 99.162331 1.065506 57.028685 0.000000 23.637414 13.944323 0.000000 3.486403 
7801.00 1236.49 99.087702 1.066007 57.057565 0.000000 23.607584 13.875006 0.000000 3.481541 
7701.00 1236.07 99.011814 1.066553 57.087629 0.000000 23.576114 13.805066 0.000000 3.476451 
7601.00 1235.65 98.934606 1.067149 57.118920 0.000000 23.542954 13.734457 0.000000 3.471126 
7501.00 1235.23 98.856017 1.067798 57.151481 0.000000 23.508047 13.663136 0.000000 3.465556 
7401.00 1234.80 98.775979 1.068503 57.185360 0.000000 23.471335 13.591052 0.000000 3.459729 
7301.00 1234.36 98.694420 1.069269 57.220607 0.000000 23.432754 13.518154 0.000000 3.453636 
7201.00 1233.93 98.611264 1.070100 57.257276 0.000000 23.392237 13.444386 0.000000 3.447265 
7101.00 1233.48 98.526428 1.070999 57.295425 0.000000 23.349710 13.369691 0.000000 3.440603 
7001.00 1233.04 98.439827 1.071974 57.335116 0.000000 23.305096 13.294005 0.000000 3.433636 
6901.00 1232.59 98.351367 1.073028 57.376416 0.000000 23.258309 13.217262 0.000000 3.426352 
6801.00 1232.13 98.260949 1.074167 57.419397 0.000000 23.209259 13.139391 0.000000 3.418734 
6701.00 1231.67 98.168466 1.075399 57.464136 0.000000 23.157849 13.060315 0.000000 3.410766 
6601.00 1231.20 98.073805 1.076730 57.510717 0.000000 23.103973 12.979954 0.000000 3.402431 
6501.00 1230.72 97.976843 1.078168 57.559228 0.000000 23.047516 12.898220 0.000000 3.393710 
6401.00 1230.24 97.877449 1.079721 57.609768 0.000000 22.988356 12.815022 0.000000 3.384582 
6301.00 1229.75 97.775483 1.081397 57.662441 0.000000 22.926359 12.730260 0.000000 3.375025 
6201.00 1229.26 97.670794 1.083208 57.717361 0.000000 22.861382 12.643826 0.000000 3.365017 
6101.00 1228.75 97.563218 1.085163 57.774650 0.000000 22.793266 12.555608 0.000000 3.354531 
6001.00 1228.24 97.452581 1.087274 57.834441 0.000000 22.721843 12.465482 0.000000 3.343540 
5901.00 1227.72 97.338693 1.089555 57.896879 0.000000 22.646929 12.373316 0.000000 3.332015 
5801.00 1227.18 97.221352 1.092018 57.962121 0.000000 22.568321 12.278969 0.000000 3.319923 
5701.00 1226.64 97.100337 1.094680 58.030337 0.000000 22.485802 12.182288 0.000000 3.307230 
5601.00 1226.09 96.975411 1.097558 58.101713 0.000000 22.399134 12.083109 0.000000 3.293898 
5501.00 1225.52 96.846317 1.100669 58.176451 0.000000 22.308056 11.981255 0.000000 3.279885 
5401.00 1224.95 96.712775 1.104035 58.254772 0.000000 22.212286 11.876533 0.000000 3.265149 
5301.00 1224.36 96.574485 1.107678 58.336917 0.000000 22.111513 11.768737 0.000000 3.249640 
5201.00 1223.75 96.431118 1.111621 58.423148 0.000000 22.005399 11.657645 0.000000 3.233305 
5101.00 1223.13 96.282320 1.115893 58.513752 0.000000 21.893572 11.543014 0.000000 3.216088 
5001.00 1222.49 96.127704 1.120522 58.609046 0.000000 21.775627 11.424583 0.000000 3.197926 
4901.00 1221.84 95.966851 1.125539 58.709371 0.000000 21.651120 11.302069 0.000000 3.178752 
4801.00 1221.17 95.799305 1.130980 58.815106 0.000000 21.519563 11.175166 0.000000 3.158490 
4701.00 1220.47 95.624570 1.136883 58.926660 0.000000 21.380423 11.043543 0.000000 3.137061 
4601.00 1219.75 95.442108 1.143286 59.044486 0.000000 21.233116 10.906843 0.000000 3.114377 
4501.00 1219.01 95.251335 1.150234 59.169073 0.000000 21.077004 10.764680 0.000000 3.090343 
4401.00 1218.25 95.051618 1.157769 59.300959 0.000000 20.911392 10.616641 0.000000 3.064856 
4301.00 1217.45 94.842271 1.165938 59.440726 0.000000 20.735522 10.462281 0.000000 3.037805 
4201.00 1216.63 94.622559 1.174785 59.589003 0.000000 20.548573 10.301129 0.000000 3.009070 
4101.00 1215.77 94.391692 1.184352 59.746470 0.000000 20.349661 10.132685 0.000000 2.978523 
4001.00 1214.88 94.148828 1.194676 59.913851 0.000000 20.137842 9.956428 0.000000 2.946031 
3901.00 1213.96 93.893083 1.205784 60.091911 0.000000 19.912116 9.771819 0.000000 2.911453 
3801.00 1212.99 93.623534 1.217685 60.281449 0.000000 19.671439 9.578317 0.000000 2.874645 
3701.00 1211.98 93.339242 1.230365 60.483276 0.000000 19.414746 9.375391 0.000000 2.835463 
3601.00 1210.92 93.039269 1.243777 60.698200 0.000000 19.140979 9.162542 0.000000 2.793770 
3501.00 1209.82 92.722719 1.257827 60.926988 0.000000 18.849128 8.939337 0.000000 2.749439 
3401.00 1208.67 92.388779 1.272362 61.170325 0.000000 18.538288 8.705439 0.000000 2.702365 
3301.00 1207.47 92.036785 1.287157 61.428755 0.000000 18.207733 8.460663 0.000000 2.652476 
3201.00 1206.22 91.666291 1.301903 61.702622 0.000000 17.857000 8.205019 0.000000 2.599746 
3101.00 1204.91 91.277159 1.316204 61.991991 0.000000 17.485985 7.938773 0.000000 2.544206 
3001.00 1203.56 90.869652 1.329581 62.296576 0.000000 17.095041 7.662490 0.000000 2.485963 
2901.00 1202.16 90.444516 1.341493 62.615681 0.000000 16.685059 7.377079 0.000000 2.425205 
2801.00 1200.73 90.003053 1.351371 62.948154 0.000000 16.257519 7.083800 0.000000 2.362208 
2701.00 1199.25 89.547154 1.358665 63.292390 0.000000 15.814507 6.784254 0.000000 2.297338 
2601.00 1197.75 89.079281 1.362902 63.646355 0.000000 15.358664 6.480325 0.000000 2.231036 
2501.00 1196.24 88.602404 1.363732 64.007672 0.000000 14.893090 6.174108 0.000000 2.163801 
2401.00 1194.71 88.119870 1.360969 64.373725 0.000000 14.421203 5.867801 0.000000 2.096172 
2301.00 1193.19 87.635253 1.354597 64.741782 0.000000 13.946579 5.563600 0.000000 2.028695 
2201.00 1191.68 87.152178 1.344766 65.109123 0.000000 13.472785 5.263600 0.000000 1.961903 
2101.00 1190.19 86.674153 1.331760 65.473147 0.000000 13.003234 4.969716 0.000000 1.896296 
2001.00 1188.73 86.204438 1.315958 65.831458 0.000000 12.541077 4.683624 0.000000 1.832320 
1901.00 1187.30 85.745939 1.297796 66.181919 0.000000 12.089125 4.406732 0.000000 1.770366 
1801.00 1185.92 85.301154 1.277730 66.522692 0.000000 11.649800 4.140172 0.000000 1.710760 
1701.00 1184.58 84.872145 1.256214 66.852243 0.000000 11.225123 3.884805 0.000000 1.653760 
1601.00 1183.30 84.460537 1.233677 67.169347 0.000000 10.816713 3.641235 0.000000 1.599565 
1501.00 1182.07 84.067536 1.210521 67.473075 0.000000 10.425796 3.409832 0.000000 1.548311 
1401.00 1180.89 83.693954 1.187109 67.762781 0.000000 10.053227 3.190757 0.000000 1.500079 
1301.00 1179.77 83.340247 1.163768 68.038084 0.000000 9.699514 2.983983 0.000000 1.454898 
1201.00 1178.71 83.006545 1.140784 68.298846 0.000000 9.364847 2.789320 0.000000 1.412748 
1101.00 1177.69 82.692687 1.118403 68.545146 0.000000 9.049126 2.606441 0.000000 1.373571 
1001.00 1176.74 82.398267 1.096828 68.777256 0.000000 8.752003 2.434908 0.000000 1.337271 
901.00 1175.83 82.122666 1.076220 68.995608 0.000000 8.472920 2.274193 0.000000 1.303725 
801.00 1174.97 81.865097 1.056697 69.200763 0.000000 8.211145 2.123705 0.000000 1.272786 
701.00 1174.15 81.624646 1.038335 69.393376 0.000000 7.965825 1.982815 0.000000 1.244295 
601.00 1173.38 81.400314 1.021175 69.574171 0.000000 7.736018 1.850869 0.000000 1.218082 
501.00 1172.64 81.191050 1.005223 69.743904 0.000000 7.520731 1.727217 0.000000 1.193974 
401.00 1171.95 80.995785 0.990459 69.903349 0.000000 7.318957 1.611218 0.000000 1.171802 
301.00 1171.28 80.813461 0.976843 70.053269 0.000000 7.129694 1.502256 0.000000 1.151400 
201.00 1170.65 80.643049 0.964319 70.194406 0.000000 6.951967 1.399746 0.000000 1.132611 
101.00 1170.04 80.483565 0.952823 70.327468 0.000000 6.784846 1.303140 0.000000 1.115288 
1.00 1169.46 80.334083 0.942284 70.453126 0.000000 6.627450 1.211929 0.000000 1.099295 
