Title: Depleted MORB Mantle of Workmann & Hart 2005

System Thermodynamic Data:
Pressure Temperature mass F phi S H V Cp dVdP*10^6 dVdT*10^6 fO2(absolute) fO2(absolute) rhol rhos viscosity aH2O chisqr
44001.00 1317.20 100.138999 0.0000000000000000 0.000000 246.612502 -1162233.644126 30.057127 124.247869 -19.875396 1406.551884 -6.494 -6.494 0.000000 3.331622 0.000 0 0.000
43901.00 1317.01 100.138999 0.0000000000000000 0.000000 246.612502 -1162534.225006 30.059049 124.254119 -19.882381 1406.485864 -6.499 -6.499 0.000000 3.331409 0.000 0 0.000
43801.00 1316.82 100.138999 0.0000000000000000 0.000000 246.612502 -1162834.825116 30.060973 124.260369 -19.889370 1406.419983 -6.503 -6.503 0.000000 3.331196 0.000 0 0.000
43701.00 1316.62 100.138999 0.0000000000000000 0.000000 246.612502 -1163135.444477 30.062899 124.266619 -19.896364 1406.354241 -6.508 -6.508 0.000000 3.330983 0.000 0 0.000
43601.00 1316.43 100.138999 0.0000000000000000 0.000000 246.612502 -1163436.083109 30.064827 124.272869 -19.903362 1406.288640 -6.513 -6.513 0.000000 3.330769 0.000 0 0.000
43501.00 1316.24 100.138999 0.0000000000000000 0.000000 246.612502 -1163736.741033 30.066758 124.279120 -19.910364 1406.223182 -6.518 -6.518 0.000000 3.330555 0.000 0 0.000
43401.00 1316.04 100.138999 0.0000000000000000 0.000000 246.612502 -1164037.418271 30.068690 124.285370 -19.917372 1406.157867 -6.522 -6.522 0.000000 3.330341 0.000 0 0.000
43301.00 1315.85 100.138999 0.0000000000000000 0.000000 246.612502 -1164338.114844 30.070625 124.291621 -19.924383 1406.092696 -6.527 -6.527 0.000000 3.330127 0.000 0 0.000
43201.00 1315.65 100.138999 0.0000000000000000 0.000000 246.612502 -1164638.830773 30.072561 124.297871 -19.931400 1406.027671 -6.532 -6.532 0.000000 3.329913 0.000 0 0.000
43101.00 1315.46 100.138999 0.0000000000000000 0.000000 246.612502 -1164939.566080 30.074500 124.304122 -19.938421 1405.962793 -6.536 -6.536 0.000000 3.329698 0.000 0 0.000
43001.00 1315.27 100.138999 0.0000000000000000 0.000000 246.612502 -1165240.320786 30.076441 124.310373 -19.945448 1405.898062 -6.541 -6.541 0.000000 3.329483 0.000 0 0.000
42901.00 1315.07 100.138999 0.0000000000000000 0.000000 246.612502 -1165541.094914 30.078385 124.316624 -19.952479 1405.833482 -6.546 -6.546 0.000000 3.329268 0.000 0 0.000
42801.00 1314.88 100.138999 0.0000000000000000 0.000000 246.612502 -1165841.888485 30.080330 124.322876 -19.959514 1405.769051 -6.551 -6.551 0.000000 3.329053 0.000 0 0.000
42701.00 1314.69 100.138999 0.0000000000000000 0.000000 246.612502 -1166142.701522 30.082278 124.329128 -19.966555 1405.704773 -6.556 -6.556 0.000000 3.328837 0.000 0 0.000
42601.00 1314.49 100.138999 0.0000000000000000 0.000000 246.612502 -1166443.534046 30.084228 124.335380 -19.973601 1405.640648 -6.560 -6.560 0.000000 3.328621 0.000 0 0.000
42501.00 1314.30 100.138999 0.0000000000000000 0.000000 246.612502 -1166744.386080 30.086180 124.341632 -19.980652 1405.576677 -6.565 -6.565 0.000000 3.328405 0.000 0 0.000
42401.00 1314.11 100.138999 0.0000000000000000 0.000000 246.612502 -1167045.257647 30.088134 124.347885 -19.987708 1405.512862 -6.570 -6.570 0.000000 3.328189 0.000 0 0.000
42301.00 1313.91 100.138999 0.0000000000000000 0.000000 246.612502 -1167346.148769 30.090091 124.354138 -19.994769 1405.449204 -6.575 -6.575 0.000000 3.327973 0.000 0 0.000
42201.00 1313.72 100.138999 0.0000000000000000 0.000000 246.612502 -1167647.059470 30.092050 124.360391 -20.001835 1405.385705 -6.580 -6.580 0.000000 3.327756 0.000 0 0.000
42101.00 1313.53 100.138999 0.0000000000000000 0.000000 246.612502 -1167947.989771 30.094011 124.366645 -20.008906 1405.322366 -6.585 -6.585 0.000000 3.327539 0.000 0 0.000
42001.00 1313.33 100.138999 0.0000000000000000 0.000000 246.612502 -1168248.939697 30.095975 124.372899 -20.015982 1405.259187 -6.590 -6.590 0.000000 3.327322 0.000 0 0.000
41901.00 1313.14 100.138999 0.0000000000000000 0.000000 246.612502 -1168549.909271 30.097941 124.379153 -20.023064 1405.196172 -6.595 -6.595 0.000000 3.327105 0.000 0 0.000
41801.00 1312.94 100.138999 0.0000000000000000 0.000000 246.612502 -1168850.898515 30.099909 124.385408 -20.030151 1405.133321 -6.599 -6.599 0.000000 3.326887 0.000 0 0.000
41701.00 1312.75 100.138999 0.0000000000000000 0.000000 246.612502 -1169151.907454 30.101879 124.391664 -20.037244 1405.070635 -6.604 -6.604 0.000000 3.326669 0.000 0 0.000
41601.00 1312.56 100.138999 0.0000000000000000 0.000000 246.612502 -1169452.936112 30.103853 124.397920 -20.044342 1405.008116 -6.609 -6.609 0.000000 3.326451 0.000 0 0.000
41501.00 1312.36 100.138999 0.0000000000000000 0.000000 246.612502 -1169753.984513 30.105828 124.404176 -20.051445 1404.945766 -6.614 -6.614 0.000000 3.326233 0.000 0 0.000
41401.00 1312.17 100.138999 0.0000000000000000 0.000000 246.612502 -1170055.052680 30.107806 124.410433 -20.058554 1404.883586 -6.619 -6.619 0.000000 3.326015 0.000 0 0.000
41301.00 1311.97 100.138999 0.0000000000000000 0.000000 246.612502 -1170356.140637 30.109786 124.416690 -20.065669 1404.821578 -6.624 -6.624 0.000000 3.325796 0.000 0 0.000
41201.00 1311.78 100.138999 0.0000000000000000 0.000000 246.612502 -1170657.248410 30.111769 124.422949 -20.072789 1404.759743 -6.629 -6.629 0.000000 3.325577 0.000 0 0.000
41101.00 1311.59 100.138999 0.0000000000000000 0.000000 246.612502 -1170958.376024 30.113754 124.429207 -20.079915 1404.698082 -6.634 -6.634 0.000000 3.325358 0.000 0 0.000
41001.00 1311.39 100.138999 0.0000000000000000 0.000000 246.612502 -1171259.523502 30.115742 124.435467 -20.087047 1404.636599 -6.639 -6.639 0.000000 3.325138 0.000 0 0.000
40901.00 1311.20 100.138999 0.0000000000000000 0.000000 246.612502 -1171560.690869 30.117732 124.441727 -20.094185 1404.575293 -6.644 -6.644 0.000000 3.324918 0.000 0 0.000
40801.00 1311.00 100.138999 0.0000000000000000 0.000000 246.612502 -1171861.878152 30.119725 124.447987 -20.101328 1404.514166 -6.649 -6.649 0.000000 3.324698 0.000 0 0.000
40701.00 1310.81 100.138999 0.0000000000000000 0.000000 246.612502 -1172163.085375 30.121720 124.454249 -20.108477 1404.453221 -6.655 -6.655 0.000000 3.324478 0.000 0 0.000
40601.00 1310.62 100.138999 0.0000000000000000 0.000000 246.612502 -1172464.312564 30.123718 124.460511 -20.115633 1404.392460 -6.660 -6.660 0.000000 3.324258 0.000 0 0.000
40501.00 1310.42 100.138999 0.0000000000000000 0.000000 246.612502 -1172765.559745 30.125719 124.466774 -20.122794 1404.331882 -6.665 -6.665 0.000000 3.324037 0.000 0 0.000
40401.00 1310.23 100.138999 0.0000000000000000 0.000000 246.612502 -1173066.826943 30.127722 124.473037 -20.129962 1404.271492 -6.670 -6.670 0.000000 3.323816 0.000 0 0.000
40301.00 1310.03 100.138999 0.0000000000000000 0.000000 246.612502 -1173368.114185 30.129727 124.479302 -20.137135 1404.211290 -6.675 -6.675 0.000000 3.323595 0.000 0 0.000
40201.00 1309.84 100.138999 0.0000000000000000 0.000000 246.612502 -1173669.421497 30.131736 124.485567 -20.144315 1404.151278 -6.680 -6.680 0.000000 3.323373 0.000 0 0.000
40101.00 1309.64 100.138999 0.0000000000000000 0.000000 246.612502 -1173970.748905 30.133747 124.491834 -20.151501 1404.091457 -6.685 -6.685 0.000000 3.323151 0.000 0 0.000
40001.00 1309.45 100.138999 0.0000000000000000 0.000000 246.612502 -1174272.096437 30.135760 124.498101 -20.158694 1404.031831 -6.691 -6.691 0.000000 3.322929 0.000 0 0.000
39901.00 1309.26 100.138999 0.0000000000000000 0.000000 246.612502 -1174573.464119 30.137777 124.504369 -20.165893 1403.972400 -6.696 -6.696 0.000000 3.322707 0.000 0 0.000
39801.00 1309.06 100.138999 0.0000000000000000 0.000000 246.612502 -1174874.851979 30.139796 124.510638 -20.173098 1403.913167 -6.701 -6.701 0.000000 3.322484 0.000 0 0.000
39701.00 1308.87 100.138999 0.0000000000000000 0.000000 246.612502 -1175176.260043 30.141818 124.516908 -20.180310 1403.854134 -6.706 -6.706 0.000000 3.322261 0.000 0 0.000
39601.00 1308.67 100.138999 0.0000000000000000 0.000000 246.612502 -1175477.688339 30.143842 124.523179 -20.187529 1403.795302 -6.711 -6.711 0.000000 3.322038 0.000 0 0.000
39501.00 1308.48 100.138999 0.0000000000000000 0.000000 246.612502 -1175779.136896 30.145870 124.529451 -20.194754 1403.736673 -6.717 -6.717 0.000000 3.321815 0.000 0 0.000
39401.00 1308.28 100.138999 0.0000000000000000 0.000000 246.612502 -1176080.605741 30.147900 124.535725 -20.201986 1403.678250 -6.722 -6.722 0.000000 3.321591 0.000 0 0.000
39301.00 1308.09 100.138999 0.0000000000000000 0.000000 246.612502 -1176382.094902 30.149933 124.541999 -20.209225 1403.620035 -6.727 -6.727 0.000000 3.321367 0.000 0 0.000
39201.00 1307.89 100.138999 0.0000000000000000 0.000000 246.612502 -1176683.604408 30.151969 124.548275 -20.216471 1403.562029 -6.733 -6.733 0.000000 3.321143 0.000 0 0.000
39101.00 1307.70 100.138999 0.0000000000000000 0.000000 246.612502 -1176985.134288 30.154008 124.554551 -20.223724 1403.504235 -6.738 -6.738 0.000000 3.320918 0.000 0 0.000
39001.00 1307.50 100.138999 0.0000000000000000 0.000000 246.612502 -1177286.684570 30.156049 124.560829 -20.230984 1403.446656 -6.743 -6.743 0.000000 3.320694 0.000 0 0.000
38901.00 1307.31 100.138999 0.0000000000000000 0.000000 246.612502 -1177588.255284 30.158094 124.567109 -20.238250 1403.389292 -6.749 -6.749 0.000000 3.320468 0.000 0 0.000
38801.00 1307.11 100.138999 0.0000000000000000 0.000000 246.612502 -1177889.846459 30.160142 124.573389 -20.245525 1403.332147 -6.754 -6.754 0.000000 3.320243 0.000 0 0.000
38701.00 1306.92 100.138999 0.0000000000000000 0.000000 246.612502 -1178191.458125 30.162192 124.579671 -20.252806 1403.275222 -6.759 -6.759 0.000000 3.320017 0.000 0 0.000
38601.00 1306.72 100.138999 0.0000000000000000 0.000000 246.612502 -1178493.090312 30.164246 124.585954 -20.260094 1403.218521 -6.765 -6.765 0.000000 3.319791 0.000 0 0.000
38501.00 1306.53 100.138999 0.0000000000000000 0.000000 246.612502 -1178794.743050 30.166302 124.592239 -20.267390 1403.162045 -6.770 -6.770 0.000000 3.319565 0.000 0 0.000
38401.00 1306.33 100.138999 0.0000000000000000 0.000000 246.612502 -1179096.416369 30.168362 124.598525 -20.274694 1403.105797 -6.776 -6.776 0.000000 3.319338 0.000 0 0.000
38301.00 1306.14 100.138999 0.0000000000000000 0.000000 246.612502 -1179398.110301 30.170425 124.604813 -20.282005 1403.049778 -6.781 -6.781 0.000000 3.319111 0.000 0 0.000
38201.00 1305.94 100.138999 0.0000000000000000 0.000000 246.612502 -1179699.824875 30.172491 124.611102 -20.289324 1402.993993 -6.787 -6.787 0.000000 3.318884 0.000 0 0.000
38101.00 1305.75 100.138999 0.0000000000000000 0.000000 246.612502 -1180001.560124 30.174560 124.617393 -20.296650 1402.938442 -6.792 -6.792 0.000000 3.318657 0.000 0 0.000
38001.00 1305.55 100.138999 0.0000000000000000 0.000000 246.612502 -1180303.316079 30.176632 124.623686 -20.303985 1402.883129 -6.798 -6.798 0.000000 3.318429 0.000 0 0.000
37901.00 1305.36 100.138999 0.0000000000000000 0.000000 246.612502 -1180605.092772 30.178707 124.629980 -20.311327 1402.828056 -6.803 -6.803 0.000000 3.318200 0.000 0 0.000
37801.00 1305.16 100.138999 0.0000000000000000 0.000000 246.612502 -1180906.890235 30.180786 124.636275 -20.318677 1402.773226 -6.809 -6.809 0.000000 3.317972 0.000 0 0.000
37701.00 1304.97 100.138999 0.0000000000000000 0.000000 246.612502 -1181208.708500 30.182868 124.642573 -20.326035 1402.718642 -6.814 -6.814 0.000000 3.317743 0.000 0 0.000
37601.00 1304.77 100.138999 0.0000000000000000 0.000000 246.612502 -1181510.547600 30.184953 124.648872 -20.333402 1402.664306 -6.820 -6.820 0.000000 3.317514 0.000 0 0.000
37501.00 1304.57 100.138999 0.0000000000000000 0.000000 246.612502 -1181812.407567 30.187041 124.655173 -20.340776 1402.610220 -6.825 -6.825 0.000000 3.317284 0.000 0 0.000
37401.00 1304.38 100.138999 0.0000000000000000 0.000000 246.612502 -1182114.288437 30.189133 124.661477 -20.348159 1402.556389 -6.831 -6.831 0.000000 3.317054 0.000 0 0.000
37301.00 1304.18 100.138999 0.0000000000000000 0.000000 246.612502 -1182416.190241 30.191228 124.667782 -20.355551 1402.502814 -6.837 -6.837 0.000000 3.316824 0.000 0 0.000
37201.00 1303.99 100.138999 0.0000000000000000 0.000000 246.612502 -1182718.113013 30.193327 124.674089 -20.362951 1402.449499 -6.842 -6.842 0.000000 3.316594 0.000 0 0.000
37101.00 1303.79 100.138999 0.0000000000000000 0.000000 246.612502 -1183020.056789 30.195429 124.680398 -20.370359 1402.396446 -6.848 -6.848 0.000000 3.316363 0.000 0 0.000
37001.00 1303.60 100.138999 0.0000000000000000 0.000000 246.612502 -1183322.021603 30.197534 124.686709 -20.377777 1402.343658 -6.854 -6.854 0.000000 3.316132 0.000 0 0.000
36901.00 1303.40 100.138999 0.0000000000000000 0.000000 246.612502 -1183624.007489 30.199643 124.693022 -20.385203 1402.291139 -6.859 -6.859 0.000000 3.315900 0.000 0 0.000
36801.00 1303.20 100.138999 0.0000000000000000 0.000000 246.612502 -1183926.014483 30.201756 124.699337 -20.392638 1402.238892 -6.865 -6.865 0.000000 3.315668 0.000 0 0.000
36701.00 1303.01 100.138999 0.0000000000000000 0.000000 246.612502 -1184228.042621 30.203872 124.705655 -20.400082 1402.186919 -6.871 -6.871 0.000000 3.315436 0.000 0 0.000
36601.00 1302.81 100.138999 0.0000000000000000 0.000000 246.612502 -1184530.091937 30.205992 124.711975 -20.407535 1402.135225 -6.876 -6.876 0.000000 3.315203 0.000 0 0.000
36501.00 1302.61 100.138999 0.0000000000000000 0.000000 246.612502 -1184832.162470 30.208115 124.718297 -20.414998 1402.083811 -6.882 -6.882 0.000000 3.314970 0.000 0 0.000
36401.00 1302.42 100.138999 0.0000000000000000 0.000000 246.612502 -1185134.254255 30.210242 124.724622 -20.422469 1402.032683 -6.888 -6.888 0.000000 3.314737 0.000 0 0.000
36301.00 1302.22 100.138999 0.0000000000000000 0.000000 246.612502 -1185436.367329 30.212373 124.730949 -20.429951 1401.981842 -6.894 -6.894 0.000000 3.314503 0.000 0 0.000
36201.00 1302.03 100.138999 0.0000000000000000 0.000000 246.612502 -1185738.501730 30.214508 124.737279 -20.437442 1401.931293 -6.900 -6.900 0.000000 3.314269 0.000 0 0.000
36101.00 1301.83 100.138999 0.0000000000000000 0.000000 246.612502 -1186040.657496 30.216646 124.743611 -20.444942 1401.881039 -6.906 -6.906 0.000000 3.314034 0.000 0 0.000
36001.00 1301.63 100.138999 0.0000000000000000 0.000000 246.612502 -1186342.834664 30.218788 124.749946 -20.452452 1401.831083 -6.911 -6.911 0.000000 3.313799 0.000 0 0.000
35901.00 1301.44 100.138999 0.0000000000000000 0.000000 246.612502 -1186645.033274 30.220934 124.756283 -20.459973 1401.781430 -6.917 -6.917 0.000000 3.313564 0.000 0 0.000
35801.00 1301.24 100.138999 0.0000000000000000 0.000000 246.612502 -1186947.253365 30.223084 124.762624 -20.467503 1401.732082 -6.923 -6.923 0.000000 3.313328 0.000 0 0.000
35701.00 1301.04 100.138999 0.0000000000000000 0.000000 246.612502 -1187249.494975 30.225238 124.768967 -20.475043 1401.683044 -6.929 -6.929 0.000000 3.313092 0.000 0 0.000
35601.00 1300.84 100.138999 0.0000000000000000 0.000000 246.612502 -1187551.758145 30.227396 124.775313 -20.482594 1401.634320 -6.935 -6.935 0.000000 3.312856 0.000 0 0.000
35501.00 1300.65 100.138999 0.0000000000000000 0.000000 246.612502 -1187854.042914 30.229558 124.781662 -20.490155 1401.585914 -6.941 -6.941 0.000000 3.312619 0.000 0 0.000
35401.00 1300.45 100.138999 0.0000000000000000 0.000000 246.612502 -1188156.349325 30.231724 124.788014 -20.497727 1401.537829 -6.947 -6.947 0.000000 3.312381 0.000 0 0.000
35301.00 1300.25 100.138999 0.0000000000000000 0.000000 246.612502 -1188458.677417 30.233895 124.794369 -20.505309 1401.490069 -6.953 -6.953 0.000000 3.312144 0.000 0 0.000
35201.00 1300.06 100.138999 0.0000000000000000 0.000000 246.612502 -1188761.027232 30.236069 124.800728 -20.512902 1401.442639 -6.959 -6.959 0.000000 3.311905 0.000 0 0.000
35101.00 1299.86 100.138999 0.0000000000000000 0.000000 246.612502 -1189063.398813 30.238248 124.807089 -20.520506 1401.395544 -6.965 -6.965 0.000000 3.311667 0.000 0 0.000
35001.00 1299.66 100.138999 0.0000000000000000 0.000000 246.612502 -1189365.792201 30.240431 124.813454 -20.528121 1401.348786 -6.971 -6.971 0.000000 3.311428 0.000 0 0.000
34901.00 1299.46 100.138999 0.0000000000000000 0.000000 246.612502 -1189668.207441 30.242618 124.819822 -20.535747 1401.302372 -6.977 -6.977 0.000000 3.311188 0.000 0 0.000
34801.00 1299.27 100.138999 0.0000000000000000 0.000000 246.612502 -1189970.644575 30.244810 124.826194 -20.543385 1401.256305 -6.983 -6.983 0.000000 3.310948 0.000 0 0.000
34701.00 1299.07 100.138999 0.0000000000000000 0.000000 246.612502 -1190273.103647 30.247006 124.832569 -20.551034 1401.210589 -6.990 -6.990 0.000000 3.310708 0.000 0 0.000
34601.00 1298.87 100.138999 0.0000000000000000 0.000000 246.612502 -1190575.584703 30.249206 124.838948 -20.558695 1401.165230 -6.996 -6.996 0.000000 3.310467 0.000 0 0.000
34501.00 1298.67 100.138999 0.0000000000000000 0.000000 246.612502 -1190878.087786 30.251411 124.845331 -20.566367 1401.120233 -7.002 -7.002 0.000000 3.310226 0.000 0 0.000
34401.00 1298.47 100.138999 0.0000000000000000 0.000000 246.612502 -1191180.612943 30.253621 124.851717 -20.574052 1401.075601 -7.008 -7.008 0.000000 3.309984 0.000 0 0.000
34301.00 1298.28 100.138999 0.0000000000000000 0.000000 246.612502 -1191483.160219 30.255835 124.858108 -20.581748 1401.031341 -7.014 -7.014 0.000000 3.309742 0.000 0 0.000
34201.00 1298.08 100.138999 0.0000000000000000 0.000000 246.612502 -1191785.729661 30.258054 124.864502 -20.589457 1400.987457 -7.021 -7.021 0.000000 3.309499 0.000 0 0.000
34101.00 1297.88 100.138999 0.0000000000000000 0.000000 246.612502 -1192088.321317 30.260278 124.870900 -20.597178 1400.943954 -7.027 -7.027 0.000000 3.309256 0.000 0 0.000
34001.00 1297.68 100.138999 0.0000000000000000 0.000000 246.612502 -1192390.935233 30.262506 124.877303 -20.604912 1400.900838 -7.033 -7.033 0.000000 3.309012 0.000 0 0.000
33901.00 1297.48 100.138999 0.0000000000000000 0.000000 246.612502 -1192693.571460 30.264740 124.883709 -20.612659 1400.858114 -7.040 -7.040 0.000000 3.308768 0.000 0 0.000
33801.00 1297.28 100.138999 0.0000000000000000 0.000000 246.612502 -1192996.230044 30.266978 124.890121 -20.620418 1400.815787 -7.046 -7.046 0.000000 3.308523 0.000 0 0.000
33701.00 1297.09 100.138999 0.0000000000000000 0.000000 246.612502 -1193298.911037 30.269221 124.896536 -20.628190 1400.773864 -7.052 -7.052 0.000000 3.308278 0.000 0 0.000
33601.00 1296.89 100.138999 0.0000000000000000 0.000000 246.612502 -1193601.614487 30.271470 124.902956 -20.635976 1400.732349 -7.059 -7.059 0.000000 3.308032 0.000 0 0.000
33501.00 1296.69 100.138999 0.0000000000000000 0.000000 246.612502 -1193904.340447 30.273723 124.909381 -20.643775 1400.691249 -7.065 -7.065 0.000000 3.307786 0.000 0 0.000
33401.00 1296.49 100.138999 0.0000000000000000 0.000000 246.612502 -1194207.088967 30.275982 124.915810 -20.651588 1400.650570 -7.072 -7.072 0.000000 3.307539 0.000 0 0.000
33301.00 1296.29 100.138999 0.0000000000000000 0.000000 246.612502 -1194509.860100 30.278246 124.922245 -20.659415 1400.610318 -7.078 -7.078 0.000000 3.307292 0.000 0 0.000
33201.00 1296.09 100.138999 0.0000000000000000 0.000000 246.612502 -1194812.653897 30.280515 124.928684 -20.667256 1400.570498 -7.085 -7.085 0.000000 3.307044 0.000 0 0.000
33101.00 1295.89 100.138999 0.0000000000000000 0.000000 246.612502 -1195115.470414 30.282789 124.935128 -20.675111 1400.531118 -7.091 -7.091 0.000000 3.306796 0.000 0 0.000
33001.00 1295.69 100.138999 0.0000000000000000 0.000000 246.612502 -1195418.309703 30.285069 124.941578 -20.682980 1400.492184 -7.098 -7.098 0.000000 3.306547 0.000 0 0.000
32901.00 1295.49 100.138999 0.0000000000000000 0.000000 246.612502 -1195721.171821 30.287355 124.948033 -20.690864 1400.453703 -7.104 -7.104 0.000000 3.306297 0.000 0 0.000
32801.00 1295.29 100.138999 0.0000000000000000 0.000000 246.612502 -1196024.056821 30.289646 124.954493 -20.698762 1400.415680 -7.111 -7.111 0.000000 3.306047 0.000 0 0.000
32701.00 1295.09 100.138999 0.0000000000000000 0.000000 246.612502 -1196326.964762 30.291943 124.960959 -20.706676 1400.378124 -7.118 -7.118 0.000000 3.305797 0.000 0 0.000
32601.00 1294.89 100.138999 0.0000000000000000 0.000000 246.612502 -1196629.895699 30.294246 124.967430 -20.714605 1400.341042 -7.124 -7.124 0.000000 3.305545 0.000 0 0.000
32501.00 1294.69 100.138999 0.0000000000000000 0.000000 246.612502 -1196932.849692 30.296554 124.973908 -20.722550 1400.304440 -7.131 -7.131 0.000000 3.305293 0.000 0 0.000
32401.00 1294.49 100.138999 0.0000000000000000 0.000000 246.612502 -1197235.826798 30.298868 124.980391 -20.730510 1400.268326 -7.138 -7.138 0.000000 3.305041 0.000 0 0.000
32301.00 1294.29 100.138999 0.0000000000000000 0.000000 246.612502 -1197538.827077 30.301189 124.986880 -20.738486 1400.232708 -7.144 -7.144 0.000000 3.304788 0.000 0 0.000
32201.00 1294.09 100.138999 0.0000000000000000 0.000000 246.612502 -1197841.850590 30.303515 124.993376 -20.746478 1400.197593 -7.151 -7.151 0.000000 3.304534 0.000 0 0.000
32101.00 1293.89 100.138999 0.0000000000000000 0.000000 246.612502 -1198144.897398 30.305848 124.999878 -20.754487 1400.162990 -7.158 -7.158 0.000000 3.304280 0.000 0 0.000
32001.00 1293.69 100.138999 0.0000000000000000 0.000000 246.612502 -1198447.967562 30.308186 125.006386 -20.762512 1400.128906 -7.165 -7.165 0.000000 3.304025 0.000 0 0.000
31901.00 1293.49 100.138999 0.0000000000000000 0.000000 246.612502 -1198751.061147 30.310532 125.012901 -20.770554 1400.095350 -7.172 -7.172 0.000000 3.303769 0.000 0 0.000
31801.00 1293.29 100.138999 0.0000000000000000 0.000000 246.612502 -1199054.178215 30.312883 125.019423 -20.778613 1400.062330 -7.179 -7.179 0.000000 3.303513 0.000 0 0.000
31701.00 1293.09 100.138999 0.0000000000000000 0.000000 246.612502 -1199357.318832 30.315241 125.025952 -20.786690 1400.029855 -7.185 -7.185 0.000000 3.303256 0.000 0 0.000
31601.00 1292.88 100.138999 0.0000000000000000 0.000000 246.612502 -1199660.483063 30.317606 125.032488 -20.794785 1399.997933 -7.192 -7.192 0.000000 3.302998 0.000 0 0.000
31501.00 1292.68 100.138999 0.0000000000000000 0.000000 246.612502 -1199963.670976 30.319978 125.039031 -20.802897 1399.966575 -7.199 -7.199 0.000000 3.302740 0.000 0 0.000
31401.00 1292.48 100.138999 0.0000000000000000 0.000000 246.612502 -1200266.882638 30.322356 125.045582 -20.811027 1399.935789 -7.206 -7.206 0.000000 3.302481 0.000 0 0.000
31301.00 1292.28 100.138999 0.0000000000000000 0.000000 246.612502 -1200570.118118 30.324741 125.052141 -20.819177 1399.905585 -7.213 -7.213 0.000000 3.302221 0.000 0 0.000
31201.00 1292.08 100.138999 0.0000000000000000 0.000000 246.612502 -1200873.377485 30.327133 125.058707 -20.827344 1399.875972 -7.221 -7.221 0.000000 3.301961 0.000 0 0.000
31101.00 1291.87 100.138999 0.0000000000000000 0.000000 246.612502 -1201176.660811 30.329533 125.065281 -20.835531 1399.846961 -7.228 -7.228 0.000000 3.301699 0.000 0 0.000
31001.00 1291.67 100.138999 0.0000000000000000 0.000000 246.612502 -1201479.968168 30.331940 125.071863 -20.843738 1399.818562 -7.235 -7.235 0.000000 3.301437 0.000 0 0.000
30901.00 1291.47 100.138999 0.0000000000000000 0.000000 246.612502 -1201783.299629 30.334354 125.078454 -20.851964 1399.790785 -7.242 -7.242 0.000000 3.301175 0.000 0 0.000
30801.00 1291.27 100.138999 0.0000000000000000 0.000000 246.612502 -1202086.655268 30.336775 125.085053 -20.860210 1399.763641 -7.249 -7.249 0.000000 3.300911 0.000 0 0.000
30701.00 1291.06 100.138999 0.0000000000000000 0.000000 246.612502 -1202390.035161 30.339205 125.091661 -20.868477 1399.737141 -7.256 -7.256 0.000000 3.300647 0.000 0 0.000
30601.00 1290.86 100.138999 0.0000000000000000 0.000000 246.612502 -1202693.439384 30.341641 125.098278 -20.876764 1399.711296 -7.264 -7.264 0.000000 3.300382 0.000 0 0.000
30501.00 1290.66 100.138999 0.0000000000000000 0.000000 246.612502 -1202996.868015 30.344086 125.104904 -20.885072 1399.686118 -7.271 -7.271 0.000000 3.300116 0.000 0 0.000
30401.00 1290.45 100.138999 0.0000000000000000 0.000000 246.612502 -1203300.321134 30.346539 125.111539 -20.893402 1399.661619 -7.278 -7.278 0.000000 3.299849 0.000 0 0.000
30301.00 1290.25 100.138999 0.0000000000000000 0.000000 246.612502 -1203603.798821 30.349000 125.118184 -20.901753 1399.637810 -7.286 -7.286 0.000000 3.299582 0.000 0 0.000
30201.00 1290.05 100.138999 0.0000000000000000 0.000000 246.612502 -1203907.301158 30.351469 125.124839 -20.910127 1399.614705 -7.293 -7.293 0.000000 3.299313 0.000 0 0.000
30101.00 1289.84 100.138999 0.0000000000000000 0.000000 246.612502 -1204210.828228 30.353946 125.131504 -20.918523 1399.592315 -7.301 -7.301 0.000000 3.299044 0.000 0 0.000
30001.00 1289.64 100.138999 0.0000000000000000 0.000000 246.612502 -1204514.380115 30.356432 125.138179 -20.926941 1399.570654 -7.308 -7.308 0.000000 3.298774 0.000 0 0.000
29901.00 1289.43 100.138999 0.0000000000000000 0.000000 246.612502 -1204817.956906 30.358927 125.144865 -20.935384 1399.549736 -7.316 -7.316 0.000000 3.298503 0.000 0 0.000
29801.00 1289.23 100.138999 0.0000000000000000 0.000000 246.612502 -1205121.558688 30.361431 125.151561 -20.943849 1399.529574 -7.323 -7.323 0.000000 3.298231 0.000 0 0.000
29701.00 1289.03 100.138999 0.0000000000000000 0.000000 246.612502 -1205425.185550 30.363943 125.158269 -20.952339 1399.510182 -7.331 -7.331 0.000000 3.297958 0.000 0 0.000
29601.00 1288.82 100.138999 0.0000000000000000 0.000000 246.612502 -1205728.837582 30.366465 125.164988 -20.960853 1399.491574 -7.339 -7.339 0.000000 3.297684 0.000 0 0.000
29501.00 1288.62 100.138999 0.0000000000000000 0.000000 246.612502 -1206032.514877 30.368996 125.171718 -20.969392 1399.473766 -7.346 -7.346 0.000000 3.297409 0.000 0 0.000
29401.00 1288.41 100.138999 0.0000000000000000 0.000000 246.612502 -1206336.217529 30.371536 125.178461 -20.977957 1399.456772 -7.354 -7.354 0.000000 3.297133 0.000 0 0.000
29301.00 1288.20 100.138999 0.0000000000000000 0.000000 246.612502 -1206639.945631 30.374086 125.185215 -20.986547 1399.440608 -7.362 -7.362 0.000000 3.296856 0.000 0 0.000
29201.00 1288.00 100.138999 0.0000000000000000 0.000000 246.612502 -1206943.699283 30.376646 125.191982 -20.995164 1399.425290 -7.370 -7.370 0.000000 3.296579 0.000 0 0.000
29101.00 1287.79 100.138999 0.0000000000000000 0.000000 246.612502 -1207247.478582 30.379216 125.198761 -21.003807 1399.410834 -7.377 -7.377 0.000000 3.296300 0.000 0 0.000
29001.00 1287.59 100.138999 0.0000000000000000 0.000000 246.612502 -1207551.283629 30.381796 125.205554 -21.012478 1399.397257 -7.385 -7.385 0.000000 3.296020 0.000 0 0.000
28901.00 1287.38 100.138999 0.0000000000000000 0.000000 246.612502 -1207855.114527 30.384386 125.212360 -21.021176 1399.384577 -7.393 -7.393 0.000000 3.295739 0.000 0 0.000
28801.00 1287.17 100.138999 0.0000000000000000 0.000000 246.612502 -1208158.971379 30.386986 125.219180 -21.029903 1399.372810 -7.401 -7.401 0.000000 3.295457 0.000 0 0.000
28701.00 1286.97 100.138999 0.0000000000000000 0.000000 246.612502 -1208462.854292 30.389598 125.226014 -21.038658 1399.361976 -7.409 -7.409 0.000000 3.295174 0.000 0 0.000
28601.00 1286.76 100.138999 0.0000000000000000 0.000000 246.612502 -1208766.763374 30.392220 125.232862 -21.047442 1399.352093 -7.417 -7.417 0.000000 3.294889 0.000 0 0.000
28501.00 1286.55 100.138999 0.0000000000000000 0.000000 246.612502 -1209070.698736 30.394854 125.239725 -21.056257 1399.343179 -7.426 -7.426 0.000000 3.294604 0.000 0 0.000
28401.00 1286.34 100.138999 0.0000000000000000 0.000000 246.612502 -1209374.660489 30.397499 125.246602 -21.065101 1399.335255 -7.434 -7.434 0.000000 3.294317 0.000 0 0.000
28301.00 1286.14 100.138999 0.0000000000000000 0.000000 246.612502 -1209678.648748 30.400155 125.253496 -21.073977 1399.328340 -7.442 -7.442 0.000000 3.294029 0.000 0 0.000
28201.00 1285.93 100.138999 0.0000000000000000 0.000000 246.612502 -1209982.663630 30.402823 125.260405 -21.082885 1399.322456 -7.450 -7.450 0.000000 3.293740 0.000 0 0.000
28101.00 1285.72 100.138999 0.0000000000000000 0.000000 246.612502 -1210286.705253 30.405503 125.267330 -21.091824 1399.317623 -7.459 -7.459 0.000000 3.293450 0.000 0 0.000
28001.00 1285.51 100.138999 0.0000000000000000 0.000000 246.612502 -1210590.773739 30.408196 125.274272 -21.100796 1399.313864 -7.467 -7.467 0.000000 3.293158 0.000 0 0.000
27901.00 1285.30 100.138999 0.0000000000000000 0.000000 246.612502 -1210894.869211 30.410901 125.281231 -21.109802 1399.311200 -7.475 -7.475 0.000000 3.292865 0.000 0 0.000
27801.00 1285.09 100.138999 0.0000000000000000 0.000000 246.612502 -1211198.991795 30.413618 125.288208 -21.118842 1399.309655 -7.484 -7.484 0.000000 3.292571 0.000 0 0.000
27701.00 1284.88 100.138999 0.0000000000000000 0.000000 246.612502 -1211503.141620 30.416349 125.295202 -21.127916 1399.309252 -7.493 -7.493 0.000000 3.292275 0.000 0 0.000
27601.00 1284.67 100.138999 0.0000000000000000 0.000000 246.612502 -1211807.318816 30.419093 125.302215 -21.137026 1399.310016 -7.501 -7.501 0.000000 3.291979 0.000 0 0.000
27501.00 1284.46 100.138999 0.0000000000000000 0.000000 246.612502 -1212111.523518 30.421850 125.309247 -21.146172 1399.311971 -7.510 -7.510 0.000000 3.291680 0.000 0 0.000
27401.00 1284.25 100.138999 0.0000000000000000 0.000000 246.612502 -1212415.755861 30.424621 125.316298 -21.155355 1399.315144 -7.519 -7.519 0.000000 3.291380 0.000 0 0.000
27301.00 1284.04 100.138999 0.0000000000000000 0.000000 246.612502 -1212720.015985 30.427406 125.323368 -21.164576 1399.319560 -7.527 -7.527 0.000000 3.291079 0.000 0 0.000
27201.00 1283.83 100.138999 0.0000000000000000 0.000000 246.612502 -1213024.304032 30.430206 125.330459 -21.173834 1399.325246 -7.536 -7.536 0.000000 3.290776 0.000 0 0.000
27101.00 1283.62 100.138999 0.0000000000000000 0.000000 246.612502 -1213328.620146 30.433020 125.337571 -21.183132 1399.332230 -7.545 -7.545 0.000000 3.290472 0.000 0 0.000
27001.00 1283.40 100.138999 0.0000000000000000 0.000000 246.612502 -1213632.964476 30.435849 125.344704 -21.192470 1399.340542 -7.554 -7.554 0.000000 3.290166 0.000 0 0.000
26901.00 1283.19 100.138999 0.0000000000000000 0.000000 246.612502 -1213937.337172 30.438693 125.351859 -21.201849 1399.350210 -7.563 -7.563 0.000000 3.289859 0.000 0 0.000
26801.00 1282.98 100.138999 0.0000000000000000 0.000000 246.612502 -1214241.738389 30.441553 125.359036 -21.211270 1399.361264 -7.572 -7.572 0.000000 3.289550 0.000 0 0.000
26701.00 1282.77 100.138999 0.0000000000000000 0.000000 246.612502 -1214546.168284 30.444429 125.366236 -21.220733 1399.373735 -7.581 -7.581 0.000000 3.289239 0.000 0 0.000
26601.00 1282.55 100.138999 0.0000000000000000 0.000000 246.612502 -1214850.627018 30.447321 125.373460 -21.230239 1399.387656 -7.590 -7.590 0.000000 3.288926 0.000 0 0.000
26501.00 1282.34 100.138999 0.0000000000000000 0.000000 246.612502 -1215155.114755 30.450229 125.380708 -21.239790 1399.403059 -7.600 -7.600 0.000000 3.288612 0.000 0 0.000
26401.00 1282.12 100.138999 0.0000000000000000 0.000000 246.612502 -1215459.631663 30.453155 125.387981 -21.249386 1399.419979 -7.609 -7.609 0.000000 3.288296 0.000 0 0.000
26301.00 1281.91 100.138999 0.0000000000000000 0.000000 246.612502 -1215764.177913 30.456098 125.395279 -21.259028 1399.438449 -7.618 -7.618 0.000000 3.287979 0.000 0 0.000
26201.00 1281.70 100.138999 0.0000000000000000 0.000000 246.612502 -1216068.753681 30.459059 125.402604 -21.268717 1399.458505 -7.628 -7.628 0.000000 3.287659 0.000 0 0.000
26101.00 1281.48 100.138999 0.0000000000000000 0.000000 246.612502 -1216373.359145 30.462037 125.409955 -21.278455 1399.480185 -7.638 -7.638 0.000000 3.287338 0.000 0 0.000
26001.00 1281.26 100.138999 0.0000000000000000 0.000000 246.612502 -1216677.994489 30.465035 125.417334 -21.288242 1399.503526 -7.647 -7.647 0.000000 3.287014 0.000 0 0.000
25901.00 1281.05 100.138999 0.0000000000000000 0.000000 246.612502 -1216982.659899 30.468051 125.424741 -21.298079 1399.528567 -7.657 -7.657 0.000000 3.286689 0.000 0 0.000
25801.00 1280.83 100.138999 0.0000000000000000 0.000000 246.612502 -1217287.355567 30.471086 125.432177 -21.307968 1399.555349 -7.667 -7.667 0.000000 3.286361 0.000 0 0.000
25701.00 1280.61 100.138999 0.0000000000000000 0.000000 246.612502 -1217592.081688 30.474141 125.439643 -21.317910 1399.583912 -7.676 -7.676 0.000000 3.286032 0.000 0 0.000
25601.00 1280.40 100.138999 0.0000000000000000 0.000000 246.612502 -1217896.838462 30.477217 125.447140 -21.327905 1399.614300 -7.686 -7.686 0.000000 3.285700 0.000 0 0.000
25501.00 1280.18 100.138999 0.0000000000000000 0.000000 246.612502 -1218201.626095 30.480313 125.454667 -21.337956 1399.646556 -7.696 -7.696 0.000000 3.285366 0.000 0 0.000
25401.00 1279.96 100.138999 0.0000000000000000 0.000000 246.612502 -1218506.444794 30.483430 125.462227 -21.348063 1399.680725 -7.707 -7.707 0.000000 3.285031 0.000 0 0.000
25301.00 1279.74 100.138999 0.0000000000000000 0.000000 246.612502 -1218811.294775 30.486569 125.469821 -21.358227 1399.716854 -7.717 -7.717 0.000000 3.284692 0.000 0 0.000
25201.00 1279.52 100.138999 0.0000000000000000 0.000000 246.612502 -1219116.176257 30.489731 125.477448 -21.368450 1399.754991 -7.727 -7.727 0.000000 3.284352 0.000 0 0.000
25101.00 1279.30 100.138999 0.0000000000000000 0.000000 246.612502 -1219421.089463 30.492914 125.485110 -21.378734 1399.795185 -7.737 -7.737 0.000000 3.284009 0.000 0 0.000
25001.00 1279.08 100.138999 0.0000000000000000 0.000000 246.612502 -1219726.034624 30.496122 125.492807 -21.389080 1399.837488 -7.748 -7.748 0.000000 3.283663 0.000 0 0.000
24901.00 1278.86 100.138999 0.0000000000000000 0.000000 246.612502 -1220031.011974 30.499352 125.500542 -21.399488 1399.881952 -7.758 -7.758 0.000000 3.283316 0.000 0 0.000
24801.00 1278.64 100.138999 0.0000000000000000 0.000000 246.612502 -1220336.021755 30.502608 125.508315 -21.409962 1399.928631 -7.769 -7.769 0.000000 3.282965 0.000 0 0.000
24701.00 1278.42 100.138999 0.0000000000000000 0.000000 246.612502 -1220641.064212 30.505888 125.516126 -21.420501 1399.977582 -7.780 -7.780 0.000000 3.282612 0.000 0 0.000
24601.00 1278.20 100.138999 0.0000000000000000 0.000000 246.612502 -1220946.139599 30.509194 125.523977 -21.431109 1400.028862 -7.791 -7.791 0.000000 3.282256 0.000 0 0.000
24501.00 1277.97 100.138999 0.0000000000000000 0.000000 246.612502 -1221251.248175 30.512526 125.531870 -21.441785 1400.082532 -7.802 -7.802 0.000000 3.281898 0.000 0 0.000
24401.00 1277.75 100.138999 0.0000000000000000 0.000000 246.612502 -1221556.390204 30.515885 125.539805 -21.452533 1400.138652 -7.813 -7.813 0.000000 3.281537 0.000 0 0.000
24301.00 1277.53 100.138999 0.0000000000000000 0.000000 246.612502 -1221861.565958 30.519271 125.547783 -21.463354 1400.197287 -7.824 -7.824 0.000000 3.281173 0.000 0 0.000
24201.00 1277.30 100.138999 0.0000000000000000 0.000000 246.612502 -1222166.775716 30.522685 125.555806 -21.474250 1400.258503 -7.835 -7.835 0.000000 3.280806 0.000 0 0.000
24101.00 1277.08 100.138999 0.0000000000000000 0.000000 246.612502 -1222472.019764 30.526129 125.563875 -21.485223 1400.322367 -7.846 -7.846 0.000000 3.280436 0.000 0 0.000
24001.00 1276.85 100.138999 0.0000000000000000 0.000000 246.612502 -1222777.298395 30.529602 125.571991 -21.496274 1400.388950 -7.858 -7.858 0.000000 3.280062 0.000 0 0.000
23901.00 1276.62 100.138999 0.0000000000000000 0.000000 246.612502 -1223082.611909 30.533106 125.580156 -21.507405 1400.458325 -7.869 -7.869 0.000000 3.279686 0.000 0 0.000
23801.00 1276.40 100.138999 0.0000000000000000 0.000000 246.612502 -1223387.960615 30.536641 125.588371 -21.518619 1400.530568 -7.881 -7.881 0.000000 3.279306 0.000 0 0.000
23701.00 1276.17 100.138999 0.0000000000000000 0.000000 246.612502 -1223693.344828 30.540208 125.596637 -21.529918 1400.605756 -7.893 -7.893 0.000000 3.278923 0.000 0 0.000
23601.00 1275.94 100.138999 0.0000000000000000 0.000000 246.612502 -1223998.764875 30.543807 125.604956 -21.541304 1400.683971 -7.905 -7.905 0.000000 3.278537 0.000 0 0.000
23501.00 1275.71 100.138999 0.0000000000000000 0.000000 246.612502 -1224304.221088 30.547441 125.613331 -21.552780 1400.765296 -7.917 -7.917 0.000000 3.278147 0.000 0 0.000
23401.00 1275.48 100.138999 0.0000000000000000 0.000000 246.612502 -1224609.713810 30.551109 125.621761 -21.564347 1400.849818 -7.929 -7.929 0.000000 3.277753 0.000 0 0.000
23301.00 1275.25 100.138999 0.0000000000000000 0.000000 246.612502 -1224915.243392 30.554813 125.630249 -21.576008 1400.937626 -7.941 -7.941 0.000000 3.277356 0.000 0 0.000
23201.00 1275.02 100.138999 0.0000000000000000 0.000000 246.612502 -1225220.810197 30.558554 125.638797 -21.587766 1401.028815 -7.954 -7.954 0.000000 3.276955 0.000 0 0.000
23101.00 1274.79 100.138999 0.0000000000000000 0.000000 246.612502 -1225526.414594 30.562332 125.647407 -21.599623 1401.123480 -7.966 -7.966 0.000000 3.276550 0.000 0 0.000
23001.00 1274.55 100.138999 0.0000000000000000 0.000000 246.612502 -1225832.056967 30.566149 125.656080 -21.611583 1401.221723 -7.979 -7.979 0.000000 3.276141 0.000 0 0.000
22901.00 1274.32 100.138999 0.0000000000000000 0.000000 246.612502 -1226137.737708 30.570006 125.664818 -21.623647 1401.323648 -7.992 -7.992 0.000000 3.275727 0.000 0 0.000
22801.00 1274.08 100.138999 0.0000000000000000 0.000000 246.612502 -1226443.457219 30.573903 125.673624 -21.635820 1401.429363 -8.005 -8.005 0.000000 3.275310 0.000 0 0.000
22701.00 1273.85 100.138999 0.0000000000000000 0.000000 246.612502 -1226749.215918 30.577843 125.682499 -21.648103 1401.538980 -8.018 -8.018 0.000000 3.274888 0.000 0 0.000
22601.00 1273.61 100.138999 0.0000000000000000 0.000000 246.612502 -1227055.014230 30.581826 125.691446 -21.660501 1401.652616 -8.031 -8.031 0.000000 3.274461 0.000 0 0.000
22501.00 1273.37 100.138999 0.0000000000000000 0.000000 246.612502 -1227360.852596 30.585854 125.700468 -21.673016 1401.770394 -8.045 -8.045 0.000000 3.274030 0.000 0 0.000
22401.00 1273.14 100.138999 0.0000000000000000 0.000000 246.612502 -1227666.731470 30.589928 125.709565 -21.685653 1401.892439 -8.058 -8.058 0.000000 3.273594 0.000 0 0.000
22301.00 1272.90 100.138999 0.0000000000000000 0.000000 246.612502 -1227972.651316 30.594049 125.718742 -21.698414 1402.018884 -8.072 -8.072 0.000000 3.273153 0.000 0 0.000
22201.00 1272.66 100.138999 0.0000000000000000 0.000000 246.612502 -1228278.612617 30.598219 125.728001 -21.711303 1402.149865 -8.086 -8.086 0.000000 3.272707 0.000 0 0.000
22101.00 1272.42 100.138999 0.0000000000000000 0.000000 246.612502 -1228584.615867 30.602439 125.737343 -21.724325 1402.285525 -8.100 -8.100 0.000000 3.272255 0.000 0 0.000
22001.00 1272.17 100.138999 0.0000000000000000 0.000000 246.612502 -1228890.661578 30.606712 125.746773 -21.737484 1402.426013 -8.115 -8.115 0.000000 3.271799 0.000 0 0.000
21901.00 1271.93 100.138999 0.0000000000000000 0.000000 246.612502 -1229196.750276 30.611037 125.756293 -21.750783 1402.571485 -8.129 -8.129 0.000000 3.271336 0.000 0 0.000
21801.00 1271.69 100.138999 0.0000000000000000 0.000000 246.612502 -1229502.882504 30.615418 125.765906 -21.764227 1402.722101 -8.144 -8.144 0.000000 3.270868 0.000 0 0.000
21701.00 1271.44 100.138999 0.0000000000000000 0.000000 246.612502 -1229809.058824 30.619856 125.775616 -21.777821 1402.878031 -8.159 -8.159 0.000000 3.270394 0.000 0 0.000
21601.00 1271.19 100.138999 0.0000000000000000 0.000000 246.612502 -1230115.279814 30.624352 125.785425 -21.791569 1403.039452 -8.174 -8.174 0.000000 3.269914 0.000 0 0.000
21501.00 1270.94 100.138999 0.0000000000000000 0.000000 246.612502 -1230421.546073 30.628910 125.795338 -21.805477 1403.206546 -8.189 -8.189 0.000000 3.269427 0.000 0 0.000
21401.00 1270.70 100.138999 0.0000000000000000 0.000000 246.612502 -1230727.858218 30.633530 125.805357 -21.819550 1403.379506 -8.204 -8.204 0.000000 3.268934 0.000 0 0.000
21301.00 1270.45 100.138999 0.0000000000000000 0.000000 246.612502 -1231034.216887 30.638215 125.815487 -21.833794 1403.558533 -8.220 -8.220 0.000000 3.268435 0.000 0 0.000
21201.00 1270.19 100.138999 0.0000000000000000 0.000000 246.612502 -1231340.622741 30.642967 125.825733 -21.848213 1403.743837 -8.236 -8.236 0.000000 3.267928 0.000 0 0.000
21101.00 1269.94 100.138999 0.0000000000000000 0.000000 246.612502 -1231647.076463 30.647789 125.836097 -21.862815 1403.935638 -8.252 -8.252 0.000000 3.267413 0.000 0 0.000
21001.00 1269.69 100.138999 0.0000000000000000 0.000000 246.612502 -1231953.578759 30.652682 125.846584 -21.877605 1404.134165 -8.268 -8.268 0.000000 3.266892 0.000 0 0.000
20901.00 1269.43 100.138999 0.0000000000000000 0.000000 246.612502 -1232260.130361 30.657650 125.857200 -21.892590 1404.339659 -8.285 -8.285 0.000000 3.266362 0.000 0 0.000
20801.00 1269.17 100.138999 0.0000000000000000 0.000000 246.612502 -1232566.732026 30.662696 125.867949 -21.907778 1404.552372 -8.302 -8.302 0.000000 3.265825 0.000 0 0.000
20701.00 1268.91 100.138999 0.0000000000000000 0.000000 246.612502 -1232873.384538 30.667820 125.878835 -21.923174 1404.772568 -8.319 -8.319 0.000000 3.265279 0.000 0 0.000
20601.00 1268.65 100.138999 0.0000000000000000 0.000000 246.612502 -1233180.088710 30.673028 125.889865 -21.938788 1405.000524 -8.336 -8.336 0.000000 3.264725 0.000 0 0.000
20501.00 1268.39 100.138999 0.0000000000000000 0.000000 246.612502 -1233486.845386 30.678322 125.901044 -21.954626 1405.236529 -8.354 -8.354 0.000000 3.264162 0.000 0 0.000
20401.00 1268.12 100.138999 0.0000000000000000 0.000000 246.612502 -1233793.655440 30.683704 125.912378 -21.970698 1405.480888 -8.372 -8.372 0.000000 3.263589 0.000 0 0.000
20301.00 1267.86 100.138999 0.0000000000000000 0.000000 246.612502 -1234100.519780 30.689179 125.923872 -21.987011 1405.733920 -8.390 -8.390 0.000000 3.263007 0.000 0 0.000
20201.00 1267.59 100.138999 0.0000000000000000 0.000000 246.612502 -1234407.439347 30.694750 125.935534 -22.003576 1405.995960 -8.408 -8.408 0.000000 3.262415 0.000 0 0.000
20101.00 1267.32 100.138999 0.0000000000000000 0.000000 246.612502 -1234714.415121 30.700421 125.947370 -22.020402 1406.267359 -8.427 -8.427 0.000000 3.261812 0.000 0 0.000
20001.00 1267.05 100.138999 0.0000000000000000 0.000000 246.612502 -1235021.448117 30.706196 125.959388 -22.037499 1406.548489 -8.446 -8.446 0.000000 3.261198 0.000 0 0.000
19901.00 1266.77 100.138999 0.0000000000000000 0.000000 246.612502 -1235328.539393 30.712078 125.971594 -22.054877 1406.839736 -8.465 -8.465 0.000000 3.260574 0.000 0 0.000
19801.00 1266.50 100.138999 0.0000000000000000 0.000000 246.612502 -1235635.690047 30.718072 125.983998 -22.072549 1407.141510 -8.485 -8.485 0.000000 3.259938 0.000 0 0.000
19701.00 1266.22 100.138999 0.0000000000000000 0.000000 246.612502 -1235942.901224 30.724183 125.996606 -22.090526 1407.454239 -8.505 -8.505 0.000000 3.259289 0.000 0 0.000
19601.00 1265.94 100.138999 0.0000000000000000 0.000000 246.612502 -1236250.174113 30.730415 126.009429 -22.108820 1407.778375 -8.525 -8.525 0.000000 3.258628 0.000 0 0.000
19501.00 1265.66 100.138999 0.0000000000000000 0.000000 246.612502 -1236557.509954 30.736774 126.022474 -22.127445 1408.114394 -8.546 -8.546 0.000000 3.257954 0.000 0 0.000
19401.00 1265.37 100.138999 0.0000000000000000 0.000000 246.612502 -1236864.910039 30.743265 126.035753 -22.146414 1408.462794 -8.567 -8.567 0.000000 3.257266 0.000 0 0.000
19301.00 1265.08 100.138999 0.0000000000000000 0.000000 246.612502 -1237172.375714 30.749893 126.049275 -22.165742 1408.824103 -8.589 -8.589 0.000000 3.256564 0.000 0 0.000
19201.00 1264.79 100.138999 0.0000000000000000 0.000000 246.612502 -1237479.908381 30.756665 126.063051 -22.185445 1409.198876 -8.610 -8.610 0.000000 3.255847 0.000 0 0.000
19101.00 1264.50 100.138999 0.0000000000000000 0.000000 246.612502 -1237787.509506 30.763586 126.077092 -22.205538 1409.587695 -8.633 -8.633 0.000000 3.255115 0.000 0 0.000
19001.00 1264.20 100.138999 0.0000000000000000 0.000000 246.612502 -1238095.180616 30.770663 126.091411 -22.226039 1409.991176 -8.655 -8.655 0.000000 3.254366 0.000 0 0.000
18901.00 1263.90 100.138999 0.0000000000000000 0.000000 246.612502 -1238402.923308 30.777903 126.106020 -22.246966 1410.409968 -8.678 -8.678 0.000000 3.253600 0.000 0 0.000
18801.00 1263.60 100.138999 0.0000000000000000 0.000000 246.612502 -1238710.739247 30.785314 126.120933 -22.268338 1410.844753 -8.702 -8.702 0.000000 3.252817 0.000 0 0.000
18701.00 1263.29 100.138999 0.0000000000000000 0.000000 246.612502 -1239018.630176 30.792902 126.136163 -22.290174 1411.296251 -8.726 -8.726 0.000000 3.252016 0.000 0 0.000
18601.00 1262.99 100.138999 0.0000000000000000 0.000000 246.612502 -1239326.597864 30.800432 126.151298 -22.311821 1411.741761 -8.750 -8.750 0.000000 3.251221 0.000 0 0.000
18501.00 1262.81 100.138999 0.0000000000000000 0.000000 246.612502 -1239634.612499 30.802495 126.156869 -22.318371 1411.663162 -8.755 -8.755 0.000000 3.251003 0.000 0 0.000
18401.00 1262.63 100.138999 0.0000000000000000 0.000000 246.612502 -1239942.647761 30.804558 126.162439 -22.324921 1411.584562 -8.761 -8.761 0.000000 3.250785 0.000 0 0.000
18301.00 1262.45 100.138999 0.0000000000000000 0.000000 246.612502 -1240250.703662 30.806622 126.168007 -22.331471 1411.505964 -8.766 -8.766 0.000000 3.250567 0.000 0 0.000
18201.00 1262.27 100.138999 0.0000000000000000 0.000000 246.612502 -1240558.780212 30.808688 126.173574 -22.338022 1411.427365 -8.771 -8.771 0.000000 3.250349 0.000 0 0.000
18101.00 1262.09 100.138999 0.0000000000000000 0.000000 246.612502 -1240866.877420 30.810754 126.179138 -22.344574 1411.348767 -8.777 -8.777 0.000000 3.250131 0.000 0 0.000
18001.00 1261.91 100.138999 0.0000000000000000 0.000000 246.612502 -1241174.995299 30.812822 126.184701 -22.351126 1411.270169 -8.782 -8.782 0.000000 3.249913 0.000 0 0.000
17901.00 1261.73 100.138999 0.0000000000000000 0.000000 246.612502 -1241483.133858 30.814890 126.190262 -22.357679 1411.191570 -8.788 -8.788 0.000000 3.249695 0.000 0 0.000
17801.00 1261.55 100.138999 0.0000000000000000 0.000000 246.612502 -1241791.293108 30.816960 126.195821 -22.364232 1411.112971 -8.793 -8.793 0.000000 3.249477 0.000 0 0.000
17701.00 1261.37 100.138999 0.0000000000000000 0.000000 246.612502 -1242099.473059 30.819031 126.201378 -22.370786 1411.034372 -8.798 -8.798 0.000000 3.249259 0.000 0 0.000
17601.00 1261.19 100.138999 0.0000000000000000 0.000000 246.612502 -1242407.673722 30.821102 126.206933 -22.377340 1410.955772 -8.804 -8.804 0.000000 3.249040 0.000 0 0.000
17501.00 1261.01 100.138999 0.0000000000000000 0.000000 246.612502 -1242715.895107 30.823175 126.212486 -22.383895 1410.877170 -8.809 -8.809 0.000000 3.248822 0.000 0 0.000
17401.00 1260.83 100.138999 0.0000000000000000 0.000000 246.612502 -1243024.137226 30.825249 126.218038 -22.390451 1410.798568 -8.815 -8.815 0.000000 3.248603 0.000 0 0.000
17301.00 1260.65 100.138999 0.0000000000000000 0.000000 246.612502 -1243332.400088 30.827324 126.223588 -22.397007 1410.719965 -8.820 -8.820 0.000000 3.248384 0.000 0 0.000
17201.00 1260.47 100.138999 0.0000000000000000 0.000000 246.612502 -1243640.683705 30.829400 126.229136 -22.403563 1410.641360 -8.825 -8.825 0.000000 3.248166 0.000 0 0.000
17101.00 1260.29 100.138999 0.0000000000000000 0.000000 246.612502 -1243948.988087 30.831477 126.234682 -22.410120 1410.562753 -8.831 -8.831 0.000000 3.247947 0.000 0 0.000
17001.00 1260.11 100.138999 0.0000000000000000 0.000000 246.612502 -1244257.313245 30.833555 126.240226 -22.416678 1410.484145 -8.836 -8.836 0.000000 3.247728 0.000 0 0.000
16901.00 1259.93 100.138999 0.0000000000000000 0.000000 246.612502 -1244565.659189 30.835634 126.245769 -22.423237 1410.405534 -8.842 -8.842 0.000000 3.247509 0.000 0 0.000
16801.00 1259.75 100.138999 0.0000000000000000 0.000000 246.612502 -1244874.025930 30.837714 126.251310 -22.429795 1410.326922 -8.847 -8.847 0.000000 3.247290 0.000 0 0.000
16701.00 1259.57 100.138999 0.0000000000000000 0.000000 246.612502 -1245182.413480 30.839796 126.256849 -22.436355 1410.248307 -8.852 -8.852 0.000000 3.247071 0.000 0 0.000
16601.00 1259.39 100.138999 0.0000000000000000 0.000000 246.612502 -1245490.821848 30.841878 126.262386 -22.442915 1410.169689 -8.858 -8.858 0.000000 3.246852 0.000 0 0.000
16501.00 1259.21 100.138999 0.0000000000000000 0.000000 246.612502 -1245799.251046 30.843962 126.267921 -22.449476 1410.091069 -8.863 -8.863 0.000000 3.246632 0.000 0 0.000
16401.00 1259.03 100.138999 0.0000000000000000 0.000000 246.612502 -1246107.701084 30.846046 126.273454 -22.456037 1410.012446 -8.869 -8.869 0.000000 3.246413 0.000 0 0.000
16301.00 1258.85 100.138999 0.0000000000000000 0.000000 246.612502 -1246416.171973 30.848132 126.278986 -22.462599 1409.933819 -8.874 -8.874 0.000000 3.246193 0.000 0 0.000
16201.00 1258.67 100.138999 0.0000000000000000 0.000000 246.612502 -1246724.663724 30.850219 126.284515 -22.469161 1409.855190 -8.880 -8.880 0.000000 3.245974 0.000 0 0.000
16101.00 1258.49 100.138999 0.0000000000000000 0.000000 246.612502 -1247033.176348 30.852306 126.290043 -22.475724 1409.776557 -8.885 -8.885 0.000000 3.245754 0.000 0 0.000
16001.00 1258.31 100.138999 0.0000000000000000 0.000000 246.612502 -1247341.709856 30.854395 126.295569 -22.482287 1409.697920 -8.890 -8.890 0.000000 3.245534 0.000 0 0.000
15901.00 1258.13 100.138999 0.0000000000000000 0.000000 246.612502 -1247650.264258 30.856485 126.301093 -22.488852 1409.619279 -8.896 -8.896 0.000000 3.245314 0.000 0 0.000
15801.00 1257.95 100.138999 0.0000000000000000 0.000000 246.612502 -1247958.839566 30.858576 126.306616 -22.495416 1409.540634 -8.901 -8.901 0.000000 3.245095 0.000 0 0.000
15701.00 1257.77 100.138999 0.0000000000000000 0.000000 246.612502 -1248267.435791 30.860669 126.312136 -22.501981 1409.461984 -8.907 -8.907 0.000000 3.244875 0.000 0 0.000
15601.00 1257.60 100.138999 0.0000000000000000 0.000000 246.612502 -1248576.052943 30.862762 126.317655 -22.508547 1409.383330 -8.912 -8.912 0.000000 3.244654 0.000 0 0.000
15501.00 1257.42 100.138999 0.0000000000000000 0.000000 246.612502 -1248884.691034 30.864856 126.323171 -22.515114 1409.304672 -8.918 -8.918 0.000000 3.244434 0.000 0 0.000
15401.00 1257.24 100.138999 0.0000000000000000 0.000000 246.612502 -1249193.350074 30.866952 126.328686 -22.521681 1409.226008 -8.923 -8.923 0.000000 3.244214 0.000 0 0.000
15301.00 1257.06 100.138999 0.0000000000000000 0.000000 246.612502 -1249502.030075 30.869048 126.334199 -22.528248 1409.147339 -8.928 -8.928 0.000000 3.243994 0.000 0 0.000
15201.00 1256.88 100.138999 0.0000000000000000 0.000000 246.612502 -1249810.731048 30.871146 126.339711 -22.534817 1409.068665 -8.934 -8.934 0.000000 3.243773 0.000 0 0.000
15101.00 1256.70 100.138999 0.0000000000000000 0.000000 246.612502 -1250119.453003 30.873245 126.345220 -22.541385 1408.989986 -8.939 -8.939 0.000000 3.243553 0.000 0 0.000
15001.00 1256.52 100.138999 0.0000000000000000 0.000000 246.612502 -1250428.195952 30.875345 126.350728 -22.547955 1408.911300 -8.945 -8.945 0.000000 3.243332 0.000 0 0.000
14901.00 1256.34 100.138999 0.0000000000000000 0.000000 246.612502 -1250736.959906 30.877446 126.356233 -22.554525 1408.832609 -8.950 -8.950 0.000000 3.243111 0.000 0 0.000
14801.00 1256.16 100.138999 0.0000000000000000 0.000000 246.612502 -1251045.744876 30.879548 126.361737 -22.561095 1408.753911 -8.956 -8.956 0.000000 3.242891 0.000 0 0.000
14701.00 1255.98 100.138999 0.0000000000000000 0.000000 246.612502 -1251354.550874 30.881651 126.367239 -22.567666 1408.675207 -8.961 -8.961 0.000000 3.242670 0.000 0 0.000
14601.00 1255.80 100.138999 0.0000000000000000 0.000000 246.612502 -1251663.377910 30.883756 126.372739 -22.574238 1408.596496 -8.967 -8.967 0.000000 3.242449 0.000 0 0.000
14501.00 1255.62 100.138999 0.0000000000000000 0.000000 246.612502 -1251972.225996 30.885861 126.378238 -22.580810 1408.517778 -8.972 -8.972 0.000000 3.242228 0.000 0 0.000
14401.00 1255.44 100.138999 0.0000000000000000 0.000000 246.612502 -1252281.095142 30.887968 126.383734 -22.587383 1408.439053 -8.977 -8.977 0.000000 3.242007 0.000 0 0.000
14301.00 1255.26 100.138999 0.0000000000000000 0.000000 246.612502 -1252589.985361 30.890076 126.389229 -22.593957 1408.360321 -8.983 -8.983 0.000000 3.241785 0.000 0 0.000
14201.00 1255.08 100.138999 0.0000000000000000 0.000000 246.612502 -1252898.896664 30.892185 126.394722 -22.600531 1408.281581 -8.988 -8.988 0.000000 3.241564 0.000 0 0.000
14101.00 1254.90 100.138999 0.0000000000000000 0.000000 246.612502 -1253207.829061 30.894295 126.400212 -22.607106 1408.202833 -8.994 -8.994 0.000000 3.241343 0.000 0 0.000
14001.00 1254.72 100.138999 0.0000000000000000 0.000000 246.612502 -1253516.782565 30.896406 126.405701 -22.613681 1408.124078 -8.999 -8.999 0.000000 3.241121 0.000 0 0.000
13901.00 1254.54 100.138999 0.0000000000000000 0.000000 246.612502 -1253825.757186 30.898518 126.411189 -22.620257 1408.045314 -9.005 -9.005 0.000000 3.240900 0.000 0 0.000
13801.00 1254.36 100.138999 0.0000000000000000 0.000000 246.612502 -1254134.752937 30.900632 126.416674 -22.626834 1407.966541 -9.010 -9.010 0.000000 3.240678 0.000 0 0.000
13701.00 1254.18 100.138999 0.0000000000000000 0.000000 246.612502 -1254443.769827 30.902746 126.422157 -22.633411 1407.887760 -9.016 -9.016 0.000000 3.240456 0.000 0 0.000
13601.00 1254.00 100.138999 0.0000000000000000 0.000000 246.612502 -1254752.807870 30.904862 126.427639 -22.639989 1407.808969 -9.021 -9.021 0.000000 3.240234 0.000 0 0.000
13501.00 1253.82 100.138999 0.0000000000000000 0.000000 246.612502 -1255061.867075 30.906979 126.433119 -22.646567 1407.730170 -9.027 -9.027 0.000000 3.240013 0.000 0 0.000
13401.00 1253.64 100.138999 0.0000000000000000 0.000000 246.612502 -1255370.947456 30.909097 126.438596 -22.653146 1407.651361 -9.032 -9.032 0.000000 3.239790 0.000 0 0.000
13301.00 1253.46 100.138999 0.0000000000000000 0.000000 246.612502 -1255680.049023 30.911216 126.444072 -22.659726 1407.572542 -9.038 -9.038 0.000000 3.239568 0.000 0 0.000
13201.00 1253.28 100.138999 0.0000000000000000 0.000000 246.612502 -1255989.171788 30.913337 126.449547 -22.666306 1407.493713 -9.043 -9.043 0.000000 3.239346 0.000 0 0.000
13101.00 1253.10 100.138999 0.0000000000000000 0.000000 246.612502 -1256298.315762 30.915458 126.455019 -22.672887 1407.414874 -9.048 -9.048 0.000000 3.239124 0.000 0 0.000
13001.00 1252.92 100.138999 0.0000000000000000 0.000000 246.612502 -1256607.480957 30.917581 126.460489 -22.679468 1407.336024 -9.054 -9.054 0.000000 3.238901 0.000 0 0.000
12901.00 1252.74 100.138999 0.0000000000000000 0.000000 246.612502 -1256916.667385 30.919705 126.465958 -22.686051 1407.257164 -9.059 -9.059 0.000000 3.238679 0.000 0 0.000
12801.00 1252.56 100.138999 0.0000000000000000 0.000000 246.612502 -1257225.875058 30.921830 126.471424 -22.692633 1407.178293 -9.065 -9.065 0.000000 3.238456 0.000 0 0.000
12701.00 1252.38 100.138999 0.0000000000000000 0.000000 246.612502 -1257535.103986 30.923956 126.476889 -22.699217 1407.099410 -9.070 -9.070 0.000000 3.238234 0.000 0 0.000
12601.00 1252.20 100.138999 0.0000000000000000 0.000000 246.612502 -1257844.354182 30.926083 126.482352 -22.705801 1407.020516 -9.076 -9.076 0.000000 3.238011 0.000 0 0.000
12501.00 1252.03 100.138999 0.0000000000000000 0.000000 246.612502 -1258153.625657 30.928212 126.487813 -22.712385 1406.941609 -9.081 -9.081 0.000000 3.237788 0.000 0 0.000
12401.00 1251.85 100.138999 0.0000000000000000 0.000000 246.612502 -1258462.918424 30.930342 126.493272 -22.718970 1406.862691 -9.087 -9.087 0.000000 3.237565 0.000 0 0.000
12301.00 1251.67 100.138999 0.0000000000000000 0.000000 246.612502 -1258772.232494 30.932473 126.498729 -22.725556 1406.783760 -9.092 -9.092 0.000000 3.237342 0.000 0 0.000
12201.00 1251.49 100.138999 0.0000000000000000 0.000000 246.612502 -1259081.567879 30.934605 126.504184 -22.732143 1406.704817 -9.098 -9.098 0.000000 3.237119 0.000 0 0.000
12101.00 1251.31 100.138999 0.0000000000000000 0.000000 246.612502 -1259390.924590 30.936738 126.509638 -22.738730 1406.625861 -9.103 -9.103 0.000000 3.236896 0.000 0 0.000
12001.00 1251.13 100.138999 0.0000000000000000 0.000000 246.612502 -1259700.302640 30.938872 126.515089 -22.745318 1406.546891 -9.109 -9.109 0.000000 3.236673 0.000 0 0.000
11901.00 1250.95 100.138999 0.0000000000000000 0.000000 246.612502 -1260009.702040 30.941008 126.520539 -22.751906 1406.467908 -9.114 -9.114 0.000000 3.236449 0.000 0 0.000
11801.00 1250.77 100.138999 0.0000000000000000 0.000000 246.612502 -1260319.122803 30.943145 126.525987 -22.758495 1406.388911 -9.120 -9.120 0.000000 3.236226 0.000 0 0.000
11701.00 1250.59 100.138999 0.0000000000000000 0.000000 246.612502 -1260628.564941 30.945283 126.531432 -22.765085 1406.309900 -9.125 -9.125 0.000000 3.236002 0.000 0 0.000
11601.00 1250.41 100.138999 0.0000000000000000 0.000000 246.612502 -1260938.028464 30.947422 126.536876 -22.771675 1406.230875 -9.131 -9.131 0.000000 3.235778 0.000 0 0.000
11501.00 1250.17 100.138999 0.0001603830205522 0.000195 246.612502 -1261247.515561 30.950638 126.546213 -22.801704 1406.375298 -12.382 -12.382 2.660842 3.235554 2.496 0 0.000
11401.00 1249.84 100.138999 0.0005609457902993 0.000682 246.612502 -1261557.046063 30.955470 126.561370 -22.867047 1406.854022 -12.347 -12.347 2.660108 3.235329 2.508 0 0.000
11301.00 1249.51 100.138999 0.0009679612521394 0.001177 246.612502 -1261866.625134 30.960352 126.576665 -22.933645 1407.341121 -12.312 -12.312 2.659386 3.235105 2.520 0 0.000
11201.00 1249.17 100.138999 0.0013816886028908 0.001681 246.612502 -1262176.253285 30.965286 126.592105 -23.001541 1407.836790 -12.276 -12.276 2.658677 3.234880 2.532 0 0.000
11101.00 1248.84 100.138999 0.0018024005648763 0.002193 246.612502 -1262485.931041 30.970274 126.607697 -23.070784 1408.341237 -12.240 -12.240 2.657981 3.234655 2.544 0 0.000
11001.00 1248.50 100.138999 0.0022303842255173 0.002713 246.612502 -1262795.658947 30.975317 126.623449 -23.141423 1408.854679 -12.204 -12.204 2.657298 3.234430 2.555 0 0.000
10901.00 1248.16 100.138999 0.0026659419560153 0.003244 246.612502 -1263105.437566 30.980417 126.639367 -23.213509 1409.377349 -12.167 -12.167 2.656628 3.234206 2.567 0 0.000
10801.00 1247.83 100.138999 0.0031093923670542 0.003784 246.612502 -1263415.267483 30.985577 126.655460 -23.287098 1409.909492 -12.131 -12.131 2.655971 3.233981 2.578 0 0.000
10701.00 1247.48 100.138999 0.0035610713525943 0.004333 246.612502 -1263725.149303 30.990798 126.671736 -23.362245 1410.451370 -12.094 -12.094 2.655329 3.233756 2.590 0 0.000
10601.00 1247.14 100.138999 0.0040213331989349 0.004894 246.612502 -1264035.083654 30.996083 126.688204 -23.439013 1411.003260 -12.056 -12.056 2.654701 3.233531 2.601 0 0.000
10501.00 1246.79 100.138999 0.0044905517729258 0.005465 246.612502 -1264345.071186 31.001435 126.704875 -23.517465 1411.565455 -12.019 -12.019 2.654087 3.233306 2.613 0 0.000
10401.00 1246.45 100.138999 0.0049691217949460 0.006048 246.612502 -1264655.112575 31.006855 126.721757 -23.597667 1412.138266 -11.981 -11.981 2.653489 3.233081 2.624 0 0.000
10301.00 1246.10 100.138999 0.0054574602006485 0.006643 246.612502 -1264965.208524 31.012347 126.738862 -23.679691 1412.722027 -11.943 -11.943 2.652905 3.232857 2.635 0 0.000
10201.00 1245.74 100.138999 0.0059560075994991 0.007250 246.612502 -1265275.359763 31.017913 126.756201 -23.763611 1413.317088 -11.905 -11.905 2.652338 3.232632 2.646 0 0.000
10101.00 1245.39 100.138999 0.0064652298347706 0.007870 246.612502 -1265585.567050 31.023557 126.773786 -23.849506 1413.923823 -11.866 -11.866 2.651786 3.232407 2.657 0 0.000
10001.00 1245.03 100.138999 0.0069856196566428 0.008503 246.612502 -1265895.831176 31.029282 126.791630 -23.937461 1414.542631 -11.827 -11.827 2.651250 3.232182 2.668 0 0.000
9901.00 1244.67 100.138999 0.0075176985019737 0.009151 246.612502 -1266206.152963 31.035090 126.809745 -24.027561 1415.173933 -11.788 -11.788 2.650731 3.231957 2.678 0 0.000
9801.00 1244.31 100.138999 0.0080620184146519 0.009814 246.612502 -1266516.533269 31.040986 126.828146 -24.119902 1415.818180 -11.748 -11.748 2.650229 3.231732 2.689 0 0.000
9701.00 1243.94 100.138999 0.0086191640761052 0.010492 246.612502 -1266826.972987 31.046973 126.846849 -24.214582 1416.475848 -11.708 -11.708 2.649744 3.231507 2.699 0 0.000
9601.00 1243.57 100.138999 0.0091897549959944 0.011186 246.612502 -1267137.473050 31.053056 126.865869 -24.311704 1417.147447 -11.668 -11.668 2.649277 3.231281 2.710 0 0.000
9501.00 1243.19 100.138999 0.0097744478348885 0.011897 246.612502 -1267448.034432 31.059238 126.885223 -24.411380 1417.833518 -11.628 -11.628 2.648827 3.231056 2.720 0 0.000
9401.00 1242.82 100.138999 0.0103739388884580 0.012627 246.612502 -1267758.658149 31.065524 126.904929 -24.513727 1418.534637 -11.587 -11.587 2.648396 3.230831 2.730 0 0.000
9301.00 1242.44 100.101175 0.0106097312676786 0.012914 246.507133 -1267598.141925 31.057597 126.867316 -24.550554 1418.284234 -11.546 -11.546 2.647985 3.230606 2.740 0 0.000
9201.00 1242.06 100.039524 0.0106170930649791 0.012924 246.335492 -1267140.195908 31.040716 126.793609 -24.546006 1417.436487 -11.505 -11.505 2.647596 3.230380 2.750 0 0.000
9101.00 1241.67 99.977166 0.0106247354305853 0.012934 246.161996 -1266672.760893 31.023614 126.719001 -24.541278 1416.579172 -11.463 -11.463 2.647230 3.230155 2.760 0 0.000
9001.00 1241.29 99.914076 0.0106326735821645 0.012944 245.986573 -1266195.489440 31.006282 126.643457 -24.536361 1415.711966 -11.421 -11.421 2.646888 3.229929 2.770 0 0.000
8901.00 1240.90 99.850225 0.0106409237508800 0.012955 245.809147 -1265708.015477 30.988711 126.566943 -24.531251 1414.834526 -11.379 -11.379 2.646569 3.229703 2.779 0 0.000
8801.00 1240.51 99.785582 0.0106495032688999 0.012966 245.629640 -1265209.953071 30.970891 126.489421 -24.525939 1413.946493 -11.336 -11.336 2.646276 3.229477 2.788 0 0.000
8701.00 1240.12 99.720116 0.0106584306628676 0.012977 245.447968 -1264700.895103 30.952814 126.410851 -24.520419 1413.047489 -11.293 -11.293 2.646008 3.229251 2.797 0 0.000
8601.00 1239.73 99.653794 0.0106677257240861 0.012989 245.264044 -1264180.411826 30.934469 126.331192 -24.514684 1412.137116 -11.250 -11.250 2.645766 3.229024 2.806 0 0.000
8501.00 1239.33 99.586581 0.0106774096455071 0.013001 245.077773 -1263648.049336 30.915845 126.250399 -24.508725 1411.214954 -11.207 -11.207 2.645551 3.228798 2.815 0 0.000
8401.00 1238.93 99.518438 0.0106875051093266 0.013013 244.889059 -1263103.327892 30.896930 126.168426 -24.502535 1410.280561 -11.163 -11.163 2.645364 3.228571 2.824 0 0.000
8301.00 1238.53 99.449328 0.0106980364182703 0.013026 244.697796 -1262545.740119 30.877712 126.085224 -24.496106 1409.333469 -11.118 -11.118 2.645204 3.228344 2.832 0 0.000
8201.00 1238.13 99.379207 0.0107090296401749 0.013039 244.503876 -1261974.749068 30.858178 126.000741 -24.489428 1408.373187 -11.074 -11.074 2.645073 3.228117 2.840 0 0.000
8101.00 1237.72 99.308033 0.0107205127262313 0.013052 244.307181 -1261389.786094 30.838315 125.914921 -24.482493 1407.399193 -11.029 -11.029 2.644972 3.227889 2.848 0 0.000
8001.00 1237.32 99.235757 0.0107325157108260 0.013066 244.107589 -1260790.248607 30.818108 125.827706 -24.475292 1406.410935 -10.984 -10.984 2.644901 3.227662 2.856 0 0.000
7901.00 1236.90 99.162331 0.0107450708591458 0.013081 243.904968 -1260175.497575 30.797542 125.739034 -24.467814 1405.407831 -10.938 -10.938 2.644861 3.227434 2.863 0 0.000
7801.00 1236.49 99.087702 0.0107582128685837 0.013096 243.699181 -1259544.854866 30.776600 125.648839 -24.460050 1404.389262 -10.892 -10.892 2.644852 3.227206 2.870 0 0.000
7701.00 1236.07 99.011814 0.0107719791044637 0.013112 243.490080 -1258897.600346 30.755266 125.557050 -24.451989 1403.354574 -10.846 -10.846 2.644875 3.226977 2.877 0 0.000
7601.00 1235.65 98.934606 0.0107864097711964 0.013128 243.277509 -1258232.968701 30.733521 125.463595 -24.443620 1402.303072 -10.799 -10.799 2.644931 3.226749 2.884 0 0.000
7501.00 1235.23 98.856017 0.0108015482543416 0.013145 243.061301 -1257550.146070 30.711345 125.368393 -24.434932 1401.234017 -10.752 -10.752 2.645020 3.226520 2.890 0 0.000
7401.00 1234.80 98.775979 0.0108174413357616 0.013163 242.841280 -1256848.266268 30.688719 125.271361 -24.425913 1400.146625 -10.705 -10.705 2.645143 3.226291 2.897 0 0.000
7301.00 1234.36 98.694420 0.0108341395450576 0.013181 242.617257 -1256126.406762 30.665619 125.172409 -24.416551 1399.040062 -10.657 -10.657 2.645300 3.226061 2.903 0 0.000
7201.00 1233.93 98.611264 0.0108516974824376 0.013201 242.389033 -1255383.584245 30.642022 125.071440 -24.406833 1397.913440 -10.610 -10.610 2.645492 3.225832 2.908 0 0.000
7101.00 1233.48 98.526428 0.0108701742142328 0.013221 242.156392 -1254618.749832 30.617904 124.968355 -24.396746 1396.765812 -10.561 -10.561 2.645719 3.225602 2.914 0 0.000
7001.00 1233.04 98.439827 0.0108896336896665 0.013243 241.919107 -1253830.783802 30.593238 124.863043 -24.386277 1395.596169 -10.513 -10.513 2.645982 3.225371 2.919 0 0.000
6901.00 1232.59 98.351367 0.0109101452104693 0.013265 241.676935 -1253018.489858 30.567995 124.755388 -24.375411 1394.403434 -10.464 -10.464 2.646280 3.225141 2.924 0 0.000
6801.00 1232.13 98.260949 0.0109317839507115 0.013289 241.429615 -1252180.588854 30.542145 124.645267 -24.364134 1393.186456 -10.415 -10.415 2.646614 3.224910 2.929 0 0.000
6701.00 1231.67 98.168466 0.0109546315336640 0.013314 241.176868 -1251315.711918 30.515654 124.532545 -24.352430 1391.944004 -10.366 -10.366 2.646983 3.224678 2.933 0 0.000
6601.00 1231.20 98.073805 0.0109787766788226 0.013340 240.918396 -1250422.392928 30.488490 124.417082 -24.340284 1390.674760 -10.316 -10.316 2.647389 3.224446 2.937 0 0.000
6501.00 1230.72 97.976843 0.0110043158965706 0.013368 240.653880 -1249499.060242 30.460613 124.298723 -24.327680 1389.377313 -10.267 -10.267 2.647829 3.224214 2.941 0 0.000
6401.00 1230.24 97.877449 0.0110313543351253 0.013397 240.382977 -1248544.027645 30.431984 124.177306 -24.314602 1388.050149 -10.217 -10.217 2.648305 3.223981 2.944 0 0.000
6301.00 1229.75 97.775483 0.0110600066051494 0.013428 240.105320 -1247555.484337 30.402561 124.052654 -24.301030 1386.691642 -10.167 -10.167 2.648816 3.223748 2.948 0 0.000
6201.00 1229.26 97.670794 0.0110903978212381 0.013461 239.820514 -1246531.483993 30.372296 123.924579 -24.286949 1385.300046 -10.117 -10.117 2.649360 3.223515 2.951 0 0.000
6101.00 1228.75 97.563218 0.0111226646888527 0.013497 239.528134 -1245469.932651 30.341141 123.792877 -24.272339 1383.873483 -10.066 -10.066 2.649937 3.223280 2.953 0 0.000
6001.00 1228.24 97.452581 0.0111569567455203 0.013534 239.227724 -1244368.575389 30.309042 123.657329 -24.257181 1382.409929 -10.016 -10.016 2.650545 3.223046 2.956 0 0.000
5901.00 1227.72 97.338693 0.0111934377364160 0.013574 238.918790 -1243224.981615 30.275941 123.517699 -24.241456 1380.907203 -9.965 -9.965 2.651183 3.222810 2.958 0 0.000
5801.00 1227.18 97.221352 0.0112322871521397 0.013617 238.600804 -1242036.528837 30.241777 123.373733 -24.225142 1379.362952 -9.915 -9.915 2.651850 3.222574 2.960 0 0.000
5701.00 1226.64 97.100337 0.0112737019017461 0.013662 238.273190 -1240800.384737 30.206482 123.225157 -24.208221 1377.774635 -9.865 -9.865 2.652543 3.222338 2.962 0 0.000
5601.00 1226.09 96.975411 0.0113178982610969 0.013711 237.935332 -1239513.487420 30.169985 123.071672 -24.190668 1376.139503 -9.814 -9.814 2.653260 3.222100 2.964 0 0.000
5501.00 1225.52 96.846317 0.0113651138482140 0.013763 237.586560 -1238172.523534 30.132207 122.912959 -24.172463 1374.454581 -9.764 -9.764 2.653998 3.221862 2.965 0 0.000
5401.00 1224.95 96.712775 0.0114156099488958 0.013819 237.226149 -1236773.904286 30.093063 122.748669 -24.153581 1372.716644 -9.714 -9.714 2.654754 3.221624 2.967 0 0.000
5301.00 1224.36 96.574485 0.0114696739228647 0.013880 236.853316 -1235313.738961 30.052462 122.578424 -24.133999 1370.922198 -9.664 -9.664 2.655525 3.221384 2.968 0 0.000
5201.00 1223.75 96.431118 0.0115276217915737 0.013945 236.467209 -1233787.805932 30.010305 122.401818 -24.113692 1369.067445 -9.615 -9.615 2.656306 3.221143 2.969 0 0.000
5101.00 1223.13 96.282320 0.0115898009605956 0.014015 236.066907 -1232191.521007 29.966484 122.218404 -24.092634 1367.148262 -9.566 -9.566 2.657092 3.220902 2.970 0 0.000
5001.00 1222.49 96.127704 0.0116565929182001 0.014090 235.651408 -1230519.903033 29.920881 122.027702 -24.070796 1365.160164 -9.517 -9.517 2.657880 3.220659 2.971 0 0.000
4901.00 1221.84 95.966851 0.0117284158660953 0.014171 235.219623 -1228767.536906 29.873369 121.829187 -24.048151 1363.098273 -9.469 -9.469 2.658663 3.220416 2.972 0 0.000
4801.00 1221.17 95.799305 0.0118057270334168 0.014259 234.770371 -1226928.534189 29.823810 121.622290 -24.024668 1360.957275 -9.421 -9.421 2.659435 3.220171 2.973 0 0.000
4701.00 1220.47 95.624570 0.0118890243481897 0.014355 234.302369 -1224996.491861 29.772053 121.406392 -24.000312 1358.731388 -9.374 -9.374 2.660190 3.219925 2.975 0 0.000
4601.00 1219.75 95.442108 0.0119788471020816 0.014458 233.814223 -1222964.450167 29.717935 121.180820 -23.975050 1356.414316 -9.328 -9.328 2.660920 3.219678 2.976 0 0.000
4501.00 1219.01 95.251335 0.0120757748232695 0.014570 233.304421 -1220824.850951 29.661278 120.944842 -23.948839 1353.999205 -9.282 -9.282 2.661618 3.219430 2.978 0 0.000
4401.00 1218.25 95.051618 0.0121804236121772 0.014691 232.771327 -1218569.498876 29.601891 120.697667 -23.921637 1351.478606 -9.237 -9.237 2.662274 3.219180 2.980 0 0.000
4301.00 1217.45 94.842271 0.0122934385461542 0.014822 232.213173 -1216189.528802 29.539564 120.438437 -23.893391 1348.844432 -9.194 -9.194 2.662879 3.218928 2.982 0 0.000
4201.00 1216.63 94.622559 0.0124154805161423 0.014965 231.628058 -1213675.384311 29.474073 120.166228 -23.864040 1346.087927 -9.151 -9.151 2.663423 3.218675 2.985 0 0.000
4101.00 1215.77 94.391692 0.0125472052097349 0.015120 231.013945 -1211016.814271 29.405178 119.880046 -23.833512 1343.199644 -9.110 -9.110 2.663895 3.218421 2.988 0 0.000
4001.00 1214.88 94.148828 0.0126892313155557 0.015287 230.368669 -1208202.897036 29.332622 119.578832 -23.801718 1340.169439 -9.069 -9.069 2.664284 3.218164 2.992 0 0.000
3901.00 1213.96 93.893083 0.0128420945144246 0.015468 229.689953 -1205222.105247 29.256132 119.261467 -23.768545 1336.986504 -9.030 -9.030 2.664577 3.217906 2.997 0 0.000
3801.00 1212.99 93.623534 0.0130061830287193 0.015662 228.975430 -1202062.428021 29.175425 118.926780 -23.733853 1333.639425 -8.993 -8.993 2.664762 3.217646 3.003 0 0.000
3701.00 1211.98 93.339242 0.0131816509440337 0.015872 228.222690 -1198711.572029 29.090210 118.573569 -23.697460 1330.116318 -8.957 -8.957 2.664824 3.217384 3.009 0 0.000
3601.00 1210.92 93.039269 0.0133683060183050 0.016095 227.429338 -1195157.266791 29.000194 118.200626 -23.659135 1326.405037 -8.922 -8.922 2.664749 3.217119 3.017 0 0.000
3501.00 1209.82 92.722719 0.0135654716646914 0.016332 226.593091 -1191387.702539 28.905094 117.806782 -23.618585 1322.493500 -8.889 -8.889 2.664525 3.216853 3.025 0 0.000
3401.00 1208.67 92.388779 0.0137718279663086 0.016580 225.711891 -1187392.128104 28.804650 117.390956 -23.575436 1318.370160 -8.858 -8.858 2.664137 3.216586 3.035 0 0.000
3301.00 1207.47 92.036785 0.0139852452235304 0.016839 224.784072 -1183161.628936 28.698640 116.952235 -23.529228 1314.024649 -8.829 -8.829 2.663573 3.216316 3.047 0 0.000
3201.00 1206.22 91.666291 0.0142026352945347 0.017103 223.808547 -1178690.087578 28.586907 116.489960 -23.479408 1309.448633 -8.801 -8.801 2.662820 3.216045 3.059 0 0.000
3101.00 1204.91 91.277159 0.0144198593514083 0.017368 222.785035 -1173975.297466 28.469382 116.003841 -23.425333 1304.636855 -8.776 -8.776 2.661871 3.215772 3.074 0 0.000
3001.00 1203.56 90.869652 0.0146317399227776 0.017629 221.714295 -1169020.154626 28.346111 115.494069 -23.366295 1299.588355 -8.752 -8.752 2.660718 3.215499 3.089 0 0.000
2901.00 1202.16 90.444516 0.0148322240664767 0.017877 220.598353 -1163833.796500 28.217288 114.961437 -23.301568 1294.307747 -8.730 -8.730 2.659360 3.215225 3.107 0 0.000
2801.00 1200.73 90.003053 0.0150147242512750 0.018105 219.440674 -1158432.505949 28.083276 114.407433 -23.230469 1288.806391 -8.711 -8.711 2.657797 3.214950 3.125 0 0.000
2701.00 1199.25 89.547154 0.0151726230378054 0.018305 218.246247 -1152840.174496 27.944619 113.834302 -23.152451 1283.103245 -8.693 -8.693 2.656035 3.214677 3.146 0 0.000
2601.00 1197.75 89.079281 0.0152998750071802 0.018470 217.021539 -1147088.144868 27.802042 113.245037 -23.067186 1277.225139 -8.676 -8.676 2.654086 3.214405 3.167 0 0.000
2501.00 1196.24 88.602404 0.0153915959186545 0.018594 215.774313 -1141214.340782 27.656437 112.643307 -22.974638 1271.206305 -8.662 -8.662 2.651961 3.214134 3.190 0 0.000
2401.00 1194.71 88.119870 0.0154445174132199 0.018672 214.513307 -1135261.726984 27.508821 112.033312 -22.875110 1265.087127 -8.649 -8.649 2.649678 3.213866 3.214 0 0.000
2301.00 1193.19 87.635253 0.0154572168071936 0.018702 213.247816 -1129276.284654 27.360294 111.419587 -22.769233 1258.912218 -8.638 -8.638 2.647256 3.213600 3.239 0 0.000
2201.00 1191.68 87.152178 0.0154300942583056 0.018686 211.987246 -1123304.785192 27.211983 110.806776 -22.657931 1252.728128 -8.628 -8.628 2.644713 3.213338 3.264 0 0.000
2101.00 1190.19 86.674153 0.0153651366640812 0.018624 210.740689 -1117392.664961 27.064989 110.199415 -22.542337 1246.581010 -8.620 -8.620 2.642067 3.213080 3.290 0 0.000
2001.00 1188.73 86.204438 0.0152655515611247 0.018521 209.516564 -1111582.243962 26.920343 109.601753 -22.423712 1240.514570 -8.614 -8.614 2.639337 3.212826 3.317 0 0.000
1901.00 1187.30 85.745939 0.0151353639941168 0.018381 208.322367 -1105911.424214 26.778974 109.017607 -22.303356 1234.568490 -8.608 -8.608 2.636538 3.212576 3.343 0 0.000
1801.00 1185.92 85.301154 0.0149790498486215 0.018210 207.164519 -1100412.890679 26.641686 108.450282 -22.182538 1228.777408 -8.604 -8.604 2.633685 3.212330 3.370 0 0.000
1701.00 1184.58 84.872145 0.0148012465107021 0.018013 206.048298 -1095113.752674 26.509149 107.902527 -22.062446 1223.170401 -8.602 -8.602 2.630789 3.212088 3.396 0 0.000
1601.00 1183.30 84.460537 0.0146065500240110 0.017795 204.977849 -1090035.520166 26.381896 107.376534 -21.944158 1217.770871 -8.600 -8.600 2.627861 3.211850 3.423 0 0.000
1501.00 1182.07 84.067536 0.0143993859195552 0.017561 203.956227 -1085194.303712 26.260331 106.873954 -21.828624 1212.596702 -8.601 -8.601 2.624910 3.211616 3.449 0 0.000
1401.00 1180.89 83.693954 0.0141839305505434 0.017317 202.985471 -1080601.146110 26.144735 106.395927 -21.716664 1207.660581 -8.602 -8.602 2.621942 3.211386 3.475 0 0.000
1301.00 1179.77 83.340247 0.0139640592777826 0.017068 202.066692 -1076262.423847 26.035274 105.943129 -21.608967 1202.970401 -8.604 -8.604 2.618965 3.211159 3.500 0 0.000
1201.00 1178.71 83.006545 0.0137433039256880 0.016816 201.200158 -1072180.285629 25.932012 105.515811 -21.506093 1198.529696 -8.608 -8.608 2.615982 3.210934 3.525 0 0.000
1101.00 1177.69 82.692687 0.0135248108681941 0.016567 200.385401 -1068353.116582 25.834921 105.113845 -21.408474 1194.338105 -8.613 -8.613 2.612998 3.210713 3.550 0 0.000
1001.00 1176.74 82.398267 0.0133112999152111 0.016324 199.621307 -1064776.027385 25.743893 104.736773 -21.316423 1190.391847 -8.619 -8.619 2.610015 3.210494 3.574 0 0.000
901.00 1175.83 82.122666 0.0131050301598992 0.016089 198.906225 -1061441.368208 25.658750 104.383858 -21.230130 1186.684225 -8.626 -8.626 2.607036 3.210277 3.598 0 0.000
801.00 1174.97 81.865097 0.0129077807717877 0.015864 198.238074 -1058339.261248 25.579262 104.054138 -21.149678 1183.206149 -8.634 -8.634 2.604063 3.210062 3.621 0 0.000
701.00 1174.15 81.624646 0.0127208531723546 0.015651 197.614449 -1055458.137622 25.505152 103.746476 -21.075044 1179.946672 -8.643 -8.643 2.601098 3.209848 3.643 0 0.000
601.00 1173.38 81.400314 0.0125450965021058 0.015452 197.032727 -1052785.257972 25.436118 103.459614 -21.006117 1176.893522 -8.652 -8.652 2.598141 3.209635 3.665 0 0.000
501.00 1172.64 81.191050 0.0123809538016585 0.015267 196.490157 -1050307.194457 25.371836 103.192220 -20.942714 1174.033594 -8.663 -8.663 2.595193 3.209423 3.687 0 0.000
401.00 1171.95 80.995785 0.0122285228786250 0.015095 195.983949 -1048010.254790 25.311976 102.942934 -20.884594 1171.353402 -8.674 -8.674 2.592254 3.209213 3.708 0 0.000
301.00 1171.28 80.813461 0.0120876243645314 0.014937 195.511340 -1045880.835335 25.256209 102.710399 -20.831476 1168.839457 -8.686 -8.686 2.589325 3.209003 3.728 0 0.000
201.00 1170.65 80.643049 0.0119578698538959 0.014793 195.069649 -1043905.698047 25.204212 102.493296 -20.783054 1166.478562 -8.699 -8.699 2.586405 3.208793 3.748 0 0.000
101.00 1170.04 80.483565 0.0118387247239875 0.014661 194.656316 -1042072.173176 25.155679 102.290357 -20.739009 1164.258045 -8.712 -8.712 2.583495 3.208584 3.767 0 0.000
1.00 1169.46 80.334083 0.0117295619693695 0.014542 194.268929 -1040368.294946 25.110318 102.100385 -20.699115 1162.165265 -8.726 -8.726 2.580580 3.208375 3.786 0 0.000
