Title: Depleted MORB Mantle of Workmann & Hart 2005

Liquid Composition:
Pressure Temperature mass SiO2 TiO2 Al2O3 Fe2O3 Cr2O3 FeO MnO MgO NiO CaO Na2O 
44001.00 1390.49 0.000000 ---
43901.00 1390.29 0.000000 ---
43801.00 1390.08 0.000000 ---
43701.00 1389.87 0.000000 ---
43601.00 1389.66 0.000000 ---
43501.00 1389.45 0.000000 ---
43401.00 1389.25 0.000000 ---
43301.00 1389.04 0.000000 ---
43201.00 1388.83 0.000000 ---
43101.00 1388.62 0.000000 ---
43001.00 1388.41 0.000000 ---
42901.00 1388.21 0.000000 ---
42801.00 1388.00 0.000000 ---
42701.00 1387.79 0.000000 ---
42601.00 1387.58 0.000000 ---
42501.00 1387.37 0.000000 ---
42401.00 1387.16 0.000000 ---
42301.00 1386.96 0.000000 ---
42201.00 1386.75 0.000000 ---
42101.00 1386.54 0.000000 ---
42001.00 1386.33 0.000000 ---
41901.00 1386.12 0.000000 ---
41801.00 1385.91 0.000000 ---
41701.00 1385.71 0.000000 ---
41601.00 1385.50 0.000000 ---
41501.00 1385.29 0.000000 ---
41401.00 1385.08 0.000000 ---
41301.00 1384.87 0.000000 ---
41201.00 1384.66 0.000000 ---
41101.00 1384.45 0.000000 ---
41001.00 1384.24 0.000000 ---
40901.00 1384.03 0.000000 ---
40801.00 1383.83 0.000000 ---
40701.00 1383.62 0.000000 ---
40601.00 1383.41 0.000000 ---
40501.00 1383.20 0.000000 ---
40401.00 1382.99 0.000000 ---
40301.00 1382.78 0.000000 ---
40201.00 1382.57 0.000000 ---
40101.00 1382.36 0.000000 ---
40001.00 1382.15 0.000000 ---
39901.00 1381.94 0.000000 ---
39801.00 1381.73 0.000000 ---
39701.00 1381.52 0.000000 ---
39601.00 1381.31 0.000000 ---
39501.00 1381.10 0.000000 ---
39401.00 1380.89 0.000000 ---
39301.00 1380.68 0.000000 ---
39201.00 1380.47 0.000000 ---
39101.00 1380.26 0.000000 ---
39001.00 1380.05 0.000000 ---
38901.00 1379.84 0.000000 ---
38801.00 1379.63 0.000000 ---
38701.00 1379.42 0.000000 ---
38601.00 1379.21 0.000000 ---
38501.00 1379.00 0.000000 ---
38401.00 1378.79 0.000000 ---
38301.00 1378.58 0.000000 ---
38201.00 1378.37 0.000000 ---
38101.00 1378.16 0.000000 ---
38001.00 1377.95 0.000000 ---
37901.00 1377.74 0.000000 ---
37801.00 1377.53 0.000000 ---
37701.00 1377.32 0.000000 ---
37601.00 1377.10 0.000000 ---
37501.00 1376.89 0.000000 ---
37401.00 1376.68 0.000000 ---
37301.00 1376.47 0.000000 ---
37201.00 1376.26 0.000000 ---
37101.00 1376.05 0.000000 ---
37001.00 1375.84 0.000000 ---
36901.00 1375.63 0.000000 ---
36801.00 1375.41 0.000000 ---
36701.00 1375.20 0.000000 ---
36601.00 1374.99 0.000000 ---
36501.00 1374.78 0.000000 ---
36401.00 1374.57 0.000000 ---
36301.00 1374.35 0.000000 ---
36201.00 1374.14 0.000000 ---
36101.00 1373.93 0.000000 ---
36001.00 1373.72 0.000000 ---
35901.00 1373.50 0.000000 ---
35801.00 1373.29 0.000000 ---
35701.00 1373.08 0.000000 ---
35601.00 1372.87 0.000000 ---
35501.00 1372.65 0.000000 ---
35401.00 1372.44 0.000000 ---
35301.00 1372.23 0.000000 ---
35201.00 1372.01 0.000000 ---
35101.00 1371.80 0.000000 ---
35001.00 1371.59 0.000000 ---
34901.00 1371.37 0.000000 ---
34801.00 1371.16 0.000000 ---
34701.00 1370.94 0.000000 ---
34601.00 1370.73 0.000000 ---
34501.00 1370.52 0.000000 ---
34401.00 1370.30 0.000000 ---
34301.00 1370.09 0.000000 ---
34201.00 1369.87 0.000000 ---
34101.00 1369.66 0.000000 ---
34001.00 1369.44 0.000000 ---
33901.00 1369.23 0.000000 ---
33801.00 1369.01 0.000000 ---
33701.00 1368.80 0.000000 ---
33601.00 1368.58 0.000000 ---
33501.00 1368.37 0.000000 ---
33401.00 1368.15 0.000000 ---
33301.00 1367.93 0.000000 ---
33201.00 1367.72 0.000000 ---
33101.00 1367.50 0.000000 ---
33001.00 1367.29 0.000000 ---
32901.00 1367.07 0.000000 ---
32801.00 1366.85 0.000000 ---
32701.00 1366.64 0.000000 ---
32601.00 1366.42 0.000000 ---
32501.00 1366.20 0.000000 ---
32401.00 1365.98 0.000000 ---
32301.00 1365.77 0.000000 ---
32201.00 1365.55 0.000000 ---
32101.00 1365.33 0.000000 ---
32001.00 1365.11 0.000000 ---
31901.00 1364.89 0.000000 ---
31801.00 1364.68 0.000000 ---
31701.00 1364.46 0.000000 ---
31601.00 1364.24 0.000000 ---
31501.00 1364.02 0.000000 ---
31401.00 1363.80 0.000000 ---
31301.00 1363.58 0.000000 ---
31201.00 1363.36 0.000000 ---
31101.00 1363.14 0.000000 ---
31001.00 1362.92 0.000000 ---
30901.00 1362.70 0.000000 ---
30801.00 1362.48 0.000000 ---
30701.00 1362.26 0.000000 ---
30601.00 1362.04 0.000000 ---
30501.00 1361.82 0.000000 ---
30401.00 1361.59 0.000000 ---
30301.00 1361.37 0.000000 ---
30201.00 1361.15 0.000000 ---
30101.00 1360.93 0.000000 ---
30001.00 1360.71 0.000000 ---
29901.00 1360.48 0.000000 ---
29801.00 1360.26 0.000000 ---
29701.00 1360.04 0.000000 ---
29601.00 1359.81 0.000000 ---
29501.00 1359.59 0.000000 ---
29401.00 1359.36 0.000000 ---
29301.00 1359.14 0.000000 ---
29201.00 1358.92 0.000000 ---
29101.00 1358.69 0.000000 ---
29001.00 1358.46 0.000000 ---
28901.00 1358.24 0.000000 ---
28801.00 1358.01 0.000000 ---
28701.00 1357.79 0.000000 ---
28601.00 1357.56 0.000000 ---
28501.00 1357.33 0.000000 ---
28401.00 1357.10 0.000000 ---
28301.00 1356.88 0.000000 ---
28201.00 1356.65 0.000000 ---
28101.00 1356.42 0.000000 ---
28001.00 1356.19 0.000000 ---
27901.00 1355.96 0.000000 ---
27801.00 1355.73 0.000000 ---
27701.00 1355.50 0.000000 ---
27601.00 1355.27 0.000000 ---
27501.00 1355.04 0.000000 ---
27401.00 1354.81 0.000000 ---
27301.00 1354.58 0.000000 ---
27201.00 1354.34 0.000000 ---
27101.00 1354.11 0.000000 ---
27001.00 1353.88 0.000000 ---
26901.00 1353.65 0.000000 ---
26801.00 1353.41 0.000000 ---
26701.00 1353.18 0.000000 ---
26601.00 1352.94 0.000000 ---
26501.00 1352.71 0.000000 ---
26401.00 1352.47 0.000000 ---
26301.00 1352.23 0.000000 ---
26201.00 1352.00 0.000000 ---
26101.00 1351.76 0.000000 ---
26001.00 1351.52 0.000000 ---
25901.00 1351.28 0.000000 ---
25801.00 1351.04 0.000000 ---
25701.00 1350.80 0.000000 ---
25601.00 1350.56 0.000000 ---
25501.00 1350.32 0.000000 ---
25401.00 1350.08 0.000000 ---
25301.00 1349.83 0.000000 ---
25201.00 1349.59 0.000000 ---
25101.00 1349.35 0.000000 ---
25001.00 1349.10 0.000000 ---
24901.00 1348.86 0.000000 ---
24801.00 1348.61 0.000000 ---
24701.00 1348.36 0.000000 ---
24601.00 1348.12 0.000000 ---
24501.00 1347.87 0.000000 ---
24401.00 1347.62 0.000000 ---
24301.00 1347.37 0.000000 ---
24201.00 1347.12 0.000000 ---
24101.00 1346.86 0.000000 ---
24001.00 1346.61 0.000000 ---
23901.00 1346.36 0.000000 ---
23801.00 1346.10 0.000000 ---
23701.00 1345.85 0.000000 ---
23601.00 1345.59 0.000000 ---
23501.00 1345.33 0.000000 ---
23401.00 1345.07 0.000000 ---
23301.00 1344.81 0.000000 ---
23201.00 1344.55 0.000000 ---
23101.00 1344.29 0.000000 ---
23001.00 1344.03 0.000000 ---
22901.00 1343.76 0.000000 ---
22801.00 1343.50 0.000000 ---
22701.00 1343.23 0.000000 ---
22601.00 1342.96 0.000000 ---
22501.00 1342.69 0.000000 ---
22401.00 1342.42 0.000000 ---
22301.00 1342.15 0.000000 ---
22201.00 1341.87 0.000000 ---
22101.00 1341.60 0.000000 ---
22001.00 1341.32 0.000000 ---
21901.00 1341.04 0.000000 ---
21801.00 1340.76 0.000000 ---
21701.00 1340.48 0.000000 ---
21601.00 1340.19 0.000000 ---
21501.00 1339.90 0.000000 ---
21401.00 1339.62 0.000000 ---
21301.00 1339.32 0.000000 ---
21201.00 1339.03 0.000000 ---
21101.00 1338.74 0.000000 ---
21001.00 1338.44 0.000000 ---
20901.00 1338.14 0.000000 ---
20801.00 1337.84 0.000000 ---
20701.00 1337.53 0.000000 ---
20601.00 1337.22 0.000000 ---
20501.00 1336.91 0.000000 ---
20401.00 1336.60 0.000000 ---
20301.00 1336.28 0.000000 ---
20201.00 1335.96 0.000000 ---
20101.00 1335.64 0.000000 ---
20001.00 1335.31 0.000000 ---
19901.00 1335.08 0.000000 ---
19801.00 1334.88 0.000000 ---
19701.00 1334.69 0.000000 ---
19601.00 1334.49 0.000000 ---
19501.00 1334.30 0.000000 ---
19401.00 1334.10 0.000000 ---
19301.00 1333.91 0.000000 ---
19201.00 1333.72 0.000000 ---
19101.00 1333.52 0.000000 ---
19001.00 1333.33 0.000000 ---
18901.00 1333.13 0.000000 ---
18801.00 1332.94 0.000000 ---
18701.00 1332.74 0.000000 ---
18601.00 1332.55 0.000000 ---
18501.00 1332.35 0.000000 ---
18401.00 1332.16 0.000000 ---
18301.00 1331.96 0.000000 ---
18201.00 1331.77 0.000000 ---
18101.00 1331.58 0.000000 ---
18001.00 1331.38 0.000000 ---
17901.00 1331.19 0.000000 ---
17801.00 1330.99 0.000000 ---
17701.00 1330.80 0.000000 ---
17601.00 1330.60 0.000000 ---
17501.00 1330.41 0.000000 ---
17401.00 1330.21 0.000000 ---
17301.00 1330.02 0.000000 ---
17201.00 1329.82 0.000000 ---
17101.00 1329.63 0.000000 ---
17001.00 1329.43 0.000000 ---
16901.00 1329.24 0.000000 ---
16801.00 1329.04 0.000000 ---
16701.00 1328.85 0.000000 ---
16601.00 1328.65 0.000000 ---
16501.00 1328.46 0.000000 ---
16401.00 1328.26 0.000000 ---
16301.00 1328.07 0.000000 ---
16201.00 1327.87 0.000000 ---
16101.00 1327.68 0.000000 ---
16001.00 1327.48 0.000000 ---
15901.00 1327.29 0.000000 ---
15801.00 1327.09 0.000000 ---
15701.00 1326.90 0.000000 ---
15601.00 1326.70 0.000000 ---
15501.00 1326.50 0.000000 ---
15401.00 1326.31 0.000000 ---
15301.00 1326.11 0.000000 ---
15201.00 1325.92 0.000000 ---
15101.00 1325.60 0.029418 49.7706 0.746227 17.3228 0.115601 0.295876 5.85521 0.0223079 10.4856 0.0127259 4.86605 10.507
15001.00 1325.26 0.065567 49.8218 0.745316 17.3367 0.117026 0.291966 5.84502 0.0220494 10.4812 0.012574 4.91639 10.4099
14901.00 1324.92 0.102295 49.8726 0.744433 17.3504 0.118483 0.288076 5.83501 0.0217924 10.477 0.0124231 4.9674 10.3124
14801.00 1324.58 0.139622 49.9229 0.743577 17.3637 0.119974 0.284207 5.82518 0.021537 10.473 0.0122731 5.01911 10.2145
14701.00 1324.23 0.177569 49.9729 0.742748 17.3768 0.121498 0.280358 5.81553 0.021283 10.4692 0.0121241 5.07151 10.116
14601.00 1323.89 0.216160 50.0225 0.741947 17.3896 0.123058 0.276531 5.80605 0.0210304 10.4656 0.011976 5.12462 10.0171
14501.00 1323.54 0.255418 50.0716 0.741173 17.4021 0.124654 0.272726 5.79676 0.0207794 10.4622 0.0118288 5.17846 9.91778
14401.00 1323.19 0.295366 50.1202 0.740427 17.4143 0.126287 0.268943 5.78765 0.0205299 10.459 0.0116825 5.23301 9.81798
14301.00 1322.84 0.336031 50.1685 0.739709 17.4262 0.127958 0.265183 5.77872 0.0202819 10.4559 0.0115372 5.28831 9.71773
14201.00 1322.48 0.377440 50.2162 0.739019 17.4378 0.129669 0.261445 5.76997 0.0200354 10.4531 0.0113929 5.34435 9.61704
14101.00 1322.13 0.419620 50.2634 0.738356 17.449 0.131421 0.257731 5.76141 0.0197904 10.4505 0.0112494 5.40115 9.51591
14001.00 1321.77 0.462601 50.3102 0.737722 17.46 0.133214 0.254041 5.75303 0.0195469 10.4481 0.0111069 5.45872 9.41434
13901.00 1321.41 0.506413 50.3564 0.737115 17.4707 0.135051 0.250374 5.74484 0.0193049 10.4458 0.0109654 5.51706 9.31234
13801.00 1321.04 0.551089 50.4022 0.736536 17.481 0.136932 0.246733 5.73684 0.0190644 10.4438 0.0108247 5.57619 9.20991
13701.00 1320.68 0.596662 50.4474 0.735984 17.491 0.138858 0.243117 5.72902 0.0188254 10.442 0.0106851 5.63611 9.10707
13601.00 1320.31 0.643168 50.492 0.73546 17.5007 0.140832 0.239526 5.72139 0.018588 10.4403 0.0105463 5.69683 9.0038
13501.00 1319.94 0.690643 50.5361 0.734963 17.5101 0.142854 0.235961 5.71394 0.0183521 10.4388 0.0104085 5.75836 8.90013
13401.00 1319.57 0.739126 50.5797 0.734493 17.5191 0.144926 0.232423 5.70668 0.0181177 10.4375 0.0102717 5.82072 8.79606
13301.00 1319.19 0.788657 50.6226 0.73405 17.5279 0.147049 0.228912 5.6996 0.0178848 10.4364 0.0101358 5.8839 8.6916
13201.00 1318.81 0.839279 50.665 0.733633 17.5362 0.149224 0.225428 5.69271 0.0176535 10.4354 0.0100008 5.94791 8.58675
13101.00 1318.43 0.891037 50.7068 0.733242 17.5443 0.151454 0.221972 5.68599 0.0174237 10.4347 0.00986678 6.01276 8.48153
13001.00 1318.04 0.943977 50.748 0.732877 17.552 0.15374 0.218544 5.67946 0.0171954 10.4341 0.00973369 6.07846 8.37594
12901.00 1317.65 0.998147 50.7886 0.732537 17.5594 0.156083 0.215146 5.67311 0.0169687 10.4336 0.00960155 6.14502 8.27
12801.00 1317.26 1.053600 50.8285 0.732221 17.5664 0.158484 0.211777 5.66693 0.0167435 10.4333 0.00947035 6.21243 8.16372
12701.00 1316.86 1.056966 50.8677 0.731942 17.5731 0.160949 0.208425 5.66102 0.0165198 10.4333 0.00934012 6.28084 8.05691
12601.00 1316.47 1.057026 50.9061 0.731701 17.5794 0.163479 0.20509 5.6554 0.0162977 10.4335 0.00921086 6.35028 7.94954
12501.00 1316.07 1.057099 50.9437 0.731498 17.5854 0.166076 0.201772 5.65006 0.0160772 10.434 0.00908257 6.42076 7.84163
12401.00 1315.67 1.057186 50.9804 0.731334 17.591 0.168743 0.198471 5.64501 0.0158582 10.4348 0.00895524 6.49229 7.73318
12301.00 1315.27 1.057287 51.0163 0.73121 17.5962 0.171482 0.195189 5.64025 0.0156408 10.4358 0.00882889 6.56489 7.62419
12201.00 1314.86 1.057403 51.0513 0.731125 17.601 0.174295 0.191925 5.63579 0.015425 10.4371 0.00870349 6.63859 7.51467
12101.00 1314.46 1.057535 51.0855 0.73108 17.6055 0.177185 0.188679 5.63163 0.0152107 10.4387 0.00857907 6.71338 7.40461
12001.00 1314.05 1.057683 51.1187 0.731076 17.6096 0.180154 0.185453 5.62777 0.0149979 10.4405 0.0084556 6.7893 7.29402
11901.00 1313.64 1.057848 51.1509 0.731112 17.6133 0.183204 0.182247 5.62421 0.0147868 10.4426 0.00833309 6.86635 7.18291
11801.00 1313.22 1.058032 51.1822 0.73119 17.6166 0.186339 0.179061 5.62096 0.0145771 10.4449 0.00821155 6.94455 7.07128
11701.00 1312.81 1.058235 51.2126 0.731309 17.6196 0.189561 0.175895 5.61801 0.014369 10.4475 0.00809096 7.02392 6.95914
11601.00 1312.39 1.058458 51.242 0.73147 17.6221 0.192872 0.172751 5.61537 0.0141625 10.4504 0.00797133 7.10447 6.8465
11501.00 1311.97 1.058703 51.2703 0.731672 17.6242 0.196276 0.169628 5.61304 0.0139576 10.4535 0.00785266 7.1862 6.73336
11401.00 1311.55 1.058970 51.2976 0.731916 17.626 0.199775 0.166527 5.61102 0.0137541 10.4568 0.00773494 7.26915 6.61973
11301.00 1311.12 1.059260 51.3239 0.732203 17.6273 0.203373 0.163449 5.60932 0.0135523 10.4603 0.00761817 7.35331 6.50563
11201.00 1310.69 1.059575 51.3492 0.732531 17.6282 0.207071 0.160394 5.60792 0.013352 10.4641 0.00750236 7.4387 6.39106
11101.00 1310.26 1.059917 51.3733 0.732901 17.6287 0.210875 0.157363 5.60684 0.0131532 10.4681 0.00738749 7.52534 6.27603
11001.00 1309.83 1.060285 51.3964 0.733312 17.6288 0.214785 0.154356 5.60606 0.012956 10.4723 0.00727358 7.61322 6.16057
10901.00 1309.39 1.060683 51.4184 0.733764 17.6284 0.218807 0.151374 5.6056 0.0127603 10.4767 0.00716061 7.70237 6.04468
10801.00 1308.95 1.061111 51.4393 0.734258 17.6276 0.222942 0.148418 5.60544 0.0125662 10.4812 0.00704858 7.79279 5.92838
10701.00 1308.51 1.061572 51.4591 0.734791 17.6264 0.227194 0.145487 5.60558 0.0123736 10.486 0.0069375 7.88448 5.81168
10601.00 1308.06 1.062066 51.4777 0.735364 17.6248 0.231566 0.142584 5.60603 0.0121826 10.4908 0.00682737 7.97745 5.69461
10501.00 1307.61 1.062597 51.4952 0.735975 17.6228 0.236062 0.139708 5.60676 0.0119931 10.4959 0.00671818 8.07171 5.57718
10401.00 1307.15 1.063165 51.5116 0.736625 17.6203 0.240684 0.136859 5.60779 0.0118052 10.501 0.00660993 8.16725 5.45942
10301.00 1306.69 1.063774 51.5268 0.73731 17.6174 0.245436 0.13404 5.60911 0.0116188 10.5063 0.00650262 8.26408 5.34135
10201.00 1306.23 1.064425 51.5409 0.73803 17.6141 0.25032 0.13125 5.6107 0.011434 10.5117 0.00639626 8.3622 5.223
10101.00 1305.76 1.065121 51.5539 0.738784 17.6103 0.255341 0.128491 5.61255 0.0112507 10.5171 0.00629083 8.4616 5.10439
10001.00 1305.29 1.065864 51.5657 0.73957 17.6062 0.2605 0.125762 5.61467 0.011069 10.5226 0.00618635 8.56227 4.98555
9901.00 1304.81 1.066657 51.5764 0.740384 17.6015 0.265801 0.123065 5.61704 0.0108888 10.5281 0.00608281 8.66422 4.86651
9801.00 1304.33 1.067503 51.586 0.741226 17.5965 0.271247 0.1204 5.61964 0.0107102 10.5336 0.00598021 8.76741 4.74731
9701.00 1303.84 1.068405 51.5944 0.742091 17.5911 0.276839 0.117769 5.62246 0.0105332 10.5391 0.00587856 8.87185 4.62798
9601.00 1303.35 1.069366 51.6018 0.742978 17.5852 0.282581 0.115172 5.6255 0.0103577 10.5445 0.00577785 8.97752 4.50856
9501.00 1302.85 1.070391 51.6081 0.743883 17.5789 0.288475 0.112609 5.62872 0.0101838 10.5499 0.00567809 9.08439 4.38909
9401.00 1302.35 1.071483 51.6134 0.744801 17.5723 0.294522 0.110083 5.63212 0.0100115 10.5552 0.00557927 9.19244 4.26961
9301.00 1301.84 1.072645 51.6177 0.745729 17.5652 0.300724 0.107593 5.63566 0.0098408 10.5603 0.0054814 9.30164 4.15017
9201.00 1301.32 1.073882 51.621 0.746662 17.5577 0.307083 0.10514 5.63934 0.00967166 10.5652 0.00538449 9.41197 4.03082
9101.00 1300.80 1.075199 51.6233 0.747595 17.5499 0.313599 0.102727 5.64313 0.00950412 10.57 0.00528853 9.52338 3.91161
9001.00 1300.27 1.076601 51.6248 0.748522 17.5416 0.320273 0.100352 5.647 0.00933819 10.5745 0.00519353 9.63583 3.79258
8901.00 1299.73 1.078093 51.6254 0.749436 17.533 0.327106 0.0980176 5.65091 0.00917388 10.5787 0.0050995 9.74929 3.6738
8801.00 1299.18 1.079681 51.6252 0.750331 17.5241 0.334095 0.0957245 5.65486 0.0090112 10.5826 0.00500644 9.86369 3.55533
8701.00 1298.63 1.081370 51.6243 0.7512 17.5148 0.341242 0.0934737 5.65878 0.00885015 10.5862 0.00491434 9.979 3.43723
8601.00 1298.07 1.083167 51.6228 0.752034 17.5052 0.348543 0.091266 5.66267 0.00869076 10.5893 0.00482323 10.0951 3.31957
8501.00 1297.49 1.085079 51.6207 0.752823 17.4952 0.355996 0.0891025 5.66647 0.00853304 10.592 0.00473311 10.212 3.2024
8401.00 1296.91 1.087114 51.618 0.753559 17.4849 0.363599 0.0869842 5.67014 0.008377 10.5942 0.00464397 10.3296 3.08582
8301.00 1296.32 1.089279 51.615 0.754231 17.4744 0.371348 0.0849121 5.67364 0.00822266 10.5959 0.00455584 10.4479 2.96988
8201.00 1295.72 1.091582 51.6117 0.754826 17.4636 0.379237 0.0828873 5.67694 0.00807004 10.597 0.00446872 10.5666 2.85468
8101.00 1295.10 1.094033 51.6082 0.755333 17.4525 0.387262 0.0809108 5.67996 0.00791915 10.5974 0.00438261 10.6858 2.74028
8001.00 1294.48 1.096641 51.6047 0.755737 17.4412 0.395415 0.0789837 5.68267 0.00777002 10.5971 0.00429754 10.8054 2.62678
7901.00 1293.84 1.099416 51.6011 0.756026 17.4296 0.403689 0.077107 5.68501 0.00762267 10.5961 0.0042135 10.9252 2.51427
7801.00 1293.19 1.102369 51.5978 0.756182 17.4179 0.412075 0.0752819 5.68692 0.00747712 10.5943 0.00413051 11.0451 2.40283
7701.00 1292.53 1.105510 51.5948 0.756188 17.4059 0.420563 0.0735096 5.68834 0.00733341 10.5917 0.00404859 11.165 2.29257
7601.00 1291.85 1.108853 51.5924 0.756028 17.3938 0.429142 0.0717911 5.6892 0.00719155 10.5881 0.00396774 11.2848 2.18358
7501.00 1291.16 1.112408 51.5906 0.75568 17.3816 0.4378 0.0701277 5.68945 0.00705157 10.5836 0.00388799 11.4043 2.07597
7401.00 1290.45 1.116189 51.5896 0.755126 17.3691 0.446522 0.0685205 5.68899 0.00691351 10.5781 0.00380934 11.5234 1.96985
7301.00 1289.72 1.120210 51.5897 0.754342 17.3566 0.455294 0.0669709 5.68777 0.0067774 10.5715 0.00373181 11.642 1.86532
7201.00 1288.98 1.124482 51.5911 0.753306 17.344 0.464099 0.0654802 5.6857 0.00664328 10.5638 0.00365542 11.7598 1.7625
7101.00 1288.21 1.129020 51.5939 0.751992 17.3313 0.472919 0.0640498 5.68271 0.00651119 10.5549 0.0035802 11.8767 1.66151
7001.00 1287.43 1.133837 51.5984 0.750375 17.3185 0.481735 0.062681 5.67871 0.00638116 10.5448 0.00350615 11.9925 1.56248
6901.00 1286.63 1.138944 51.6049 0.748427 17.3056 0.490525 0.0613754 5.67361 0.00625324 10.5334 0.0034333 12.107 1.46553
6801.00 1285.80 1.144354 51.6136 0.74612 17.2927 0.499268 0.0601345 5.66732 0.00612747 10.5206 0.00336168 12.22 1.37079
6701.00 1284.95 1.150075 51.6248 0.743423 17.2797 0.50794 0.0589601 5.65976 0.00600391 10.5065 0.00329131 12.3312 1.27841
6601.00 1284.08 1.156115 51.6388 0.740307 17.2666 0.516516 0.0578539 5.65083 0.00588262 10.4909 0.00322222 12.4405 1.18852
6501.00 1283.17 1.162477 51.6559 0.73674 17.2535 0.524971 0.0568177 5.64044 0.00576364 10.4739 0.00315444 12.5476 1.10127
6401.00 1282.25 1.169159 51.6764 0.73269 17.2403 0.533276 0.0558536 5.6285 0.00564704 10.4553 0.00308799 12.6522 1.0168
6301.00 1281.29 1.176153 51.7006 0.728125 17.227 0.541405 0.0549635 5.6149 0.00553289 10.4351 0.00302292 12.7541 0.935265
6201.00 1280.31 1.183443 51.7288 0.723015 17.2136 0.549328 0.0541497 5.59957 0.00542125 10.4133 0.00295925 12.853 0.856812
6101.00 1279.29 1.191004 51.7615 0.71733 17.1999 0.557019 0.0534144 5.58241 0.00531221 10.3899 0.00289704 12.9487 0.781591
6001.00 1278.24 1.198798 51.7989 0.711042 17.1861 0.564448 0.0527599 5.56335 0.00520584 10.3648 0.00283631 13.0408 0.709746
5901.00 1277.16 1.206771 51.8414 0.704127 17.1719 0.571589 0.0521884 5.54231 0.00510223 10.338 0.00277712 13.1291 0.641419
5801.00 1276.04 1.214854 51.8893 0.696562 17.1574 0.578416 0.0517023 5.51923 0.00500146 10.3096 0.00271951 13.2133 0.57674
5701.00 1274.89 1.222958 51.9429 0.688333 17.1424 0.584904 0.0513037 5.49408 0.00490364 10.2794 0.00266353 13.2933 0.515827
5601.00 1273.71 1.230974 52.0026 0.679429 17.1268 0.591035 0.0509947 5.46682 0.00480886 10.2475 0.00260923 13.3686 0.458781
5501.00 1272.49 1.238772 52.0685 0.669849 17.1105 0.596789 0.0507768 5.43745 0.00471721 10.214 0.00255667 13.4392 0.405679
5401.00 1271.24 1.246202 52.1409 0.6596 17.0932 0.602156 0.0506515 5.40598 0.00462879 10.1789 0.0025059 13.5049 0.356572
5301.00 1269.96 1.253094 52.2199 0.648696 17.0749 0.607126 0.0506195 5.37248 0.00454371 10.1423 0.00245697 13.5655 0.311478
5201.00 1268.64 1.259270 52.3056 0.637164 17.0553 0.611699 0.0506808 5.33702 0.00446205 10.1042 0.00240993 13.621 0.270376
5101.00 1267.30 1.264541 52.3981 0.62504 17.0343 0.615876 0.0508347 5.29971 0.00438392 10.0648 0.00236484 13.6714 0.233207
5001.00 1265.93 1.268723 52.4973 0.61237 17.0115 0.619669 0.0510796 5.26069 0.00430938 10.0242 0.00232174 13.7167 0.19987
4901.00 1264.54 1.271646 52.6031 0.599209 16.9868 0.623092 0.0514128 5.22015 0.00423851 9.98245 0.00228067 13.7571 0.170221
4801.00 1263.13 1.273160 52.7152 0.58562 16.9599 0.626164 0.0518308 5.17827 0.00417138 9.93986 0.00224167 13.7927 0.144079
4701.00 1261.70 1.273147 52.8335 0.571672 16.9305 0.62891 0.0523289 5.13529 0.00410805 9.89655 0.00220477 13.8237 0.121228
4601.00 1260.27 1.271528 52.9575 0.557439 16.8985 0.631355 0.0529013 5.09143 0.00404854 9.85272 0.00216999 13.8505 0.101424
4501.00 1258.83 1.268266 53.087 0.542993 16.8635 0.633528 0.0535417 5.04695 0.00399291 9.80856 0.00213736 13.8734 0.0844055
4401.00 1257.40 1.263368 53.2215 0.528411 16.8254 0.635455 0.0542429 5.00207 0.00394116 9.76428 0.00210689 13.8927 0.0698988
4301.00 1255.97 1.256881 53.3606 0.513764 16.7839 0.637165 0.0549969 4.95705 0.00389331 9.72007 0.00207858 13.9088 0.057629
4201.00 1254.55 1.248886 53.504 0.49912 16.7389 0.638682 0.0557958 4.9121 0.00384937 9.67613 0.00205244 13.922 0.0473268
4101.00 1253.14 1.239494 53.6512 0.484544 16.6902 0.64003 0.0566311 4.86745 0.00380935 9.63263 0.00202848 13.9327 0.0387352
4001.00 1251.76 1.228837 53.8019 0.470094 16.6376 0.641226 0.0574945 4.82328 0.00377325 9.58975 0.00200668 13.9412 0.0316145
3901.00 1250.40 1.217059 53.9558 0.455823 16.581 0.642289 0.0583778 4.77977 0.00374106 9.54764 0.00198705 13.9479 0.025746
3801.00 1249.06 1.204313 54.1125 0.441778 16.5203 0.643231 0.0592729 4.73706 0.00371279 9.50645 0.00196959 13.9529 0.0209334
3701.00 1247.76 1.190755 54.2717 0.427999 16.4553 0.644064 0.0601722 4.69529 0.00368843 9.46631 0.00195429 13.9565 0.0170038
3601.00 1246.49 1.176538 54.4332 0.414522 16.3861 0.644795 0.0610684 4.65457 0.003668 9.42733 0.00194114 13.959 0.0138069
3501.00 1245.25 1.161810 54.5968 0.401378 16.3125 0.64543 0.061955 4.61498 0.00365149 9.38961 0.00193015 13.9605 0.011214
3401.00 1244.05 1.146716 54.7623 0.388591 16.2346 0.645975 0.0628257 4.5766 0.0036389 9.35325 0.00192132 13.9612 0.0091158
3301.00 1242.88 1.131391 54.9296 0.376182 16.1522 0.646434 0.0636751 4.53949 0.00363025 9.31832 0.00191463 13.9612 0.0074209
3201.00 1241.76 1.115965 55.0984 0.364167 16.0654 0.646808 0.0644981 4.5037 0.00362552 9.28489 0.00191008 13.9606 0.00605321
3101.00 1240.67 1.100557 55.2686 0.352557 15.9743 0.647102 0.0652905 4.46924 0.00362472 9.25301 0.00190767 13.9594 0.00495005
3001.00 1239.62 1.085278 55.4402 0.341359 15.8788 0.647316 0.0660485 4.43615 0.00362786 9.22273 0.00190739 13.9579 0.00406009
2901.00 1238.61 1.070229 55.6129 0.330577 15.7789 0.647455 0.0667692 4.40443 0.00363493 9.19409 0.00190924 13.9559 0.00334159
2801.00 1237.64 1.055501 55.7869 0.320209 15.6748 0.647519 0.0674501 4.37409 0.00364593 9.16711 0.0019132 13.9536 0.00276075
2701.00 1236.70 1.041173 55.9619 0.310253 15.5665 0.647512 0.0680893 4.34511 0.00366086 9.14182 0.00191928 13.951 0.00229034
2601.00 1235.80 1.027310 56.1378 0.300701 15.4541 0.647436 0.0686855 4.31748 0.00367971 9.11824 0.00192745 13.948 0.00190847
2501.00 1234.94 1.013968 56.3147 0.291543 15.3377 0.647293 0.069238 4.29119 0.0037025 9.09637 0.00193773 13.9448 0.00159761
2401.00 1234.11 1.001187 56.4925 0.282767 15.2173 0.647086 0.0697464 4.26622 0.00372922 9.07621 0.00195009 13.9412 0.00134377
2301.00 1233.56 0.927286 56.6952 0.275304 15.1356 0.649534 0.0706131 4.25294 0.00375277 9.11051 0.00196091 13.8034 0.0011949
2201.00 1233.13 0.895396 56.9099 0.26856 15.0706 0.65328 0.0716584 4.24488 0.00377534 9.16994 0.00197123 13.6043 0.0010896
2101.00 1232.71 0.893173 57.1259 0.262098 15.0029 0.657083 0.0727071 4.23718 0.00379992 9.2304 0.00198259 13.4049 0.000993962
2001.00 1232.28 0.891006 57.343 0.255901 14.9326 0.660933 0.0737581 4.22983 0.00382659 9.29184 0.00199503 13.2054 0.00090707
1901.00 1231.86 0.888888 57.5614 0.249952 14.8595 0.66482 0.07481 4.22282 0.00385545 9.3542 0.00200859 13.0059 0.000828088
1801.00 1231.45 0.886815 57.7808 0.244237 14.7834 0.668734 0.0758616 4.21617 0.00388659 9.41743 0.00202332 12.8067 0.000756269
1701.00 1231.03 0.884782 58.0014 0.238743 14.7044 0.672667 0.0769116 4.20987 0.0039201 9.48148 0.00203927 12.6079 0.000690943
1601.00 1230.62 0.882783 58.2231 0.233457 14.6222 0.676608 0.0779584 4.20392 0.00395609 9.5463 0.00205649 12.4098 0.000631504
1501.00 1230.22 0.880816 58.4458 0.228367 14.5369 0.680548 0.0790006 4.19833 0.00399467 9.61184 0.00207504 12.2126 0.000577407
1401.00 1229.81 0.878876 58.6697 0.223463 14.4482 0.684476 0.0800368 4.1931 0.00403597 9.67806 0.00209498 12.0164 0.000528159
1301.00 1229.41 0.876961 58.8945 0.218733 14.3561 0.688384 0.0810652 4.18823 0.00408012 9.74491 0.00211637 11.8214 0.000483315
1201.00 1229.01 0.875069 59.1203 0.214168 14.2606 0.692261 0.0820845 4.18374 0.00412725 9.81236 0.00213928 11.6278 0.000442471
1101.00 1228.61 0.873197 59.3471 0.209759 14.1614 0.696099 0.083093 4.17963 0.0041775 9.88037 0.00216379 11.4358 0.000405261
1001.00 1228.22 0.793828 59.5744 0.205444 14.0592 0.700044 0.0840814 4.17617 0.00423065 9.94962 0.00218977 11.2446 0
901.00 1227.82 0.869560 59.8031 0.20132 13.9526 0.703775 0.0850652 4.17284 0.00428767 10.0187 0.00221772 11.0561 0
801.00 1227.43 0.867744 60.0327 0.197327 13.8422 0.707441 0.0860337 4.16993 0.00434831 10.0882 0.00224751 10.8695 0
701.00 1227.04 0.865948 60.2631 0.193457 13.7279 0.711034 0.0869856 4.16745 0.00441278 10.1583 0.00227925 10.6851 0
601.00 1226.65 0.864173 60.4944 0.189704 13.6096 0.714548 0.0879196 4.16541 0.00448128 10.2288 0.00231303 10.5028 0
501.00 1226.27 0.862419 60.7266 0.18606 13.4873 0.717975 0.0888347 4.16382 0.00455402 10.2997 0.00234896 10.3228 0
401.00 1225.88 0.860688 60.9595 0.182519 13.3608 0.72131 0.0897296 4.16272 0.00463125 10.3712 0.00238717 10.1453 0
301.00 1225.50 0.858983 61.1932 0.179075 13.2301 0.724545 0.0906036 4.16211 0.00471323 10.4431 0.00242777 9.97011 0
201.00 1225.12 0.857305 61.4277 0.175723 13.0951 0.727677 0.0914558 4.16202 0.00480023 10.5156 0.00247092 9.79744 0
101.00 1224.74 0.855657 61.663 0.172455 12.9558 0.730701 0.0922856 4.16247 0.00489254 10.5886 0.00251676 9.62728 0
1.00 1224.37 0.854042 61.899 0.169269 12.8121 0.733612 0.0930924 4.16349 0.0049905 10.6623 0.00256545 9.45966 0