Title: Depleted MORB Mantle of Workmann & Hart 2005

System Thermodynamic Data:
Pressure Temperature mass F phi S H V Cp dVdP*10^6 dVdT*10^6 fO2(absolute) fO2(absolute) rhol rhos viscosity aH2O chisqr
44001.00 1390.49 100.138995 0.0000000000000000 0.000000 252.327818 -1152936.129047 30.171689 124.815969 -19.898116 1440.791141 -6.000 -6.000 0.000000 3.318972 0.000 0 0.000
43901.00 1390.29 100.138995 0.0000000000000000 0.000000 252.327818 -1153237.855608 30.173624 124.822654 -19.905195 1440.722606 -6.004 -6.004 0.000000 3.318759 0.000 0 0.000
43801.00 1390.08 100.138995 0.0000000000000000 0.000000 252.327818 -1153539.601536 30.175562 124.829340 -19.912279 1440.654235 -6.009 -6.009 0.000000 3.318546 0.000 0 0.000
43701.00 1389.87 100.138995 0.0000000000000000 0.000000 252.327818 -1153841.366852 30.177502 124.836026 -19.919369 1440.586029 -6.014 -6.014 0.000000 3.318333 0.000 0 0.000
43601.00 1389.66 100.138995 0.0000000000000000 0.000000 252.327818 -1154143.151582 30.179444 124.842713 -19.926463 1440.517988 -6.019 -6.019 0.000000 3.318119 0.000 0 0.000
43501.00 1389.45 100.138995 0.0000000000000000 0.000000 252.327818 -1154444.955749 30.181389 124.849400 -19.933563 1440.450116 -6.024 -6.024 0.000000 3.317905 0.000 0 0.000
43401.00 1389.25 100.138995 0.0000000000000000 0.000000 252.327818 -1154746.779377 30.183337 124.856088 -19.940669 1440.382412 -6.028 -6.028 0.000000 3.317691 0.000 0 0.000
43301.00 1389.04 100.138995 0.0000000000000000 0.000000 252.327818 -1155048.622491 30.185286 124.862776 -19.947780 1440.314879 -6.033 -6.033 0.000000 3.317477 0.000 0 0.000
43201.00 1388.83 100.138995 0.0000000000000000 0.000000 252.327818 -1155350.485114 30.187239 124.869465 -19.954896 1440.247517 -6.038 -6.038 0.000000 3.317263 0.000 0 0.000
43101.00 1388.62 100.138995 0.0000000000000000 0.000000 252.327818 -1155652.367271 30.189193 124.876154 -19.962018 1440.180329 -6.043 -6.043 0.000000 3.317048 0.000 0 0.000
43001.00 1388.41 100.138995 0.0000000000000000 0.000000 252.327818 -1155954.268987 30.191150 124.882844 -19.969145 1440.113317 -6.048 -6.048 0.000000 3.316833 0.000 0 0.000
42901.00 1388.21 100.138995 0.0000000000000000 0.000000 252.327818 -1156256.190287 30.193110 124.889534 -19.976278 1440.046480 -6.053 -6.053 0.000000 3.316617 0.000 0 0.000
42801.00 1388.00 100.138995 0.0000000000000000 0.000000 252.327818 -1156558.131195 30.195072 124.896226 -19.983417 1439.979822 -6.058 -6.058 0.000000 3.316402 0.000 0 0.000
42701.00 1387.79 100.138995 0.0000000000000000 0.000000 252.327818 -1156860.091738 30.197037 124.902918 -19.990562 1439.913344 -6.063 -6.063 0.000000 3.316186 0.000 0 0.000
42601.00 1387.58 100.138995 0.0000000000000000 0.000000 252.327818 -1157162.071939 30.199004 124.909610 -19.997712 1439.847046 -6.067 -6.067 0.000000 3.315970 0.000 0 0.000
42501.00 1387.37 100.138995 0.0000000000000000 0.000000 252.327818 -1157464.071826 30.200974 124.916304 -20.004868 1439.780932 -6.072 -6.072 0.000000 3.315754 0.000 0 0.000
42401.00 1387.16 100.138995 0.0000000000000000 0.000000 252.327818 -1157766.091422 30.202946 124.922998 -20.012030 1439.715002 -6.077 -6.077 0.000000 3.315537 0.000 0 0.000
42301.00 1386.96 100.138995 0.0000000000000000 0.000000 252.327818 -1158068.130756 30.204921 124.929693 -20.019198 1439.649259 -6.082 -6.082 0.000000 3.315321 0.000 0 0.000
42201.00 1386.75 100.138995 0.0000000000000000 0.000000 252.327818 -1158370.189851 30.206899 124.936389 -20.026372 1439.583704 -6.087 -6.087 0.000000 3.315103 0.000 0 0.000
42101.00 1386.54 100.138995 0.0000000000000000 0.000000 252.327818 -1158672.268736 30.208879 124.943085 -20.033552 1439.518338 -6.092 -6.092 0.000000 3.314886 0.000 0 0.000
42001.00 1386.33 100.138995 0.0000000000000000 0.000000 252.327818 -1158974.367436 30.210862 124.949783 -20.040738 1439.453164 -6.097 -6.097 0.000000 3.314669 0.000 0 0.000
41901.00 1386.12 100.138995 0.0000000000000000 0.000000 252.327818 -1159276.485978 30.212847 124.956481 -20.047931 1439.388184 -6.102 -6.102 0.000000 3.314451 0.000 0 0.000
41801.00 1385.91 100.138995 0.0000000000000000 0.000000 252.327818 -1159578.624388 30.214835 124.963181 -20.055129 1439.323398 -6.107 -6.107 0.000000 3.314233 0.000 0 0.000
41701.00 1385.71 100.138995 0.0000000000000000 0.000000 252.327818 -1159880.782695 30.216826 124.969881 -20.062334 1439.258809 -6.113 -6.113 0.000000 3.314014 0.000 0 0.000
41601.00 1385.50 100.138995 0.0000000000000000 0.000000 252.327818 -1160182.960925 30.218820 124.976582 -20.069545 1439.194419 -6.118 -6.118 0.000000 3.313796 0.000 0 0.000
41501.00 1385.29 100.138995 0.0000000000000000 0.000000 252.327818 -1160485.159105 30.220817 124.983285 -20.076763 1439.130230 -6.123 -6.123 0.000000 3.313577 0.000 0 0.000
41401.00 1385.08 100.138995 0.0000000000000000 0.000000 252.327818 -1160787.377264 30.222816 124.989988 -20.083987 1439.066243 -6.128 -6.128 0.000000 3.313358 0.000 0 0.000
41301.00 1384.87 100.138995 0.0000000000000000 0.000000 252.327818 -1161089.615429 30.224818 124.996693 -20.091218 1439.002461 -6.133 -6.133 0.000000 3.313138 0.000 0 0.000
41201.00 1384.66 100.138995 0.0000000000000000 0.000000 252.327818 -1161391.873629 30.226823 125.003398 -20.098456 1438.938885 -6.138 -6.138 0.000000 3.312918 0.000 0 0.000
41101.00 1384.45 100.138995 0.0000000000000000 0.000000 252.327818 -1161694.151891 30.228830 125.010105 -20.105700 1438.875518 -6.143 -6.143 0.000000 3.312698 0.000 0 0.000
41001.00 1384.24 100.138995 0.0000000000000000 0.000000 252.327818 -1161996.450245 30.230841 125.016813 -20.112951 1438.812361 -6.148 -6.148 0.000000 3.312478 0.000 0 0.000
40901.00 1384.03 100.138995 0.0000000000000000 0.000000 252.327818 -1162298.768718 30.232854 125.023522 -20.120208 1438.749417 -6.154 -6.154 0.000000 3.312257 0.000 0 0.000
40801.00 1383.83 100.138995 0.0000000000000000 0.000000 252.327818 -1162601.107341 30.234871 125.030233 -20.127473 1438.686688 -6.159 -6.159 0.000000 3.312036 0.000 0 0.000
40701.00 1383.62 100.138995 0.0000000000000000 0.000000 252.327818 -1162903.466142 30.236890 125.036945 -20.134745 1438.624175 -6.164 -6.164 0.000000 3.311815 0.000 0 0.000
40601.00 1383.41 100.138995 0.0000000000000000 0.000000 252.327818 -1163205.845151 30.238912 125.043658 -20.142023 1438.561882 -6.169 -6.169 0.000000 3.311594 0.000 0 0.000
40501.00 1383.20 100.138995 0.0000000000000000 0.000000 252.327818 -1163508.244398 30.240938 125.050373 -20.149309 1438.499810 -6.175 -6.175 0.000000 3.311372 0.000 0 0.000
40401.00 1382.99 100.138995 0.0000000000000000 0.000000 252.327818 -1163810.663912 30.242966 125.057088 -20.156602 1438.437961 -6.180 -6.180 0.000000 3.311150 0.000 0 0.000
40301.00 1382.78 100.138995 0.0000000000000000 0.000000 252.327818 -1164113.103724 30.244997 125.063806 -20.163902 1438.376337 -6.185 -6.185 0.000000 3.310928 0.000 0 0.000
40201.00 1382.57 100.138995 0.0000000000000000 0.000000 252.327818 -1164415.563864 30.247031 125.070525 -20.171209 1438.314942 -6.190 -6.190 0.000000 3.310705 0.000 0 0.000
40101.00 1382.36 100.138995 0.0000000000000000 0.000000 252.327818 -1164718.044363 30.249069 125.077245 -20.178524 1438.253777 -6.196 -6.196 0.000000 3.310482 0.000 0 0.000
40001.00 1382.15 100.138995 0.0000000000000000 0.000000 252.327818 -1165020.545252 30.251109 125.083967 -20.185846 1438.192845 -6.201 -6.201 0.000000 3.310259 0.000 0 0.000
39901.00 1381.94 100.138995 0.0000000000000000 0.000000 252.327818 -1165323.066562 30.253153 125.090691 -20.193176 1438.132147 -6.206 -6.206 0.000000 3.310035 0.000 0 0.000
39801.00 1381.73 100.138995 0.0000000000000000 0.000000 252.327818 -1165625.608325 30.255200 125.097416 -20.200514 1438.071688 -6.212 -6.212 0.000000 3.309811 0.000 0 0.000
39701.00 1381.52 100.138995 0.0000000000000000 0.000000 252.327818 -1165928.170572 30.257250 125.104143 -20.207859 1438.011468 -6.217 -6.217 0.000000 3.309587 0.000 0 0.000
39601.00 1381.31 100.138995 0.0000000000000000 0.000000 252.327818 -1166230.753336 30.259303 125.110872 -20.215212 1437.951491 -6.223 -6.223 0.000000 3.309362 0.000 0 0.000
39501.00 1381.10 100.138995 0.0000000000000000 0.000000 252.327818 -1166533.356648 30.261360 125.117602 -20.222573 1437.891758 -6.228 -6.228 0.000000 3.309137 0.000 0 0.000
39401.00 1380.89 100.138995 0.0000000000000000 0.000000 252.327818 -1166835.980542 30.263420 125.124334 -20.229942 1437.832274 -6.233 -6.233 0.000000 3.308912 0.000 0 0.000
39301.00 1380.68 100.138995 0.0000000000000000 0.000000 252.327818 -1167138.625050 30.265483 125.131068 -20.237319 1437.773040 -6.239 -6.239 0.000000 3.308687 0.000 0 0.000
39201.00 1380.47 100.138995 0.0000000000000000 0.000000 252.327818 -1167441.290206 30.267549 125.137804 -20.244704 1437.714059 -6.244 -6.244 0.000000 3.308461 0.000 0 0.000
39101.00 1380.26 100.138995 0.0000000000000000 0.000000 252.327818 -1167743.976042 30.269619 125.144542 -20.252097 1437.655333 -6.250 -6.250 0.000000 3.308234 0.000 0 0.000
39001.00 1380.05 100.138995 0.0000000000000000 0.000000 252.327818 -1168046.682594 30.271692 125.151282 -20.259498 1437.596866 -6.255 -6.255 0.000000 3.308008 0.000 0 0.000
38901.00 1379.84 100.138995 0.0000000000000000 0.000000 252.327818 -1168349.409894 30.273769 125.158024 -20.266908 1437.538661 -6.261 -6.261 0.000000 3.307781 0.000 0 0.000
38801.00 1379.63 100.138995 0.0000000000000000 0.000000 252.327818 -1168652.157977 30.275849 125.164768 -20.274327 1437.480720 -6.266 -6.266 0.000000 3.307554 0.000 0 0.000
38701.00 1379.42 100.138995 0.0000000000000000 0.000000 252.327818 -1168954.926879 30.277932 125.171515 -20.281754 1437.423045 -6.272 -6.272 0.000000 3.307326 0.000 0 0.000
38601.00 1379.21 100.138995 0.0000000000000000 0.000000 252.327818 -1169257.716633 30.280019 125.178263 -20.289189 1437.365641 -6.277 -6.277 0.000000 3.307098 0.000 0 0.000
38501.00 1379.00 100.138995 0.0000000000000000 0.000000 252.327818 -1169560.527276 30.282110 125.185014 -20.296634 1437.308511 -6.283 -6.283 0.000000 3.306870 0.000 0 0.000
38401.00 1378.79 100.138995 0.0000000000000000 0.000000 252.327818 -1169863.358842 30.284204 125.191767 -20.304087 1437.251656 -6.289 -6.289 0.000000 3.306641 0.000 0 0.000
38301.00 1378.58 100.138995 0.0000000000000000 0.000000 252.327818 -1170166.211369 30.286302 125.198522 -20.311550 1437.195081 -6.294 -6.294 0.000000 3.306412 0.000 0 0.000
38201.00 1378.37 100.138995 0.0000000000000000 0.000000 252.327818 -1170469.084893 30.288403 125.205280 -20.319021 1437.138788 -6.300 -6.300 0.000000 3.306183 0.000 0 0.000
38101.00 1378.16 100.138995 0.0000000000000000 0.000000 252.327818 -1170771.979449 30.290509 125.212040 -20.326501 1437.082781 -6.306 -6.306 0.000000 3.305953 0.000 0 0.000
38001.00 1377.95 100.138995 0.0000000000000000 0.000000 252.327818 -1171074.895076 30.292617 125.218803 -20.333991 1437.027063 -6.311 -6.311 0.000000 3.305723 0.000 0 0.000
37901.00 1377.74 100.138995 0.0000000000000000 0.000000 252.327818 -1171377.831810 30.294730 125.225568 -20.341490 1436.971638 -6.317 -6.317 0.000000 3.305492 0.000 0 0.000
37801.00 1377.53 100.138995 0.0000000000000000 0.000000 252.327818 -1171680.789691 30.296847 125.232336 -20.348999 1436.916508 -6.323 -6.323 0.000000 3.305261 0.000 0 0.000
37701.00 1377.32 100.138995 0.0000000000000000 0.000000 252.327818 -1171983.768754 30.298967 125.239107 -20.356517 1436.861677 -6.328 -6.328 0.000000 3.305030 0.000 0 0.000
37601.00 1377.10 100.138995 0.0000000000000000 0.000000 252.327818 -1172286.769041 30.301091 125.245881 -20.364045 1436.807150 -6.334 -6.334 0.000000 3.304798 0.000 0 0.000
37501.00 1376.89 100.138995 0.0000000000000000 0.000000 252.327818 -1172589.790588 30.303219 125.252657 -20.371583 1436.752929 -6.340 -6.340 0.000000 3.304566 0.000 0 0.000
37401.00 1376.68 100.138995 0.0000000000000000 0.000000 252.327818 -1172892.833436 30.305351 125.259436 -20.379131 1436.699017 -6.346 -6.346 0.000000 3.304334 0.000 0 0.000
37301.00 1376.47 100.138995 0.0000000000000000 0.000000 252.327818 -1173195.897625 30.307487 125.266218 -20.386689 1436.645420 -6.352 -6.352 0.000000 3.304101 0.000 0 0.000
37201.00 1376.26 100.138995 0.0000000000000000 0.000000 252.327818 -1173498.983194 30.309627 125.273003 -20.394257 1436.592140 -6.357 -6.357 0.000000 3.303868 0.000 0 0.000
37101.00 1376.05 100.138995 0.0000000000000000 0.000000 252.327818 -1173802.090184 30.311771 125.279791 -20.401835 1436.539181 -6.363 -6.363 0.000000 3.303634 0.000 0 0.000
37001.00 1375.84 100.138995 0.0000000000000000 0.000000 252.327818 -1174105.218636 30.313920 125.286583 -20.409424 1436.486548 -6.369 -6.369 0.000000 3.303400 0.000 0 0.000
36901.00 1375.63 100.138995 0.0000000000000000 0.000000 252.327818 -1174408.368592 30.316072 125.293377 -20.417023 1436.434244 -6.375 -6.375 0.000000 3.303165 0.000 0 0.000
36801.00 1375.41 100.138995 0.0000000000000000 0.000000 252.327818 -1174711.540093 30.318229 125.300175 -20.424633 1436.382274 -6.381 -6.381 0.000000 3.302930 0.000 0 0.000
36701.00 1375.20 100.138995 0.0000000000000000 0.000000 252.327818 -1175014.733182 30.320390 125.306976 -20.432253 1436.330641 -6.387 -6.387 0.000000 3.302695 0.000 0 0.000
36601.00 1374.99 100.138995 0.0000000000000000 0.000000 252.327818 -1175317.947901 30.322555 125.313781 -20.439885 1436.279349 -6.393 -6.393 0.000000 3.302459 0.000 0 0.000
36501.00 1374.78 100.138995 0.0000000000000000 0.000000 252.327818 -1175621.184294 30.324724 125.320589 -20.447527 1436.228404 -6.399 -6.399 0.000000 3.302223 0.000 0 0.000
36401.00 1374.57 100.138995 0.0000000000000000 0.000000 252.327818 -1175924.442405 30.326898 125.327401 -20.455181 1436.177810 -6.405 -6.405 0.000000 3.301986 0.000 0 0.000
36301.00 1374.35 100.138995 0.0000000000000000 0.000000 252.327818 -1176227.722277 30.329077 125.334216 -20.462846 1436.127570 -6.411 -6.411 0.000000 3.301749 0.000 0 0.000
36201.00 1374.14 100.138995 0.0000000000000000 0.000000 252.327818 -1176531.023955 30.331260 125.341035 -20.470523 1436.077690 -6.417 -6.417 0.000000 3.301511 0.000 0 0.000
36101.00 1373.93 100.138995 0.0000000000000000 0.000000 252.327818 -1176834.347485 30.333447 125.347858 -20.478211 1436.028173 -6.423 -6.423 0.000000 3.301273 0.000 0 0.000
36001.00 1373.72 100.138995 0.0000000000000000 0.000000 252.327818 -1177137.692911 30.335639 125.354685 -20.485911 1435.979026 -6.429 -6.429 0.000000 3.301035 0.000 0 0.000
35901.00 1373.50 100.138995 0.0000000000000000 0.000000 252.327818 -1177441.060281 30.337836 125.361516 -20.493623 1435.930252 -6.435 -6.435 0.000000 3.300796 0.000 0 0.000
35801.00 1373.29 100.138995 0.0000000000000000 0.000000 252.327818 -1177744.449641 30.340037 125.368350 -20.501347 1435.881857 -6.441 -6.441 0.000000 3.300556 0.000 0 0.000
35701.00 1373.08 100.138995 0.0000000000000000 0.000000 252.327818 -1178047.861039 30.342243 125.375189 -20.509083 1435.833846 -6.448 -6.448 0.000000 3.300316 0.000 0 0.000
35601.00 1372.87 100.138995 0.0000000000000000 0.000000 252.327818 -1178351.294521 30.344454 125.382033 -20.516831 1435.786223 -6.454 -6.454 0.000000 3.300076 0.000 0 0.000
35501.00 1372.65 100.138995 0.0000000000000000 0.000000 252.327818 -1178654.750137 30.346670 125.388880 -20.524592 1435.738994 -6.460 -6.460 0.000000 3.299835 0.000 0 0.000
35401.00 1372.44 100.138995 0.0000000000000000 0.000000 252.327818 -1178958.227934 30.348891 125.395732 -20.532366 1435.692164 -6.466 -6.466 0.000000 3.299593 0.000 0 0.000
35301.00 1372.23 100.138995 0.0000000000000000 0.000000 252.327818 -1179261.727964 30.351116 125.402589 -20.540152 1435.645739 -6.472 -6.472 0.000000 3.299351 0.000 0 0.000
35201.00 1372.01 100.138995 0.0000000000000000 0.000000 252.327818 -1179565.250276 30.353347 125.409450 -20.547952 1435.599724 -6.479 -6.479 0.000000 3.299109 0.000 0 0.000
35101.00 1371.80 100.138995 0.0000000000000000 0.000000 252.327818 -1179868.794920 30.355583 125.416316 -20.555764 1435.554125 -6.485 -6.485 0.000000 3.298866 0.000 0 0.000
35001.00 1371.59 100.138995 0.0000000000000000 0.000000 252.327818 -1180172.361948 30.357824 125.423187 -20.563590 1435.508948 -6.491 -6.491 0.000000 3.298622 0.000 0 0.000
34901.00 1371.37 100.138995 0.0000000000000000 0.000000 252.327818 -1180475.951412 30.360070 125.430062 -20.571430 1435.464197 -6.498 -6.498 0.000000 3.298378 0.000 0 0.000
34801.00 1371.16 100.138995 0.0000000000000000 0.000000 252.327818 -1180779.563364 30.362321 125.436943 -20.579283 1435.419881 -6.504 -6.504 0.000000 3.298134 0.000 0 0.000
34701.00 1370.94 100.138995 0.0000000000000000 0.000000 252.327818 -1181083.197858 30.364578 125.443829 -20.587150 1435.376003 -6.511 -6.511 0.000000 3.297889 0.000 0 0.000
34601.00 1370.73 100.138995 0.0000000000000000 0.000000 252.327818 -1181386.854948 30.366841 125.450720 -20.595031 1435.332572 -6.517 -6.517 0.000000 3.297643 0.000 0 0.000
34501.00 1370.52 100.138995 0.0000000000000000 0.000000 252.327818 -1181690.534687 30.369108 125.457617 -20.602927 1435.289592 -6.523 -6.523 0.000000 3.297397 0.000 0 0.000
34401.00 1370.30 100.138995 0.0000000000000000 0.000000 252.327818 -1181994.237132 30.371382 125.464518 -20.610837 1435.247071 -6.530 -6.530 0.000000 3.297150 0.000 0 0.000
34301.00 1370.09 100.138995 0.0000000000000000 0.000000 252.327818 -1182297.962338 30.373661 125.471426 -20.618761 1435.205016 -6.536 -6.536 0.000000 3.296902 0.000 0 0.000
34201.00 1369.87 100.138995 0.0000000000000000 0.000000 252.327818 -1182601.710362 30.375945 125.478339 -20.626701 1435.163432 -6.543 -6.543 0.000000 3.296654 0.000 0 0.000
34101.00 1369.66 100.138995 0.0000000000000000 0.000000 252.327818 -1182905.481262 30.378236 125.485258 -20.634655 1435.122327 -6.549 -6.549 0.000000 3.296406 0.000 0 0.000
34001.00 1369.44 100.138995 0.0000000000000000 0.000000 252.327818 -1183209.275095 30.380532 125.492183 -20.642625 1435.081708 -6.556 -6.556 0.000000 3.296157 0.000 0 0.000
33901.00 1369.23 100.138995 0.0000000000000000 0.000000 252.327818 -1183513.091920 30.382834 125.499114 -20.650611 1435.041583 -6.563 -6.563 0.000000 3.295907 0.000 0 0.000
33801.00 1369.01 100.138995 0.0000000000000000 0.000000 252.327818 -1183816.931798 30.385142 125.506052 -20.658612 1435.001958 -6.569 -6.569 0.000000 3.295657 0.000 0 0.000
33701.00 1368.80 100.138995 0.0000000000000000 0.000000 252.327818 -1184120.794788 30.387457 125.512996 -20.666629 1434.962841 -6.576 -6.576 0.000000 3.295406 0.000 0 0.000
33601.00 1368.58 100.138995 0.0000000000000000 0.000000 252.327818 -1184424.680953 30.389777 125.519946 -20.674662 1434.924239 -6.583 -6.583 0.000000 3.295154 0.000 0 0.000
33501.00 1368.37 100.138995 0.0000000000000000 0.000000 252.327818 -1184728.590354 30.392104 125.526903 -20.682711 1434.886162 -6.589 -6.589 0.000000 3.294902 0.000 0 0.000
33401.00 1368.15 100.138995 0.0000000000000000 0.000000 252.327818 -1185032.523054 30.394437 125.533866 -20.690777 1434.848615 -6.596 -6.596 0.000000 3.294649 0.000 0 0.000
33301.00 1367.93 100.138995 0.0000000000000000 0.000000 252.327818 -1185336.479117 30.396777 125.540837 -20.698861 1434.811609 -6.603 -6.603 0.000000 3.294395 0.000 0 0.000
33201.00 1367.72 100.138995 0.0000000000000000 0.000000 252.327818 -1185640.458608 30.399123 125.547814 -20.706961 1434.775151 -6.610 -6.610 0.000000 3.294141 0.000 0 0.000
33101.00 1367.50 100.138995 0.0000000000000000 0.000000 252.327818 -1185944.461592 30.401475 125.554799 -20.715078 1434.739250 -6.617 -6.617 0.000000 3.293886 0.000 0 0.000
33001.00 1367.29 100.138995 0.0000000000000000 0.000000 252.327818 -1186248.488137 30.403835 125.561791 -20.723213 1434.703914 -6.624 -6.624 0.000000 3.293630 0.000 0 0.000
32901.00 1367.07 100.138995 0.0000000000000000 0.000000 252.327818 -1186552.538309 30.406201 125.568791 -20.731366 1434.669152 -6.630 -6.630 0.000000 3.293374 0.000 0 0.000
32801.00 1366.85 100.138995 0.0000000000000000 0.000000 252.327818 -1186856.612177 30.408574 125.575798 -20.739538 1434.634975 -6.637 -6.637 0.000000 3.293117 0.000 0 0.000
32701.00 1366.64 100.138995 0.0000000000000000 0.000000 252.327818 -1187160.709812 30.410954 125.582814 -20.747727 1434.601390 -6.644 -6.644 0.000000 3.292859 0.000 0 0.000
32601.00 1366.42 100.138995 0.0000000000000000 0.000000 252.327818 -1187464.831282 30.413341 125.589837 -20.755936 1434.568407 -6.651 -6.651 0.000000 3.292601 0.000 0 0.000
32501.00 1366.20 100.138995 0.0000000000000000 0.000000 252.327818 -1187768.976660 30.415736 125.596869 -20.764163 1434.536037 -6.658 -6.658 0.000000 3.292342 0.000 0 0.000
32401.00 1365.98 100.138995 0.0000000000000000 0.000000 252.327818 -1188073.146019 30.418137 125.603909 -20.772410 1434.504289 -6.666 -6.666 0.000000 3.292082 0.000 0 0.000
32301.00 1365.77 100.138995 0.0000000000000000 0.000000 252.327818 -1188377.339432 30.420546 125.610957 -20.780676 1434.473174 -6.673 -6.673 0.000000 3.291821 0.000 0 0.000
32201.00 1365.55 100.138995 0.0000000000000000 0.000000 252.327818 -1188681.556973 30.422963 125.618014 -20.788962 1434.442702 -6.680 -6.680 0.000000 3.291560 0.000 0 0.000
32101.00 1365.33 100.138995 0.0000000000000000 0.000000 252.327818 -1188985.798719 30.425387 125.625081 -20.797268 1434.412884 -6.687 -6.687 0.000000 3.291297 0.000 0 0.000
32001.00 1365.11 100.138995 0.0000000000000000 0.000000 252.327818 -1189290.064748 30.427819 125.632156 -20.805595 1434.383730 -6.694 -6.694 0.000000 3.291034 0.000 0 0.000
31901.00 1364.89 100.138995 0.0000000000000000 0.000000 252.327818 -1189594.355136 30.430259 125.639241 -20.813943 1434.355252 -6.701 -6.701 0.000000 3.290770 0.000 0 0.000
31801.00 1364.68 100.138995 0.0000000000000000 0.000000 252.327818 -1189898.669963 30.432707 125.646335 -20.822312 1434.327461 -6.709 -6.709 0.000000 3.290506 0.000 0 0.000
31701.00 1364.46 100.138995 0.0000000000000000 0.000000 252.327818 -1190203.009311 30.435164 125.653439 -20.830702 1434.300370 -6.716 -6.716 0.000000 3.290240 0.000 0 0.000
31601.00 1364.24 100.138995 0.0000000000000000 0.000000 252.327818 -1190507.373261 30.437628 125.660554 -20.839114 1434.273989 -6.723 -6.723 0.000000 3.289974 0.000 0 0.000
31501.00 1364.02 100.138995 0.0000000000000000 0.000000 252.327818 -1190811.761897 30.440101 125.667678 -20.847548 1434.248332 -6.731 -6.731 0.000000 3.289706 0.000 0 0.000
31401.00 1363.80 100.138995 0.0000000000000000 0.000000 252.327818 -1191116.175302 30.442582 125.674813 -20.856005 1434.223411 -6.738 -6.738 0.000000 3.289438 0.000 0 0.000
31301.00 1363.58 100.138995 0.0000000000000000 0.000000 252.327818 -1191420.613563 30.445072 125.681958 -20.864485 1434.199239 -6.746 -6.746 0.000000 3.289169 0.000 0 0.000
31201.00 1363.36 100.138995 0.0000000000000000 0.000000 252.327818 -1191725.076768 30.447571 125.689115 -20.872988 1434.175830 -6.753 -6.753 0.000000 3.288899 0.000 0 0.000
31101.00 1363.14 100.138995 0.0000000000000000 0.000000 252.327818 -1192029.565004 30.450078 125.696282 -20.881515 1434.153195 -6.761 -6.761 0.000000 3.288628 0.000 0 0.000
31001.00 1362.92 100.138995 0.0000000000000000 0.000000 252.327818 -1192334.078362 30.452595 125.703461 -20.890066 1434.131351 -6.768 -6.768 0.000000 3.288357 0.000 0 0.000
30901.00 1362.70 100.138995 0.0000000000000000 0.000000 252.327818 -1192638.616935 30.455121 125.710652 -20.898642 1434.110310 -6.776 -6.776 0.000000 3.288084 0.000 0 0.000
30801.00 1362.48 100.138995 0.0000000000000000 0.000000 252.327818 -1192943.180814 30.457656 125.717854 -20.907242 1434.090087 -6.783 -6.783 0.000000 3.287810 0.000 0 0.000
30701.00 1362.26 100.138995 0.0000000000000000 0.000000 252.327818 -1193247.770095 30.460201 125.725069 -20.915868 1434.070698 -6.791 -6.791 0.000000 3.287536 0.000 0 0.000
30601.00 1362.04 100.138995 0.0000000000000000 0.000000 252.327818 -1193552.384874 30.462756 125.732296 -20.924520 1434.052156 -6.799 -6.799 0.000000 3.287260 0.000 0 0.000
30501.00 1361.82 100.138995 0.0000000000000000 0.000000 252.327818 -1193857.025248 30.465321 125.739536 -20.933197 1434.034479 -6.807 -6.807 0.000000 3.286983 0.000 0 0.000
30401.00 1361.59 100.138995 0.0000000000000000 0.000000 252.327818 -1194161.691319 30.467895 125.746789 -20.941902 1434.017682 -6.814 -6.814 0.000000 3.286705 0.000 0 0.000
30301.00 1361.37 100.138995 0.0000000000000000 0.000000 252.327818 -1194466.383186 30.470480 125.754056 -20.950633 1434.001782 -6.822 -6.822 0.000000 3.286427 0.000 0 0.000
30201.00 1361.15 100.138995 0.0000000000000000 0.000000 252.327818 -1194771.100954 30.473075 125.761336 -20.959392 1433.986794 -6.830 -6.830 0.000000 3.286147 0.000 0 0.000
30101.00 1360.93 100.138995 0.0000000000000000 0.000000 252.327818 -1195075.844726 30.475681 125.768630 -20.968180 1433.972737 -6.838 -6.838 0.000000 3.285866 0.000 0 0.000
30001.00 1360.71 100.138995 0.0000000000000000 0.000000 252.327818 -1195380.614611 30.478298 125.775938 -20.976995 1433.959629 -6.846 -6.846 0.000000 3.285584 0.000 0 0.000
29901.00 1360.48 100.138995 0.0000000000000000 0.000000 252.327818 -1195685.410716 30.480925 125.783261 -20.985840 1433.947487 -6.854 -6.854 0.000000 3.285300 0.000 0 0.000
29801.00 1360.26 100.138995 0.0000000000000000 0.000000 252.327818 -1195990.233151 30.483564 125.790599 -20.994715 1433.936329 -6.862 -6.862 0.000000 3.285016 0.000 0 0.000
29701.00 1360.04 100.138995 0.0000000000000000 0.000000 252.327818 -1196295.082031 30.486214 125.797952 -21.003619 1433.926176 -6.870 -6.870 0.000000 3.284730 0.000 0 0.000
29601.00 1359.81 100.138995 0.0000000000000000 0.000000 252.327818 -1196599.957468 30.488876 125.805321 -21.012555 1433.917046 -6.879 -6.879 0.000000 3.284444 0.000 0 0.000
29501.00 1359.59 100.138995 0.0000000000000000 0.000000 252.327818 -1196904.859581 30.491549 125.812706 -21.021521 1433.908960 -6.887 -6.887 0.000000 3.284156 0.000 0 0.000
29401.00 1359.36 100.138995 0.0000000000000000 0.000000 252.327818 -1197209.788487 30.494234 125.820107 -21.030520 1433.901938 -6.895 -6.895 0.000000 3.283867 0.000 0 0.000
29301.00 1359.14 100.138995 0.0000000000000000 0.000000 252.327818 -1197514.744308 30.496932 125.827525 -21.039551 1433.896002 -6.903 -6.903 0.000000 3.283576 0.000 0 0.000
29201.00 1358.92 100.138995 0.0000000000000000 0.000000 252.327818 -1197819.727167 30.499642 125.834960 -21.048615 1433.891172 -6.912 -6.912 0.000000 3.283284 0.000 0 0.000
29101.00 1358.69 100.138995 0.0000000000000000 0.000000 252.327818 -1198124.737189 30.502365 125.842413 -21.057712 1433.887472 -6.920 -6.920 0.000000 3.282991 0.000 0 0.000
29001.00 1358.46 100.138995 0.0000000000000000 0.000000 252.327818 -1198429.774503 30.505100 125.849884 -21.066844 1433.884924 -6.929 -6.929 0.000000 3.282697 0.000 0 0.000
28901.00 1358.24 100.138995 0.0000000000000000 0.000000 252.327818 -1198734.839239 30.507849 125.857373 -21.076011 1433.883551 -6.937 -6.937 0.000000 3.282401 0.000 0 0.000
28801.00 1358.01 100.138995 0.0000000000000000 0.000000 252.327818 -1199039.931530 30.510611 125.864881 -21.085214 1433.883377 -6.946 -6.946 0.000000 3.282104 0.000 0 0.000
28701.00 1357.79 100.138995 0.0000000000000000 0.000000 252.327818 -1199345.051510 30.513387 125.872408 -21.094452 1433.884428 -6.955 -6.955 0.000000 3.281805 0.000 0 0.000
28601.00 1357.56 100.138995 0.0000000000000000 0.000000 252.327818 -1199650.199319 30.516177 125.879956 -21.103728 1433.886728 -6.963 -6.963 0.000000 3.281505 0.000 0 0.000
28501.00 1357.33 100.138995 0.0000000000000000 0.000000 252.327818 -1199955.375097 30.518981 125.887523 -21.113042 1433.890304 -6.972 -6.972 0.000000 3.281204 0.000 0 0.000
28401.00 1357.10 100.138995 0.0000000000000000 0.000000 252.327818 -1200260.578987 30.521800 125.895111 -21.122394 1433.895182 -6.981 -6.981 0.000000 3.280901 0.000 0 0.000
28301.00 1356.88 100.138995 0.0000000000000000 0.000000 252.327818 -1200565.811136 30.524633 125.902721 -21.131785 1433.901390 -6.990 -6.990 0.000000 3.280596 0.000 0 0.000
28201.00 1356.65 100.138995 0.0000000000000000 0.000000 252.327818 -1200871.071693 30.527481 125.910352 -21.141216 1433.908955 -6.999 -6.999 0.000000 3.280290 0.000 0 0.000
28101.00 1356.42 100.138995 0.0000000000000000 0.000000 252.327818 -1201176.360811 30.530345 125.918005 -21.150688 1433.917908 -7.008 -7.008 0.000000 3.279982 0.000 0 0.000
28001.00 1356.19 100.138995 0.0000000000000000 0.000000 252.327818 -1201481.678644 30.533224 125.925682 -21.160201 1433.928277 -7.017 -7.017 0.000000 3.279673 0.000 0 0.000
27901.00 1355.96 100.138995 0.0000000000000000 0.000000 252.327818 -1201787.025350 30.536120 125.933381 -21.169757 1433.940094 -7.026 -7.026 0.000000 3.279362 0.000 0 0.000
27801.00 1355.73 100.138995 0.0000000000000000 0.000000 252.327818 -1202092.401093 30.539032 125.941105 -21.179357 1433.953389 -7.035 -7.035 0.000000 3.279049 0.000 0 0.000
27701.00 1355.50 100.138995 0.0000000000000000 0.000000 252.327818 -1202397.806036 30.541960 125.948853 -21.189000 1433.968196 -7.044 -7.044 0.000000 3.278735 0.000 0 0.000
27601.00 1355.27 100.138995 0.0000000000000000 0.000000 252.327818 -1202703.240349 30.544905 125.956627 -21.198689 1433.984546 -7.054 -7.054 0.000000 3.278419 0.000 0 0.000
27501.00 1355.04 100.138995 0.0000000000000000 0.000000 252.327818 -1203008.704203 30.547868 125.964426 -21.208424 1434.002476 -7.063 -7.063 0.000000 3.278101 0.000 0 0.000
27401.00 1354.81 100.138995 0.0000000000000000 0.000000 252.327818 -1203314.197774 30.550849 125.972252 -21.218206 1434.022019 -7.072 -7.072 0.000000 3.277781 0.000 0 0.000
27301.00 1354.58 100.138995 0.0000000000000000 0.000000 252.327818 -1203619.721241 30.553848 125.980104 -21.228035 1434.043213 -7.082 -7.082 0.000000 3.277459 0.000 0 0.000
27201.00 1354.34 100.138995 0.0000000000000000 0.000000 252.327818 -1203925.274788 30.556865 125.987985 -21.237914 1434.066093 -7.092 -7.092 0.000000 3.277136 0.000 0 0.000
27101.00 1354.11 100.138995 0.0000000000000000 0.000000 252.327818 -1204230.858601 30.559901 125.995894 -21.247843 1434.090700 -7.101 -7.101 0.000000 3.276810 0.000 0 0.000
27001.00 1353.88 100.138995 0.0000000000000000 0.000000 252.327818 -1204536.472872 30.562956 126.003832 -21.257823 1434.117071 -7.111 -7.111 0.000000 3.276483 0.000 0 0.000
26901.00 1353.65 100.138995 0.0000000000000000 0.000000 252.327818 -1204842.117796 30.566032 126.011801 -21.267856 1434.145249 -7.121 -7.121 0.000000 3.276153 0.000 0 0.000
26801.00 1353.41 100.138995 0.0000000000000000 0.000000 252.327818 -1205147.793573 30.569127 126.019800 -21.277942 1434.175274 -7.131 -7.131 0.000000 3.275821 0.000 0 0.000
26701.00 1353.18 100.138995 0.0000000000000000 0.000000 252.327818 -1205453.500406 30.572243 126.027830 -21.288082 1434.207191 -7.141 -7.141 0.000000 3.275487 0.000 0 0.000
26601.00 1352.94 100.138995 0.0000000000000000 0.000000 252.327818 -1205759.238506 30.575380 126.035893 -21.298278 1434.241042 -7.151 -7.151 0.000000 3.275151 0.000 0 0.000
26501.00 1352.71 100.138995 0.0000000000000000 0.000000 252.327818 -1206065.008083 30.578539 126.043990 -21.308532 1434.276875 -7.161 -7.161 0.000000 3.274813 0.000 0 0.000
26401.00 1352.47 100.138995 0.0000000000000000 0.000000 252.327818 -1206370.809358 30.581720 126.052120 -21.318843 1434.314736 -7.171 -7.171 0.000000 3.274472 0.000 0 0.000
26301.00 1352.23 100.138995 0.0000000000000000 0.000000 252.327818 -1206676.642553 30.584923 126.060285 -21.329215 1434.354674 -7.181 -7.181 0.000000 3.274129 0.000 0 0.000
26201.00 1352.00 100.138995 0.0000000000000000 0.000000 252.327818 -1206982.507897 30.588150 126.068486 -21.339647 1434.396740 -7.192 -7.192 0.000000 3.273784 0.000 0 0.000
26101.00 1351.76 100.138995 0.0000000000000000 0.000000 252.327818 -1207288.405622 30.591400 126.076724 -21.350142 1434.440984 -7.202 -7.202 0.000000 3.273436 0.000 0 0.000
26001.00 1351.52 100.138995 0.0000000000000000 0.000000 252.327818 -1207594.335969 30.594674 126.085000 -21.360701 1434.487461 -7.213 -7.213 0.000000 3.273086 0.000 0 0.000
25901.00 1351.28 100.138995 0.0000000000000000 0.000000 252.327818 -1207900.299181 30.597973 126.093315 -21.371325 1434.536226 -7.224 -7.224 0.000000 3.272733 0.000 0 0.000
25801.00 1351.04 100.138995 0.0000000000000000 0.000000 252.327818 -1208206.295510 30.601297 126.101669 -21.382016 1434.587335 -7.234 -7.234 0.000000 3.272377 0.000 0 0.000
25701.00 1350.80 100.138995 0.0000000000000000 0.000000 252.327818 -1208512.325211 30.604647 126.110065 -21.392776 1434.640848 -7.245 -7.245 0.000000 3.272019 0.000 0 0.000
25601.00 1350.56 100.138995 0.0000000000000000 0.000000 252.327818 -1208818.388548 30.608024 126.118503 -21.403606 1434.696825 -7.256 -7.256 0.000000 3.271658 0.000 0 0.000
25501.00 1350.32 100.138995 0.0000000000000000 0.000000 252.327818 -1209124.485789 30.611429 126.126984 -21.414507 1434.755329 -7.267 -7.267 0.000000 3.271294 0.000 0 0.000
25401.00 1350.08 100.138995 0.0000000000000000 0.000000 252.327818 -1209430.617211 30.614861 126.135509 -21.425483 1434.816424 -7.278 -7.278 0.000000 3.270928 0.000 0 0.000
25301.00 1349.83 100.138995 0.0000000000000000 0.000000 252.327818 -1209736.783096 30.618321 126.144080 -21.436533 1434.880178 -7.290 -7.290 0.000000 3.270558 0.000 0 0.000
25201.00 1349.59 100.138995 0.0000000000000000 0.000000 252.327818 -1210042.983734 30.621811 126.152698 -21.447662 1434.946661 -7.301 -7.301 0.000000 3.270185 0.000 0 0.000
25101.00 1349.35 100.138995 0.0000000000000000 0.000000 252.327818 -1210349.219421 30.625331 126.161365 -21.458869 1435.015943 -7.312 -7.312 0.000000 3.269809 0.000 0 0.000
25001.00 1349.10 100.138995 0.0000000000000000 0.000000 252.327818 -1210655.490463 30.628882 126.170081 -21.470158 1435.088099 -7.324 -7.324 0.000000 3.269430 0.000 0 0.000
24901.00 1348.86 100.138995 0.0000000000000000 0.000000 252.327818 -1210961.797171 30.632465 126.178849 -21.481530 1435.163206 -7.336 -7.336 0.000000 3.269048 0.000 0 0.000
24801.00 1348.61 100.138995 0.0000000000000000 0.000000 252.327818 -1211268.139866 30.636080 126.187669 -21.492987 1435.241344 -7.347 -7.347 0.000000 3.268662 0.000 0 0.000
24701.00 1348.36 100.138995 0.0000000000000000 0.000000 252.327818 -1211574.518877 30.639728 126.196543 -21.504533 1435.322594 -7.359 -7.359 0.000000 3.268273 0.000 0 0.000
24601.00 1348.12 100.138995 0.0000000000000000 0.000000 252.327818 -1211880.934541 30.643411 126.205473 -21.516168 1435.407043 -7.371 -7.371 0.000000 3.267880 0.000 0 0.000
24501.00 1347.87 100.138995 0.0000000000000000 0.000000 252.327818 -1212187.387205 30.647128 126.214461 -21.527896 1435.494778 -7.384 -7.384 0.000000 3.267484 0.000 0 0.000
24401.00 1347.62 100.138995 0.0000000000000000 0.000000 252.327818 -1212493.877226 30.650882 126.223507 -21.539718 1435.585892 -7.396 -7.396 0.000000 3.267084 0.000 0 0.000
24301.00 1347.37 100.138995 0.0000000000000000 0.000000 252.327818 -1212800.404967 30.654673 126.232614 -21.551638 1435.680479 -7.408 -7.408 0.000000 3.266680 0.000 0 0.000
24201.00 1347.12 100.138995 0.0000000000000000 0.000000 252.327818 -1213106.970806 30.658502 126.241785 -21.563659 1435.778638 -7.421 -7.421 0.000000 3.266272 0.000 0 0.000
24101.00 1346.86 100.138995 0.0000000000000000 0.000000 252.327818 -1213413.575129 30.662370 126.251019 -21.575782 1435.880473 -7.434 -7.434 0.000000 3.265860 0.000 0 0.000
24001.00 1346.61 100.138995 0.0000000000000000 0.000000 252.327818 -1213720.218331 30.666278 126.260321 -21.588010 1435.986089 -7.446 -7.446 0.000000 3.265443 0.000 0 0.000
23901.00 1346.36 100.138995 0.0000000000000000 0.000000 252.327818 -1214026.900821 30.670227 126.269691 -21.600348 1436.095596 -7.459 -7.459 0.000000 3.265023 0.000 0 0.000
23801.00 1346.10 100.138995 0.0000000000000000 0.000000 252.327818 -1214333.623020 30.674220 126.279132 -21.612797 1436.209110 -7.472 -7.472 0.000000 3.264598 0.000 0 0.000
23701.00 1345.85 100.138995 0.0000000000000000 0.000000 252.327818 -1214640.385359 30.678256 126.288646 -21.625362 1436.326750 -7.486 -7.486 0.000000 3.264168 0.000 0 0.000
23601.00 1345.59 100.138995 0.0000000000000000 0.000000 252.327818 -1214947.188282 30.682337 126.298235 -21.638045 1436.448641 -7.499 -7.499 0.000000 3.263734 0.000 0 0.000
23501.00 1345.33 100.138995 0.0000000000000000 0.000000 252.327818 -1215254.032248 30.686464 126.307902 -21.650850 1436.574910 -7.513 -7.513 0.000000 3.263295 0.000 0 0.000
23401.00 1345.07 100.138995 0.0000000000000000 0.000000 252.327818 -1215560.917727 30.690640 126.317650 -21.663780 1436.705694 -7.526 -7.526 0.000000 3.262851 0.000 0 0.000
23301.00 1344.81 100.138995 0.0000000000000000 0.000000 252.327818 -1215867.845206 30.694864 126.327481 -21.676839 1436.841131 -7.540 -7.540 0.000000 3.262402 0.000 0 0.000
23201.00 1344.55 100.138995 0.0000000000000000 0.000000 252.327818 -1216174.815184 30.699140 126.337397 -21.690032 1436.981368 -7.554 -7.554 0.000000 3.261948 0.000 0 0.000
23101.00 1344.29 100.138995 0.0000000000000000 0.000000 252.327818 -1216481.828178 30.703468 126.347402 -21.703362 1437.126556 -7.568 -7.568 0.000000 3.261488 0.000 0 0.000
23001.00 1344.03 100.138995 0.0000000000000000 0.000000 252.327818 -1216788.884720 30.707850 126.357499 -21.716833 1437.276854 -7.583 -7.583 0.000000 3.261023 0.000 0 0.000
22901.00 1343.76 100.138995 0.0000000000000000 0.000000 252.327818 -1217095.985358 30.712287 126.367690 -21.730451 1437.432426 -7.597 -7.597 0.000000 3.260552 0.000 0 0.000
22801.00 1343.50 100.138995 0.0000000000000000 0.000000 252.327818 -1217403.130658 30.716782 126.377979 -21.744219 1437.593445 -7.612 -7.612 0.000000 3.260074 0.000 0 0.000
22701.00 1343.23 100.138995 0.0000000000000000 0.000000 252.327818 -1217710.321205 30.721337 126.388369 -21.758143 1437.760090 -7.627 -7.627 0.000000 3.259591 0.000 0 0.000
22601.00 1342.96 100.138995 0.0000000000000000 0.000000 252.327818 -1218017.557603 30.725953 126.398865 -21.772227 1437.932549 -7.642 -7.642 0.000000 3.259101 0.000 0 0.000
22501.00 1342.69 100.138995 0.0000000000000000 0.000000 252.327818 -1218324.840474 30.730632 126.409468 -21.786476 1438.111018 -7.657 -7.657 0.000000 3.258605 0.000 0 0.000
22401.00 1342.42 100.138995 0.0000000000000000 0.000000 252.327818 -1218632.170464 30.735377 126.420185 -21.800898 1438.295701 -7.673 -7.673 0.000000 3.258102 0.000 0 0.000
22301.00 1342.15 100.138995 0.0000000000000000 0.000000 252.327818 -1218939.548238 30.740189 126.431017 -21.815496 1438.486812 -7.689 -7.689 0.000000 3.257592 0.000 0 0.000
22201.00 1341.87 100.138995 0.0000000000000000 0.000000 252.327818 -1219246.974485 30.745072 126.441971 -21.830277 1438.684575 -7.705 -7.705 0.000000 3.257075 0.000 0 0.000
22101.00 1341.60 100.138995 0.0000000000000000 0.000000 252.327818 -1219554.449917 30.750027 126.453050 -21.845248 1438.889224 -7.721 -7.721 0.000000 3.256550 0.000 0 0.000
22001.00 1341.32 100.138995 0.0000000000000000 0.000000 252.327818 -1219861.975273 30.755057 126.464258 -21.860415 1439.101004 -7.737 -7.737 0.000000 3.256017 0.000 0 0.000
21901.00 1341.04 100.138995 0.0000000000000000 0.000000 252.327818 -1220169.551314 30.760165 126.475601 -21.875784 1439.320170 -7.754 -7.754 0.000000 3.255477 0.000 0 0.000
21801.00 1340.76 100.138995 0.0000000000000000 0.000000 252.327818 -1220477.178833 30.765353 126.487084 -21.891364 1439.546991 -7.771 -7.771 0.000000 3.254928 0.000 0 0.000
21701.00 1340.48 100.138995 0.0000000000000000 0.000000 252.327818 -1220784.858649 30.770624 126.498712 -21.907162 1439.781749 -7.788 -7.788 0.000000 3.254370 0.000 0 0.000
21601.00 1340.19 100.138995 0.0000000000000000 0.000000 252.327818 -1221092.591611 30.775983 126.510490 -21.923185 1440.024737 -7.805 -7.805 0.000000 3.253803 0.000 0 0.000
21501.00 1339.90 100.138995 0.0000000000000000 0.000000 252.327818 -1221400.378599 30.781430 126.522426 -21.939442 1440.276265 -7.823 -7.823 0.000000 3.253227 0.000 0 0.000
21401.00 1339.62 100.138995 0.0000000000000000 0.000000 252.327818 -1221708.220529 30.786971 126.534524 -21.955943 1440.536657 -7.841 -7.841 0.000000 3.252642 0.000 0 0.000
21301.00 1339.32 100.138995 0.0000000000000000 0.000000 252.327818 -1222016.118349 30.792609 126.546791 -21.972695 1440.806253 -7.859 -7.859 0.000000 3.252046 0.000 0 0.000
21201.00 1339.03 100.138995 0.0000000000000000 0.000000 252.327818 -1222324.073043 30.798347 126.559235 -21.989709 1441.085410 -7.877 -7.877 0.000000 3.251441 0.000 0 0.000
21101.00 1338.74 100.138995 0.0000000000000000 0.000000 252.327818 -1222632.085636 30.804189 126.571861 -22.006994 1441.374503 -7.896 -7.896 0.000000 3.250824 0.000 0 0.000
21001.00 1338.44 100.138995 0.0000000000000000 0.000000 252.327818 -1222940.157189 30.810140 126.584679 -22.024563 1441.673925 -7.915 -7.915 0.000000 3.250196 0.000 0 0.000
20901.00 1338.14 100.138995 0.0000000000000000 0.000000 252.327818 -1223248.288809 30.816203 126.597695 -22.042425 1441.984090 -7.935 -7.935 0.000000 3.249557 0.000 0 0.000
20801.00 1337.84 100.138995 0.0000000000000000 0.000000 252.327818 -1223556.481647 30.822384 126.610918 -22.060592 1442.305433 -7.954 -7.954 0.000000 3.248905 0.000 0 0.000
20701.00 1337.53 100.138995 0.0000000000000000 0.000000 252.327818 -1223864.736898 30.828687 126.624358 -22.079078 1442.638412 -7.974 -7.974 0.000000 3.248241 0.000 0 0.000
20601.00 1337.22 100.138995 0.0000000000000000 0.000000 252.327818 -1224173.055808 30.835117 126.638022 -22.097894 1442.983507 -7.995 -7.995 0.000000 3.247563 0.000 0 0.000
20501.00 1336.91 100.138995 0.0000000000000000 0.000000 252.327818 -1224481.439676 30.841679 126.651921 -22.117055 1443.341224 -8.015 -8.015 0.000000 3.246872 0.000 0 0.000
20401.00 1336.60 100.138995 0.0000000000000000 0.000000 252.327818 -1224789.889854 30.848380 126.666065 -22.136576 1443.712098 -8.036 -8.036 0.000000 3.246167 0.000 0 0.000
20301.00 1336.28 100.138995 0.0000000000000000 0.000000 252.327818 -1225098.407752 30.855224 126.680465 -22.156471 1444.096687 -8.058 -8.058 0.000000 3.245447 0.000 0 0.000
20201.00 1335.96 100.138995 0.0000000000000000 0.000000 252.327818 -1225406.994839 30.862219 126.695133 -22.176757 1444.495585 -8.080 -8.080 0.000000 3.244711 0.000 0 0.000
20101.00 1335.64 100.138995 0.0000000000000000 0.000000 252.327818 -1225715.652650 30.869370 126.710079 -22.197450 1444.909412 -8.102 -8.102 0.000000 3.243960 0.000 0 0.000
20001.00 1335.31 100.138995 0.0000000000000000 0.000000 252.327818 -1226024.382786 30.876685 126.725318 -22.218570 1445.338824 -8.125 -8.125 0.000000 3.243191 0.000 0 0.000
19901.00 1335.08 100.138995 0.0000000000000000 0.000000 252.327818 -1226333.174625 30.880498 126.734380 -22.230002 1445.425413 -8.136 -8.136 0.000000 3.242791 0.000 0 0.000
19801.00 1334.88 100.138995 0.0000000000000000 0.000000 252.327818 -1226641.989841 30.882546 126.740326 -22.236561 1445.339332 -8.141 -8.141 0.000000 3.242576 0.000 0 0.000
19701.00 1334.69 100.138995 0.0000000000000000 0.000000 252.327818 -1226950.825544 30.884595 126.746270 -22.243121 1445.253238 -8.146 -8.146 0.000000 3.242361 0.000 0 0.000
19601.00 1334.49 100.138995 0.0000000000000000 0.000000 252.327818 -1227259.681746 30.886646 126.752212 -22.249682 1445.167129 -8.151 -8.151 0.000000 3.242145 0.000 0 0.000
19501.00 1334.30 100.138995 0.0000000000000000 0.000000 252.327818 -1227568.558458 30.888697 126.758152 -22.256243 1445.081005 -8.156 -8.156 0.000000 3.241930 0.000 0 0.000
19401.00 1334.10 100.138995 0.0000000000000000 0.000000 252.327818 -1227877.455694 30.890750 126.764090 -22.262804 1444.994866 -8.161 -8.161 0.000000 3.241715 0.000 0 0.000
19301.00 1333.91 100.138995 0.0000000000000000 0.000000 252.327818 -1228186.373464 30.892804 126.770026 -22.269367 1444.908711 -8.166 -8.166 0.000000 3.241499 0.000 0 0.000
19201.00 1333.72 100.138995 0.0000000000000000 0.000000 252.327818 -1228495.311780 30.894859 126.775959 -22.275930 1444.822540 -8.171 -8.171 0.000000 3.241283 0.000 0 0.000
19101.00 1333.52 100.138995 0.0000000000000000 0.000000 252.327818 -1228804.270655 30.896916 126.781890 -22.282493 1444.736353 -8.177 -8.177 0.000000 3.241068 0.000 0 0.000
19001.00 1333.33 100.138995 0.0000000000000000 0.000000 252.327818 -1229113.250100 30.898973 126.787819 -22.289057 1444.650148 -8.182 -8.182 0.000000 3.240852 0.000 0 0.000
18901.00 1333.13 100.138995 0.0000000000000000 0.000000 252.327818 -1229422.250129 30.901032 126.793746 -22.295622 1444.563926 -8.187 -8.187 0.000000 3.240636 0.000 0 0.000
18801.00 1332.94 100.138995 0.0000000000000000 0.000000 252.327818 -1229731.270751 30.903092 126.799671 -22.302187 1444.477686 -8.192 -8.192 0.000000 3.240420 0.000 0 0.000
18701.00 1332.74 100.138995 0.0000000000000000 0.000000 252.327818 -1230040.311981 30.905154 126.805594 -22.308753 1444.391428 -8.197 -8.197 0.000000 3.240204 0.000 0 0.000
18601.00 1332.55 100.138995 0.0000000000000000 0.000000 252.327818 -1230349.373829 30.907216 126.811514 -22.315320 1444.305151 -8.202 -8.202 0.000000 3.239988 0.000 0 0.000
18501.00 1332.35 100.138995 0.0000000000000000 0.000000 252.327818 -1230658.456309 30.909280 126.817433 -22.321887 1444.218854 -8.207 -8.207 0.000000 3.239771 0.000 0 0.000
18401.00 1332.16 100.138995 0.0000000000000000 0.000000 252.327818 -1230967.559433 30.911345 126.823349 -22.328455 1444.132537 -8.213 -8.213 0.000000 3.239555 0.000 0 0.000
18301.00 1331.96 100.138995 0.0000000000000000 0.000000 252.327818 -1231276.683212 30.913411 126.829263 -22.335024 1444.046201 -8.218 -8.218 0.000000 3.239338 0.000 0 0.000
18201.00 1331.77 100.138995 0.0000000000000000 0.000000 252.327818 -1231585.827659 30.915479 126.835174 -22.341593 1443.959843 -8.223 -8.223 0.000000 3.239122 0.000 0 0.000
18101.00 1331.58 100.138995 0.0000000000000000 0.000000 252.327818 -1231894.992787 30.917547 126.841084 -22.348163 1443.873463 -8.228 -8.228 0.000000 3.238905 0.000 0 0.000
18001.00 1331.38 100.138995 0.0000000000000000 0.000000 252.327818 -1232204.178608 30.919617 126.846991 -22.354733 1443.787062 -8.233 -8.233 0.000000 3.238688 0.000 0 0.000
17901.00 1331.19 100.138995 0.0000000000000000 0.000000 252.327818 -1232513.385134 30.921688 126.852896 -22.361304 1443.700638 -8.238 -8.238 0.000000 3.238471 0.000 0 0.000
17801.00 1330.99 100.138995 0.0000000000000000 0.000000 252.327818 -1232822.612379 30.923761 126.858799 -22.367876 1443.614192 -8.243 -8.243 0.000000 3.238254 0.000 0 0.000
17701.00 1330.80 100.138995 0.0000000000000000 0.000000 252.327818 -1233131.860354 30.925834 126.864700 -22.374449 1443.527721 -8.249 -8.249 0.000000 3.238037 0.000 0 0.000
17601.00 1330.60 100.138995 0.0000000000000000 0.000000 252.327818 -1233441.129073 30.927909 126.870598 -22.381022 1443.441226 -8.254 -8.254 0.000000 3.237820 0.000 0 0.000
17501.00 1330.41 100.138995 0.0000000000000000 0.000000 252.327818 -1233750.418547 30.929986 126.876494 -22.387595 1443.354707 -8.259 -8.259 0.000000 3.237602 0.000 0 0.000
17401.00 1330.21 100.138995 0.0000000000000000 0.000000 252.327818 -1234059.728791 30.932063 126.882388 -22.394170 1443.268161 -8.264 -8.264 0.000000 3.237385 0.000 0 0.000
17301.00 1330.02 100.138995 0.0000000000000000 0.000000 252.327818 -1234369.059816 30.934142 126.888280 -22.400745 1443.181590 -8.269 -8.269 0.000000 3.237167 0.000 0 0.000
17201.00 1329.82 100.138995 0.0000000000000000 0.000000 252.327818 -1234678.411635 30.936222 126.894169 -22.407321 1443.094992 -8.274 -8.274 0.000000 3.236950 0.000 0 0.000
17101.00 1329.63 100.138995 0.0000000000000000 0.000000 252.327818 -1234987.784262 30.938303 126.900056 -22.413897 1443.008367 -8.279 -8.279 0.000000 3.236732 0.000 0 0.000
17001.00 1329.43 100.138995 0.0000000000000000 0.000000 252.327818 -1235297.177709 30.940386 126.905941 -22.420474 1442.921714 -8.285 -8.285 0.000000 3.236514 0.000 0 0.000
16901.00 1329.24 100.138995 0.0000000000000000 0.000000 252.327818 -1235606.591990 30.942470 126.911823 -22.427052 1442.835032 -8.290 -8.290 0.000000 3.236296 0.000 0 0.000
16801.00 1329.04 100.138995 0.0000000000000000 0.000000 252.327818 -1235916.027117 30.944555 126.917704 -22.433630 1442.748320 -8.295 -8.295 0.000000 3.236078 0.000 0 0.000
16701.00 1328.85 100.138995 0.0000000000000000 0.000000 252.327818 -1236225.483104 30.946642 126.923581 -22.440209 1442.661579 -8.300 -8.300 0.000000 3.235860 0.000 0 0.000
16601.00 1328.65 100.138995 0.0000000000000000 0.000000 252.327818 -1236534.959963 30.948730 126.929457 -22.446789 1442.574807 -8.305 -8.305 0.000000 3.235641 0.000 0 0.000
16501.00 1328.46 100.138995 0.0000000000000000 0.000000 252.327818 -1236844.457709 30.950819 126.935330 -22.453370 1442.488003 -8.310 -8.310 0.000000 3.235423 0.000 0 0.000
16401.00 1328.26 100.138995 0.0000000000000000 0.000000 252.327818 -1237153.976354 30.952910 126.941201 -22.459951 1442.401166 -8.316 -8.316 0.000000 3.235205 0.000 0 0.000
16301.00 1328.07 100.138995 0.0000000000000000 0.000000 252.327818 -1237463.515912 30.955002 126.947069 -22.466533 1442.314297 -8.321 -8.321 0.000000 3.234986 0.000 0 0.000
16201.00 1327.87 100.138995 0.0000000000000000 0.000000 252.327818 -1237773.076396 30.957095 126.952936 -22.473116 1442.227394 -8.326 -8.326 0.000000 3.234767 0.000 0 0.000
16101.00 1327.68 100.138995 0.0000000000000000 0.000000 252.327818 -1238082.657821 30.959190 126.958799 -22.479699 1442.140456 -8.331 -8.331 0.000000 3.234548 0.000 0 0.000
16001.00 1327.48 100.138995 0.0000000000000000 0.000000 252.327818 -1238392.260198 30.961286 126.964661 -22.486283 1442.053482 -8.336 -8.336 0.000000 3.234329 0.000 0 0.000
15901.00 1327.29 100.138995 0.0000000000000000 0.000000 252.327818 -1238701.883543 30.963383 126.970520 -22.492868 1441.966472 -8.341 -8.341 0.000000 3.234110 0.000 0 0.000
15801.00 1327.09 100.138995 0.0000000000000000 0.000000 252.327818 -1239011.527869 30.965482 126.976376 -22.499454 1441.879425 -8.347 -8.347 0.000000 3.233891 0.000 0 0.000
15701.00 1326.90 100.138995 0.0000000000000000 0.000000 252.327818 -1239321.193190 30.967582 126.982230 -22.506040 1441.792339 -8.352 -8.352 0.000000 3.233672 0.000 0 0.000
15601.00 1326.70 100.138995 0.0000000000000000 0.000000 252.327818 -1239630.879519 30.969684 126.988082 -22.512627 1441.705215 -8.357 -8.357 0.000000 3.233452 0.000 0 0.000
15501.00 1326.50 100.138995 0.0000000000000000 0.000000 252.327818 -1239940.586871 30.971787 126.993931 -22.519215 1441.618050 -8.362 -8.362 0.000000 3.233233 0.000 0 0.000
15401.00 1326.31 100.138995 0.0000000000000000 0.000000 252.327818 -1240250.315260 30.973891 126.999778 -22.525803 1441.530844 -8.367 -8.367 0.000000 3.233013 0.000 0 0.000
15301.00 1326.11 100.138995 0.0000000000000000 0.000000 252.327818 -1240560.064700 30.975997 127.005622 -22.532392 1441.443596 -8.373 -8.373 0.000000 3.232793 0.000 0 0.000
15201.00 1325.92 100.138995 0.0000000000000000 0.000000 252.327818 -1240869.835205 30.978104 127.011464 -22.538982 1441.356305 -8.378 -8.378 0.000000 3.232573 0.000 0 0.000
15101.00 1325.60 100.138995 0.0002937722930735 0.000345 252.327818 -1241179.633490 30.981840 127.025169 -22.581489 1441.643524 -11.305 -11.305 2.749194 3.232350 1.618 0 0.000
15001.00 1325.26 100.138995 0.0006547608615061 0.000770 252.327818 -1241489.472433 30.985955 127.040663 -22.632380 1442.017428 -11.277 -11.277 2.748467 3.232127 1.627 0 0.000
14901.00 1324.92 100.138995 0.0010215283152534 0.001201 252.327818 -1241799.352709 30.990107 127.056300 -22.684164 1442.399719 -11.248 -11.248 2.747749 3.231903 1.636 0 0.000
14801.00 1324.58 100.138995 0.0013942798660158 0.001640 252.327818 -1242109.274703 30.994299 127.072084 -22.736871 1442.790588 -11.219 -11.219 2.747040 3.231679 1.646 0 0.000
14701.00 1324.23 100.138995 0.0017732298518558 0.002086 252.327818 -1242419.238816 30.998531 127.088023 -22.790531 1443.190236 -11.190 -11.190 2.746342 3.231455 1.654 0 0.000
14601.00 1323.89 100.138995 0.0021586022038568 0.002539 252.327818 -1242729.245458 31.002805 127.104121 -22.845176 1443.598871 -11.160 -11.160 2.745653 3.231231 1.663 0 0.000
14501.00 1323.54 100.138995 0.0025506309384495 0.003001 252.327818 -1243039.295054 31.007122 127.120386 -22.900838 1444.016713 -11.131 -11.131 2.744975 3.231007 1.672 0 0.000
14401.00 1323.19 100.138995 0.0029495606789158 0.003471 252.327818 -1243349.388039 31.011483 127.136824 -22.957552 1444.443989 -11.101 -11.101 2.744307 3.230782 1.681 0 0.000
14301.00 1322.84 100.138995 0.0033556471871045 0.003949 252.327818 -1243659.524866 31.015890 127.153441 -23.015354 1444.880940 -11.071 -11.071 2.743650 3.230558 1.690 0 0.000
14201.00 1322.48 100.138995 0.0037691579684000 0.004436 252.327818 -1243969.705999 31.020345 127.170246 -23.074281 1445.327818 -11.041 -11.041 2.743003 3.230333 1.699 0 0.000
14101.00 1322.13 100.138995 0.0041903728462633 0.004932 252.327818 -1244279.931919 31.024848 127.187246 -23.134373 1445.784884 -11.011 -11.011 2.742366 3.230109 1.708 0 0.000
14001.00 1321.77 100.138995 0.0046195846155457 0.005438 252.327818 -1244590.203122 31.029401 127.204448 -23.195672 1446.252415 -10.980 -10.980 2.741741 3.229884 1.717 0 0.000
13901.00 1321.41 100.138995 0.0050570997083014 0.005953 252.327818 -1244900.520122 31.034007 127.221862 -23.258220 1446.730700 -10.950 -10.950 2.741126 3.229659 1.725 0 0.000
13801.00 1321.04 100.138995 0.0055032388977906 0.006479 252.327818 -1245210.883448 31.038667 127.239496 -23.322062 1447.220041 -10.919 -10.919 2.740523 3.229433 1.734 0 0.000
13701.00 1320.68 100.138995 0.0059583380377293 0.007015 252.327818 -1245521.293649 31.043383 127.257359 -23.387245 1447.720756 -10.888 -10.888 2.739931 3.229208 1.743 0 0.000
13601.00 1320.31 100.138995 0.0064227488384054 0.007562 252.327818 -1245831.751293 31.048156 127.275461 -23.453820 1448.233177 -10.856 -10.856 2.739350 3.228983 1.751 0 0.000
13501.00 1319.94 100.138995 0.0068968396814356 0.008121 252.327818 -1246142.256966 31.052989 127.293812 -23.521837 1448.757654 -10.825 -10.825 2.738780 3.228757 1.760 0 0.000
13401.00 1319.57 100.138995 0.0073809964616950 0.008691 252.327818 -1246452.811278 31.057884 127.312422 -23.591351 1449.294553 -10.793 -10.793 2.738222 3.228531 1.768 0 0.000
13301.00 1319.19 100.138995 0.0078756235038754 0.009274 252.327818 -1246763.414859 31.062843 127.331304 -23.662418 1449.844256 -10.761 -10.761 2.737675 3.228305 1.777 0 0.000
13201.00 1318.81 100.138995 0.0083811444694720 0.009870 252.327818 -1247074.068361 31.067869 127.350467 -23.735099 1450.407168 -10.729 -10.729 2.737140 3.228079 1.785 0 0.000
13101.00 1318.43 100.138995 0.0088980033443340 0.010479 252.327818 -1247384.772462 31.072963 127.369926 -23.809456 1450.983711 -10.697 -10.697 2.736616 3.227852 1.794 0 0.000
13001.00 1318.04 100.138995 0.0094266654516457 0.011101 252.327818 -1247695.527864 31.078129 127.389692 -23.885554 1451.574327 -10.664 -10.664 2.736104 3.227626 1.802 0 0.000
12901.00 1317.65 100.138995 0.0099676185097548 0.011739 252.327818 -1248006.335298 31.083370 127.409778 -23.963462 1452.179480 -10.632 -10.632 2.735604 3.227399 1.810 0 0.000
12801.00 1317.26 100.138995 0.0105213737294265 0.012391 252.327818 -1248317.195518 31.088687 127.430200 -24.043252 1452.799659 -10.599 -10.599 2.735115 3.227172 1.819 0 0.000
12701.00 1316.86 100.086258 0.0105605465267130 0.012438 252.177697 -1247994.960619 31.074761 127.369712 -24.044126 1452.079787 -10.566 -10.566 2.734642 3.226945 1.827 0 0.000
12601.00 1316.47 100.029588 0.0105671316843280 0.012447 252.016468 -1247624.911766 31.059430 127.303337 -24.039817 1451.266575 -10.533 -10.533 2.734184 3.226717 1.835 0 0.000
12501.00 1316.07 99.972285 0.0105739207174615 0.012456 251.853526 -1247246.636089 31.043901 127.236155 -24.035346 1450.444535 -10.499 -10.499 2.733743 3.226490 1.843 0 0.000
12401.00 1315.67 99.914329 0.0105809225825909 0.012465 251.688817 -1246859.889315 31.028168 127.168140 -24.030709 1449.613415 -10.466 -10.466 2.733319 3.226262 1.851 0 0.000
12301.00 1315.27 99.855701 0.0105881467152987 0.012475 251.522289 -1246464.416612 31.012224 127.099267 -24.025901 1448.772957 -10.432 -10.432 2.732911 3.226034 1.859 0 0.000
12201.00 1314.86 99.796377 0.0105956030585329 0.012484 251.353882 -1246059.952024 30.996064 127.029510 -24.020917 1447.922886 -10.398 -10.398 2.732520 3.225805 1.867 0 0.000
12101.00 1314.46 99.736338 0.0106033020929267 0.012494 251.183538 -1245646.217893 30.979681 126.958841 -24.015753 1447.062921 -10.363 -10.363 2.732147 3.225577 1.874 0 0.000
12001.00 1314.05 99.675559 0.0106112548723365 0.012504 251.011194 -1245222.924226 30.963066 126.887230 -24.010403 1446.192765 -10.329 -10.329 2.731791 3.225348 1.882 0 0.000
11901.00 1313.64 99.614017 0.0106194730699811 0.012515 250.836785 -1244789.768040 30.946214 126.814649 -24.004862 1445.312111 -10.294 -10.294 2.731453 3.225118 1.890 0 0.000
11801.00 1313.22 99.551685 0.0106279689737261 0.012525 250.660244 -1244346.432642 30.929115 126.741064 -23.999126 1444.420638 -10.259 -10.259 2.731133 3.224889 1.897 0 0.000
11701.00 1312.81 99.488538 0.0106367555967786 0.012536 250.481499 -1243892.586921 30.911762 126.666444 -23.993188 1443.518009 -10.224 -10.224 2.730831 3.224659 1.904 0 0.000
11601.00 1312.39 99.424548 0.0106458466645053 0.012547 250.300475 -1243427.884509 30.894147 126.590754 -23.987042 1442.603875 -10.189 -10.189 2.730547 3.224429 1.912 0 0.000
11501.00 1311.97 99.359687 0.0106552566862765 0.012559 250.117096 -1242951.962966 30.876260 126.513957 -23.980684 1441.677869 -10.153 -10.153 2.730282 3.224199 1.919 0 0.000
11401.00 1311.55 99.293923 0.0106650010021164 0.012570 249.931280 -1242464.442873 30.858092 126.436015 -23.974106 1440.739608 -10.117 -10.117 2.730036 3.223969 1.926 0 0.000
11301.00 1311.12 99.227225 0.0106750958373072 0.012582 249.742941 -1241964.926884 30.839633 126.356890 -23.967303 1439.788694 -10.081 -10.081 2.729809 3.223738 1.933 0 0.000
11201.00 1310.69 99.159561 0.0106855583612290 0.012595 249.551991 -1241452.998707 30.820873 126.276538 -23.960267 1438.824706 -10.045 -10.045 2.729601 3.223506 1.940 0 0.000
11101.00 1310.26 99.090895 0.0106964067503073 0.012607 249.358336 -1240928.222022 30.801802 126.194918 -23.952992 1437.847207 -10.009 -10.009 2.729412 3.223275 1.946 0 0.000
11001.00 1309.83 99.021190 0.0107076602553572 0.012621 249.161877 -1240390.139336 30.782408 126.111983 -23.945472 1436.855738 -9.972 -9.972 2.729242 3.223043 1.953 0 0.000
10901.00 1309.39 98.950409 0.0107193392805037 0.012634 248.962513 -1239838.270750 30.762679 126.027685 -23.937698 1435.849819 -9.936 -9.936 2.729092 3.222811 1.960 0 0.000
10801.00 1308.95 98.878511 0.0107314654425736 0.012648 248.760135 -1239272.112648 30.742603 125.941975 -23.929663 1434.828945 -9.899 -9.899 2.728961 3.222578 1.966 0 0.000
10701.00 1308.51 98.805454 0.0107440616907090 0.012662 248.554631 -1238691.136317 30.722167 125.854799 -23.921359 1433.792589 -9.862 -9.862 2.728850 3.222345 1.972 0 0.000
10601.00 1308.06 98.731194 0.0107571523606911 0.012677 248.345881 -1238094.786432 30.701358 125.766101 -23.912779 1432.740196 -9.825 -9.825 2.728758 3.222112 1.979 0 0.000
10501.00 1307.61 98.655685 0.0107707632997648 0.012693 248.133760 -1237482.479487 30.680160 125.675825 -23.903914 1431.671185 -9.787 -9.787 2.728685 3.221878 1.985 0 0.000
10401.00 1307.15 98.578876 0.0107849219512276 0.012709 247.918139 -1236853.602079 30.658560 125.583908 -23.894755 1430.584944 -9.750 -9.750 2.728632 3.221644 1.991 0 0.000
10301.00 1306.69 98.500718 0.0107996575046731 0.012725 247.698878 -1236207.509110 30.636541 125.490286 -23.885293 1429.480832 -9.712 -9.712 2.728598 3.221410 1.997 0 0.000
10201.00 1306.23 98.421156 0.0108150009758153 0.012743 247.475834 -1235543.521814 30.614086 125.394891 -23.875518 1428.358175 -9.675 -9.675 2.728583 3.221175 2.002 0 0.000
10101.00 1305.76 98.340132 0.0108309853729418 0.012760 247.248853 -1234860.925703 30.591179 125.297653 -23.865422 1427.216262 -9.637 -9.637 2.728586 3.220939 2.008 0 0.000
10001.00 1305.29 98.257587 0.0108476458332698 0.012779 247.017775 -1234158.968328 30.567800 125.198496 -23.854994 1426.054348 -9.599 -9.599 2.728608 3.220703 2.014 0 0.000
9901.00 1304.81 98.173458 0.0108650197770354 0.012798 246.782432 -1233436.856893 30.543931 125.097340 -23.844223 1424.871645 -9.561 -9.561 2.728648 3.220467 2.019 0 0.000
9801.00 1304.33 98.087679 0.0108831470817967 0.012818 246.542645 -1232693.755700 30.519551 124.994104 -23.833100 1423.667326 -9.523 -9.523 2.728706 3.220230 2.025 0 0.000
9701.00 1303.84 98.000178 0.0109020702652754 0.012839 246.298226 -1231928.783407 30.494639 124.888698 -23.821611 1422.440519 -9.485 -9.485 2.728780 3.219992 2.030 0 0.000
9601.00 1303.35 97.910882 0.0109218346850800 0.012861 246.048977 -1231141.010089 30.469171 124.781031 -23.809747 1421.190303 -9.447 -9.447 2.728871 3.219754 2.035 0 0.000
9501.00 1302.85 97.819712 0.0109424887532661 0.012884 245.794691 -1230329.454079 30.443124 124.671003 -23.797494 1419.915708 -9.409 -9.409 2.728978 3.219516 2.040 0 0.000
9401.00 1302.35 97.726587 0.0109640841707307 0.012908 245.535146 -1229493.078591 30.416473 124.558513 -23.784839 1418.615708 -9.371 -9.371 2.729101 3.219276 2.045 0 0.000
9301.00 1301.84 97.631419 0.0109866761770937 0.012933 245.270110 -1228630.788076 30.389191 124.443450 -23.771771 1417.289222 -9.333 -9.333 2.729237 3.219037 2.050 0 0.000
9201.00 1301.32 97.534115 0.0110103238227536 0.012959 244.999337 -1227741.424331 30.361249 124.325700 -23.758274 1415.935106 -9.295 -9.295 2.729387 3.218796 2.055 0 0.000
9101.00 1300.80 97.434579 0.0110350902635016 0.012986 244.722567 -1226823.762303 30.332618 124.205141 -23.744336 1414.552151 -9.257 -9.257 2.729549 3.218555 2.059 0 0.000
9001.00 1300.27 97.332706 0.0110610430541003 0.013015 244.439525 -1225876.505600 30.303267 124.081642 -23.729939 1413.139078 -9.219 -9.219 2.729723 3.218313 2.064 0 0.000
8901.00 1299.73 97.228389 0.0110882545336153 0.013045 244.149921 -1224898.281685 30.273161 123.955069 -23.715070 1411.694534 -9.181 -9.181 2.729906 3.218071 2.069 0 0.000
8801.00 1299.18 97.121511 0.0111168021201017 0.013077 243.853447 -1223887.636671 30.242266 123.825276 -23.699712 1410.217084 -9.144 -9.144 2.730099 3.217827 2.073 0 0.000
8701.00 1298.63 97.011950 0.0111467687340183 0.013110 243.549776 -1222843.029820 30.210545 123.692109 -23.683848 1408.705211 -9.107 -9.107 2.730298 3.217583 2.078 0 0.000
8601.00 1298.07 96.899576 0.0111782431913976 0.013145 243.238565 -1221762.827608 30.177957 123.555407 -23.667459 1407.157304 -9.069 -9.069 2.730503 3.217338 2.082 0 0.000
8501.00 1297.49 96.784251 0.0112113206221818 0.013182 242.919446 -1220645.297389 30.144460 123.414997 -23.650528 1405.571658 -9.032 -9.032 2.730712 3.217093 2.087 0 0.000
8401.00 1296.91 96.665830 0.0112461029134404 0.013221 242.592032 -1219488.600655 30.110010 123.270697 -23.633034 1403.946462 -8.996 -8.996 2.730922 3.216846 2.091 0 0.000
8301.00 1296.32 96.544158 0.0112826991610179 0.013262 242.255912 -1218290.785853 30.074560 123.122312 -23.614958 1402.279793 -8.959 -8.959 2.731132 3.216598 2.096 0 0.000
8201.00 1295.72 96.419070 0.0113212261286607 0.013305 241.910648 -1217049.780782 30.038059 122.969637 -23.596277 1400.569613 -8.923 -8.923 2.731340 3.216350 2.100 0 0.000
8101.00 1295.10 96.290392 0.0113618086999417 0.013350 241.555779 -1215763.384551 30.000453 122.812454 -23.576968 1398.813754 -8.888 -8.888 2.731544 3.216100 2.104 0 0.000
8001.00 1294.48 96.157938 0.0114045803177333 0.013399 241.190813 -1214429.259150 29.961688 122.650531 -23.557009 1397.009915 -8.853 -8.853 2.731740 3.215850 2.109 0 0.000
7901.00 1293.84 96.021513 0.0114496833827803 0.013450 240.815227 -1213044.920639 29.921701 122.483620 -23.536372 1395.155651 -8.818 -8.818 2.731926 3.215598 2.114 0 0.000
7801.00 1293.19 95.880906 0.0114972695971656 0.013503 240.428469 -1211607.730035 29.880430 122.311462 -23.515033 1393.248366 -8.784 -8.784 2.732099 3.215345 2.118 0 0.000
7701.00 1292.53 95.735896 0.0115475002064973 0.013560 240.029950 -1210114.883992 29.837807 122.133777 -23.492961 1391.285299 -8.750 -8.750 2.732256 3.215091 2.123 0 0.000
7601.00 1291.85 95.586248 0.0116005461199302 0.013621 239.619049 -1208563.405397 29.793759 121.950271 -23.470128 1389.263521 -8.717 -8.717 2.732394 3.214835 2.128 0 0.000
7501.00 1291.16 95.431713 0.0116565878257444 0.013685 239.195104 -1206950.134060 29.748210 121.760631 -23.446500 1387.179918 -8.684 -8.684 2.732510 3.214579 2.133 0 0.000
7401.00 1290.45 95.272025 0.0117158150456553 0.013753 238.757416 -1205271.717778 29.701080 121.564525 -23.422045 1385.031190 -8.652 -8.652 2.732599 3.214321 2.138 0 0.000
7301.00 1289.72 95.106904 0.0117784260424580 0.013825 238.305245 -1203524.604083 29.652282 121.361602 -23.396725 1382.813833 -8.621 -8.621 2.732658 3.214061 2.144 0 0.000
7201.00 1288.98 94.936055 0.0118446264529146 0.013901 237.837808 -1201705.033135 29.601727 121.151489 -23.370502 1380.524140 -8.590 -8.590 2.732683 3.213800 2.149 0 0.000
7101.00 1288.21 94.759165 0.0119146274833336 0.013982 237.354279 -1199809.032333 29.549317 120.933794 -23.343334 1378.158187 -8.561 -8.561 2.732669 3.213538 2.155 0 0.000
7001.00 1287.43 94.575904 0.0119886433378010 0.014068 236.853792 -1197832.413415 29.494952 120.708103 -23.315174 1375.711832 -8.532 -8.532 2.732612 3.213273 2.161 0 0.000
6901.00 1286.63 94.385926 0.0120668875928983 0.014159 236.335433 -1195770.772985 29.438526 120.473979 -23.285976 1373.180715 -8.504 -8.504 2.732507 3.213007 2.168 0 0.000
6801.00 1285.80 94.188871 0.0121495682961949 0.014255 235.798252 -1193619.497687 29.379928 120.230966 -23.255685 1370.560253 -8.477 -8.477 2.732350 3.212740 2.174 0 0.000
6701.00 1284.95 93.984360 0.0122368814581804 0.014357 235.241257 -1191373.775545 29.319042 119.978589 -23.224243 1367.845656 -8.451 -8.451 2.732134 3.212470 2.182 0 0.000
6601.00 1284.08 93.772005 0.0123290025634296 0.014465 234.663424 -1189028.615295 29.255747 119.716353 -23.191588 1365.031935 -8.426 -8.426 2.731855 3.212199 2.189 0 0.000
6501.00 1283.17 93.551403 0.0124260757407491 0.014580 234.063700 -1186578.875996 29.189920 119.443749 -23.157650 1362.113926 -8.402 -8.402 2.731508 3.211926 2.197 0 0.000
6401.00 1282.25 93.322148 0.0125282001497660 0.014700 233.441017 -1184019.309530 29.121435 119.160256 -23.122351 1359.086326 -8.379 -8.379 2.731085 3.211651 2.206 0 0.000
6301.00 1281.29 93.083828 0.0126354132274921 0.014827 232.794300 -1181344.619081 29.050162 118.865349 -23.085607 1355.943743 -8.357 -8.357 2.730583 3.211373 2.215 0 0.000
6201.00 1280.31 92.836036 0.0127476705207916 0.014961 232.122487 -1178549.537020 28.975977 118.558504 -23.047323 1352.680756 -8.337 -8.337 2.729994 3.211094 2.225 0 0.000
6101.00 1279.29 92.578376 0.0128648219967082 0.015100 231.424550 -1175628.925812 28.898753 118.239208 -23.007395 1349.292013 -8.318 -8.318 2.729313 3.210813 2.235 0 0.000
6001.00 1278.24 92.310477 0.0129865851241630 0.015246 230.699523 -1172577.905577 28.818375 117.906973 -22.965705 1345.772334 -8.300 -8.300 2.728534 3.210530 2.246 0 0.000
5901.00 1277.16 92.031999 0.0131125154520660 0.015397 229.946536 -1169392.011433 28.734732 117.561350 -22.922125 1342.116862 -8.283 -8.283 2.727652 3.210244 2.258 0 0.000
5801.00 1276.04 91.742654 0.0132419761889790 0.015553 229.164853 -1166067.382736 28.647732 117.201947 -22.876512 1338.321237 -8.268 -8.268 2.726661 3.209957 2.270 0 0.000
5701.00 1274.89 91.442222 0.0133741091443119 0.015712 228.353922 -1162600.984439 28.557301 116.828453 -22.828712 1334.381804 -8.254 -8.254 2.725556 3.209668 2.283 0 0.000
5601.00 1273.71 91.130570 0.0135078104284157 0.015875 227.513423 -1158990.857876 28.463388 116.440661 -22.778559 1330.295867 -8.242 -8.242 2.724334 3.209377 2.297 0 0.000
5501.00 1272.49 90.807672 0.0136417152854550 0.016038 226.643332 -1155236.394328 28.365979 116.038493 -22.725878 1326.061959 -8.231 -8.231 2.722991 3.209084 2.312 0 0.000
5401.00 1271.24 90.473636 0.0137741970929417 0.016200 225.743974 -1151338.619664 28.265096 115.622036 -22.670492 1321.680149 -8.221 -8.221 2.721525 3.208790 2.328 0 0.000
5301.00 1269.96 90.128722 0.0139033856162628 0.016360 224.816081 -1147300.472795 28.160808 115.191561 -22.612226 1317.152347 -8.213 -8.213 2.719935 3.208495 2.344 0 0.000
5201.00 1268.64 89.773361 0.0140272085333378 0.016514 223.860845 -1143127.055242 28.053235 114.747557 -22.550919 1312.482605 -8.206 -8.206 2.718220 3.208199 2.361 0 0.000
5101.00 1267.30 89.408173 0.0141434580499459 0.016660 222.879955 -1138825.825200 27.942557 114.290748 -22.486437 1307.677366 -8.200 -8.200 2.716384 3.207902 2.380 0 0.000
5001.00 1265.93 89.033972 0.0142498808422602 0.016795 221.875614 -1134406.708305 27.829011 113.822105 -22.418684 1302.745651 -8.195 -8.195 2.714429 3.207605 2.399 0 0.000
4901.00 1264.54 88.651766 0.0143442853754580 0.016918 220.850542 -1129882.100404 27.712897 113.342850 -22.347613 1297.699137 -8.192 -8.192 2.712359 3.207309 2.418 0 0.000
4801.00 1263.13 88.262747 0.0144246565641693 0.017024 219.807938 -1125266.745459 27.594573 112.854448 -22.273248 1292.552100 -8.189 -8.189 2.710182 3.207013 2.439 0 0.000
4701.00 1261.70 87.868270 0.0144892650527563 0.017113 218.751432 -1120577.483989 27.474446 112.358576 -22.195680 1287.321224 -8.188 -8.188 2.707904 3.206718 2.460 0 0.000
4601.00 1260.27 87.469822 0.0145367580398152 0.017182 217.684995 -1115832.882343 27.352971 111.857095 -22.115085 1282.025259 -8.187 -8.187 2.705534 3.206424 2.481 0 0.000
4501.00 1258.83 87.068984 0.0145662209512835 0.017230 216.612848 -1111052.767725 27.230632 111.351999 -22.031714 1276.684554 -8.188 -8.188 2.703080 3.206132 2.504 0 0.000
4401.00 1257.40 86.667392 0.0145772039940018 0.017258 215.539340 -1106257.705263 27.107932 110.845362 -21.945889 1271.320509 -8.189 -8.189 2.700553 3.205843 2.526 0 0.000
4301.00 1255.97 86.266690 0.0145697133175507 0.017264 214.468843 -1101468.458888 26.985383 110.339284 -21.857996 1265.954986 -8.190 -8.190 2.697961 3.205556 2.549 0 0.000
4201.00 1254.55 85.868494 0.0145441719378662 0.017248 213.405636 -1096705.476561 26.863486 109.835841 -21.768467 1260.609718 -8.193 -8.193 2.695313 3.205272 2.572 0 0.000
4101.00 1253.14 85.474352 0.0145013593513401 0.017213 212.353818 -1091988.433145 26.742728 109.337029 -21.677763 1255.305784 -8.196 -8.196 2.692619 3.204991 2.596 0 0.000
4001.00 1251.76 85.085715 0.0144423400836964 0.017159 211.317224 -1087335.852957 26.623565 108.844733 -21.586361 1250.063152 -8.199 -8.199 2.689887 3.204714 2.619 0 0.000
3901.00 1250.40 84.703917 0.0143683908836157 0.017087 210.299371 -1082764.821820 26.506418 108.360693 -21.494737 1244.900333 -8.203 -8.203 2.687123 3.204440 2.643 0 0.000
3801.00 1249.06 84.330160 0.0142809340299731 0.016999 209.303416 -1078290.787237 26.391670 107.886482 -21.403356 1239.834129 -8.207 -8.207 2.684336 3.204169 2.666 0 0.000
3701.00 1247.76 83.965501 0.0141814811863404 0.016897 208.332137 -1073927.437128 26.279659 107.423493 -21.312661 1234.879480 -8.212 -8.212 2.681530 3.203902 2.690 0 0.000
3601.00 1246.49 83.610855 0.0140715894922646 0.016783 207.387920 -1069686.642939 26.170678 106.972937 -21.223065 1230.049389 -8.217 -8.217 2.678711 3.203639 2.713 0 0.000
3501.00 1245.25 83.266987 0.0139528292457509 0.016658 206.472766 -1065578.451591 26.064975 106.535837 -21.134952 1225.354906 -8.223 -8.223 2.675884 3.203380 2.737 0 0.000
3401.00 1244.05 82.934522 0.0138267607898475 0.016523 205.588290 -1061611.111932 25.962755 106.113033 -21.048669 1220.805157 -8.229 -8.229 2.673052 3.203124 2.760 0 0.000
3301.00 1242.88 82.613946 0.0136949177209336 0.016382 204.735744 -1057791.124422 25.864179 105.705189 -20.964527 1216.407399 -8.236 -8.236 2.670219 3.202871 2.782 0 0.000
3201.00 1241.76 82.305611 0.0135587933098624 0.016235 203.916026 -1054123.306285 25.769366 105.312796 -20.882802 1212.167095 -8.243 -8.243 2.667387 3.202622 2.805 0 0.000
3101.00 1240.67 82.009743 0.0134198276423778 0.016085 203.129699 -1050610.867996 25.678397 104.936182 -20.803733 1208.087999 -8.251 -8.251 2.664559 3.202376 2.827 0 0.000
3001.00 1239.62 81.726451 0.0132793938817848 0.015932 202.377012 -1047255.499819 25.591314 104.575524 -20.727522 1204.172247 -8.259 -8.259 2.661736 3.202133 2.849 0 0.000
2901.00 1238.61 81.455731 0.0131387831050544 0.015779 201.657924 -1044057.468990 25.508125 104.230850 -20.654337 1200.420458 -8.267 -8.267 2.658920 3.201893 2.870 0 0.000
2801.00 1237.64 81.197476 0.0129991881393141 0.015627 200.972121 -1041015.728784 25.428805 103.902058 -20.584306 1196.831846 -8.276 -8.276 2.656112 3.201655 2.891 0 0.000
2701.00 1236.70 80.951490 0.0128616877002368 0.015477 200.319049 -1038128.040392 25.353300 103.588925 -20.517525 1193.404343 -8.286 -8.286 2.653314 3.201420 2.912 0 0.000
2601.00 1235.80 80.717492 0.0127272324131203 0.015331 199.697940 -1035391.107216 25.281531 103.291119 -20.454050 1190.134735 -8.296 -8.296 2.650526 3.201188 2.932 0 0.000
2501.00 1234.94 80.495133 0.0125966343612561 0.015189 199.107841 -1032800.719718 25.213394 103.008215 -20.393906 1187.018811 -8.306 -8.306 2.647748 3.200957 2.952 0 0.000
2401.00 1234.11 80.284005 0.0124705614121332 0.015051 198.547650 -1030351.907303 25.148768 102.739710 -20.337084 1184.051516 -8.317 -8.317 2.644982 3.200728 2.972 0 0.000
2301.00 1233.56 80.083655 0.0115789664183978 0.013993 198.016144 -1028039.077487 25.083176 102.469111 -20.181968 1180.780618 -8.310 -8.310 2.641887 3.200541 2.991 0 0.000
2201.00 1233.13 79.955929 0.0111986248833276 0.013550 197.677249 -1026654.197844 25.042875 102.301506 -20.115381 1178.777989 -8.294 -8.294 2.638636 3.200373 3.010 0 0.000
2101.00 1232.71 79.859123 0.0111843564029880 0.013549 197.420323 -1025664.174522 25.014185 102.180711 -20.106491 1177.396342 -8.279 -8.279 2.635381 3.200206 3.030 0 0.000
2001.00 1232.28 79.763586 0.0111705803132069 0.013548 197.166689 -1024689.391738 24.985886 102.061440 -20.098028 1176.030804 -8.263 -8.263 2.632121 3.200040 3.049 0 0.000
1901.00 1231.86 79.669274 0.0111572278541674 0.013548 196.916232 -1023729.316719 24.957965 101.943641 -20.089970 1174.680653 -8.248 -8.248 2.628859 3.199874 3.068 0 0.000
1801.00 1231.45 79.576147 0.0111442360990132 0.013548 196.668851 -1022783.489768 24.930408 101.827265 -20.082296 1173.345247 -8.233 -8.233 2.625593 3.199709 3.087 0 0.000
1701.00 1231.03 79.484173 0.0111315480879110 0.013549 196.424462 -1021851.517952 24.903207 101.712272 -20.074987 1172.024026 -8.218 -8.218 2.622326 3.199545 3.105 0 0.000
1601.00 1230.62 79.393324 0.0111191129664257 0.013549 196.182990 -1020933.068687 24.876351 101.598629 -20.068025 1170.716499 -8.203 -8.203 2.619057 3.199381 3.124 0 0.000
1501.00 1230.22 79.303577 0.0111068861233916 0.013551 195.944375 -1020027.863209 24.849834 101.486306 -20.061395 1169.422240 -8.189 -8.189 2.615787 3.199218 3.142 0 0.000
1401.00 1229.81 79.214910 0.0110948293128570 0.013552 195.708564 -1019135.669935 24.823650 101.375281 -20.055082 1168.140880 -8.176 -8.176 2.612517 3.199055 3.160 0 0.000
1301.00 1229.41 79.127307 0.0110829107499428 0.013554 195.475514 -1018256.297728 24.797792 101.265532 -20.049076 1166.872099 -8.163 -8.163 2.609248 3.198893 3.178 0 0.000
1201.00 1229.01 79.040754 0.0110711051760586 0.013555 195.245188 -1017389.589096 24.772257 101.157046 -20.043364 1165.615624 -8.150 -8.150 2.605981 3.198731 3.195 0 0.000
1101.00 1228.61 78.955238 0.0110593938756766 0.013557 195.017555 -1016535.413342 24.747040 101.049808 -20.037938 1164.371214 -8.138 -8.138 2.602715 3.198570 3.213 0 0.000
1001.00 1228.22 78.794434 0.0100746688112235 0.012367 194.589380 -1014709.808303 24.692700 100.827076 -19.868407 1161.688538 -8.126 -8.126 2.599461 3.198409 3.229 0 0.000
901.00 1227.82 78.788491 0.0110366385170269 0.013561 194.573552 -1014880.117127 24.697940 100.840699 -20.028291 1161.932794 -8.116 -8.116 2.596201 3.198248 3.246 0 0.000
801.00 1227.43 78.705991 0.0110251378107514 0.013563 194.353757 -1014062.471335 24.673650 100.737100 -20.023671 1160.722943 -8.106 -8.106 2.592945 3.198088 3.262 0 0.000
701.00 1227.04 78.624492 0.0110137225441061 0.013565 194.136566 -1013256.994052 24.649668 100.634715 -20.019313 1159.524449 -8.097 -8.097 2.589695 3.197928 3.278 0 0.000
601.00 1226.65 78.543983 0.0110024049261824 0.013568 193.921955 -1012463.585936 24.625992 100.533535 -20.015214 1158.337146 -8.089 -8.089 2.586451 3.197769 3.294 0 0.000
501.00 1226.27 78.464455 0.0109912027482156 0.013570 193.709897 -1011682.135666 24.602617 100.433548 -20.011372 1157.160864 -8.082 -8.082 2.583213 3.197610 3.309 0 0.000
401.00 1225.88 78.385895 0.0109801390599515 0.013572 193.500363 -1010912.514246 24.579540 100.334744 -20.007783 1155.995423 -8.075 -8.075 2.579983 3.197451 3.324 0 0.000
301.00 1225.50 78.308290 0.0109692418231358 0.013575 193.293317 -1010154.569646 24.556758 100.237107 -20.004448 1154.840629 -8.070 -8.070 2.576761 3.197293 3.339 0 0.000
201.00 1225.12 78.231624 0.0109585435617532 0.013578 193.088720 -1009408.121834 24.534265 100.140621 -20.001364 1153.696263 -8.065 -8.065 2.573547 3.197135 3.353 0 0.000
101.00 1224.74 78.155878 0.0109480810196522 0.013581 192.886524 -1008672.958169 24.512056 100.045264 -19.998532 1152.562082 -8.061 -8.061 2.570343 3.196977 3.366 0 0.000
1.00 1224.37 78.081031 0.0109378946935152 0.013584 192.686675 -1007948.829173 24.490126 99.951014 -19.996031 1151.437166 -8.059 -8.059 2.567135 3.196820 3.379 0 0.000
