Title: Depleted MORB Mantle of Workmann & Hart 2005

Phase Masses:
Pressure Temperature mass liquid_0 olivine_0 garnet_0 orthopyroxene_0 clinopyroxene_0 feldspar_0 spinel_0 
44001.00 1536.29 100.138999 0.232760 58.775715 12.466350 13.364460 14.174050 0.000000 1.125663 
43901.00 1536.06 100.138999 0.230173 58.777744 12.450427 13.365018 14.188543 0.000000 1.127093 
43801.00 1535.84 100.138999 0.227635 58.779701 12.434421 13.365676 14.203030 0.000000 1.128536 
43701.00 1535.61 100.138999 0.225144 58.781584 12.418334 13.366434 14.217510 0.000000 1.129993 
43601.00 1535.38 100.138999 0.222702 58.783393 12.402162 13.367293 14.231984 0.000000 1.131465 
43501.00 1535.16 100.138999 0.220308 58.785128 12.385906 13.368254 14.246452 0.000000 1.132950 
43401.00 1534.93 100.138999 0.217963 58.786789 12.369565 13.369319 14.260913 0.000000 1.134450 
43301.00 1534.70 100.138999 0.215666 58.788376 12.353138 13.370489 14.275367 0.000000 1.135964 
43201.00 1534.47 100.138999 0.213417 58.789887 12.336623 13.371764 14.289815 0.000000 1.137493 
43101.00 1534.24 100.138999 0.211217 58.791323 12.320020 13.373146 14.304256 0.000000 1.139037 
43001.00 1534.02 100.138999 0.209065 58.792684 12.303328 13.374635 14.318690 0.000000 1.140596 
42901.00 1533.79 100.138999 0.206963 58.793968 12.286546 13.376234 14.333117 0.000000 1.142171 
42801.00 1533.56 100.138999 0.204908 58.795177 12.269673 13.377942 14.347538 0.000000 1.143761 
42701.00 1533.33 100.138999 0.202903 58.796309 12.252707 13.379761 14.361952 0.000000 1.145367 
42601.00 1533.10 100.138999 0.200947 58.797364 12.235648 13.381693 14.376358 0.000000 1.146989 
42501.00 1532.87 100.138999 0.199039 58.798342 12.218495 13.383738 14.390758 0.000000 1.148628 
42401.00 1532.64 100.138999 0.197181 58.799242 12.201246 13.385898 14.405150 0.000000 1.150283 
42301.00 1532.40 100.138999 0.195372 58.800064 12.183901 13.388173 14.419535 0.000000 1.151954 
42201.00 1532.17 100.138999 0.193612 58.800808 12.166457 13.390565 14.433913 0.000000 1.153643 
42101.00 1531.94 100.138999 0.191902 58.801473 12.148915 13.393076 14.448284 0.000000 1.155349 
42001.00 1531.71 100.138999 0.190242 58.802059 12.131273 13.395705 14.462647 0.000000 1.157072 
41901.00 1531.48 100.138999 0.188631 58.802565 12.113530 13.398456 14.477004 0.000000 1.158814 
41801.00 1531.24 100.138999 0.187071 58.802991 12.095684 13.401328 14.491352 0.000000 1.160573 
41701.00 1531.01 100.138999 0.185560 58.803337 12.077735 13.404323 14.505694 0.000000 1.162350 
41601.00 1530.78 100.138999 0.184100 58.803602 12.059680 13.407443 14.520028 0.000000 1.164146 
41501.00 1530.54 100.138999 0.182690 58.803786 12.041519 13.410688 14.534355 0.000000 1.165961 
41401.00 1530.31 100.138999 0.181331 58.803888 12.023251 13.414060 14.548674 0.000000 1.167795 
41301.00 1530.07 100.138999 0.180023 58.803908 12.004873 13.417561 14.562986 0.000000 1.169648 
41201.00 1529.84 100.138999 0.178766 58.803845 11.986386 13.421191 14.577290 0.000000 1.171521 
41101.00 1529.60 100.138999 0.177560 58.803700 11.967786 13.424952 14.591587 0.000000 1.173414 
41001.00 1529.36 100.138999 0.176405 58.803470 11.949073 13.428846 14.605877 0.000000 1.175327 
40901.00 1529.13 100.138999 0.175303 58.803157 11.930246 13.432873 14.620159 0.000000 1.177261 
40801.00 1528.89 100.138999 0.174252 58.802759 11.911303 13.437035 14.634434 0.000000 1.179215 
40701.00 1528.65 100.138999 0.173253 58.802276 11.892242 13.441334 14.648702 0.000000 1.181191 
40601.00 1528.42 100.138999 0.172307 58.801708 11.873062 13.445771 14.662962 0.000000 1.183188 
40501.00 1528.18 100.138999 0.171414 58.801053 11.853762 13.450348 14.677216 0.000000 1.185207 
40401.00 1527.94 100.138999 0.170573 58.800312 11.834339 13.455065 14.691461 0.000000 1.187248 
40301.00 1527.70 100.138999 0.169786 58.799484 11.814792 13.459924 14.705700 0.000000 1.189312 
40201.00 1527.46 100.138999 0.169052 58.798568 11.795120 13.464928 14.719932 0.000000 1.191398 
40101.00 1527.22 100.138999 0.168372 58.797564 11.775321 13.470077 14.734157 0.000000 1.193508 
40001.00 1526.98 100.138999 0.167746 58.796471 11.755393 13.475372 14.748375 0.000000 1.195641 
39901.00 1526.74 100.138999 0.167175 58.795289 11.735334 13.480816 14.762586 0.000000 1.197799 
39801.00 1526.50 100.138999 0.166658 58.794017 11.715143 13.486411 14.776790 0.000000 1.199980 
39701.00 1526.26 100.138999 0.166197 58.792655 11.694817 13.492156 14.790988 0.000000 1.202187 
39601.00 1526.02 100.138999 0.165791 58.791201 11.674355 13.498055 14.805179 0.000000 1.204418 
39501.00 1525.77 100.138999 0.165440 58.789656 11.653755 13.504109 14.819364 0.000000 1.206675 
39401.00 1525.53 100.138999 0.165146 58.788018 11.633016 13.510319 14.833543 0.000000 1.208958 
39301.00 1525.29 100.138999 0.164908 58.786288 11.612134 13.516687 14.847716 0.000000 1.211267 
39201.00 1525.04 100.138999 0.164727 58.784463 11.591108 13.523215 14.861883 0.000000 1.213602 
39101.00 1524.80 100.138999 0.164603 58.782545 11.569937 13.529904 14.876045 0.000000 1.215965 
39001.00 1524.56 100.138999 0.164537 58.780532 11.548617 13.536756 14.890201 0.000000 1.218356 
38901.00 1524.31 100.138999 0.164529 58.778423 11.527148 13.543773 14.904352 0.000000 1.220774 
38801.00 1524.07 100.138999 0.164579 58.776218 11.505525 13.550957 14.918497 0.000000 1.223222 
38701.00 1523.82 100.138999 0.164688 58.773916 11.483749 13.558309 14.932638 0.000000 1.225698 
38601.00 1523.57 100.138999 0.164857 58.771517 11.461815 13.565832 14.946775 0.000000 1.228203 
38501.00 1523.33 100.138999 0.165085 58.769019 11.439722 13.573526 14.960907 0.000000 1.230739 
38401.00 1523.08 100.138999 0.165374 58.766423 11.417468 13.581394 14.975036 0.000000 1.233304 
38301.00 1522.83 100.138999 0.165723 58.763727 11.395050 13.589438 14.989160 0.000000 1.235901 
38201.00 1522.58 100.138999 0.166133 58.760930 11.372466 13.597659 15.003282 0.000000 1.238529 
38101.00 1522.34 100.138999 0.166606 58.758032 11.349712 13.606059 15.017400 0.000000 1.241190 
38001.00 1522.09 100.138999 0.167140 58.755032 11.326788 13.614641 15.031516 0.000000 1.243882 
37901.00 1521.84 100.138999 0.167737 58.751930 11.303689 13.623406 15.045630 0.000000 1.246608 
37801.00 1521.59 100.138999 0.168397 58.748724 11.280414 13.632356 15.059741 0.000000 1.249367 
37701.00 1521.34 100.138999 0.169121 58.745413 11.256959 13.641493 15.073851 0.000000 1.252161 
37601.00 1521.09 100.138999 0.169909 58.741998 11.233322 13.650820 15.087961 0.000000 1.254989 
37501.00 1520.84 100.138999 0.170762 58.738477 11.209501 13.660337 15.102069 0.000000 1.257853 
37401.00 1520.58 100.138999 0.171681 58.734849 11.185491 13.670048 15.116178 0.000000 1.260753 
37301.00 1520.33 100.138999 0.172665 58.731114 11.161291 13.679954 15.130287 0.000000 1.263689 
37201.00 1520.08 100.138999 0.173716 58.727270 11.136897 13.690057 15.144397 0.000000 1.266662 
37101.00 1519.82 100.138999 0.174835 58.723317 11.112306 13.700360 15.158508 0.000000 1.269673 
37001.00 1519.57 100.138999 0.176021 58.719254 11.087515 13.710864 15.172622 0.000000 1.272723 
36901.00 1519.32 100.138999 0.177276 58.715080 11.062521 13.721572 15.186738 0.000000 1.275812 
36801.00 1519.06 100.138999 0.178600 58.710794 11.037321 13.732486 15.200857 0.000000 1.278941 
36701.00 1518.81 100.138999 0.179994 58.706396 11.011911 13.743608 15.214980 0.000000 1.282110 
36601.00 1518.55 100.138999 0.181458 58.701883 10.986288 13.754940 15.229108 0.000000 1.285321 
36501.00 1518.29 100.138999 0.182994 58.697256 10.960449 13.766485 15.243241 0.000000 1.288574 
36401.00 1518.04 100.138999 0.184602 58.692513 10.934390 13.778245 15.257380 0.000000 1.291869 
36301.00 1517.78 100.138999 0.186282 58.687654 10.908106 13.790222 15.271526 0.000000 1.295208 
36201.00 1517.52 100.138999 0.188036 58.682677 10.881596 13.802419 15.285679 0.000000 1.298592 
36101.00 1517.26 100.138999 0.189864 58.677582 10.854854 13.814838 15.299840 0.000000 1.302020 
36001.00 1517.00 100.138999 0.191767 58.672367 10.827878 13.827482 15.314011 0.000000 1.305494 
35901.00 1516.74 100.138999 0.193746 58.667031 10.800663 13.840352 15.328192 0.000000 1.309016 
35801.00 1516.48 100.138999 0.195801 58.661574 10.773205 13.853451 15.342384 0.000000 1.312584 
35701.00 1516.22 100.138999 0.197934 58.655994 10.745499 13.866782 15.356588 0.000000 1.316201 
35601.00 1515.96 100.138999 0.200145 58.650291 10.717543 13.880348 15.370805 0.000000 1.319868 
35501.00 1515.70 100.138999 0.202435 58.644462 10.689332 13.894150 15.385035 0.000000 1.323585 
35401.00 1515.43 100.138999 0.204805 58.638507 10.660861 13.908192 15.399281 0.000000 1.327352 
35301.00 1515.17 100.138999 0.207257 58.632426 10.632125 13.922477 15.413543 0.000000 1.331172 
35201.00 1514.90 100.138999 0.209790 58.626216 10.603121 13.937005 15.427822 0.000000 1.335046 
35101.00 1514.64 100.138999 0.212405 58.619876 10.573844 13.951782 15.442119 0.000000 1.338973 
35001.00 1514.37 100.138999 0.215105 58.613406 10.544288 13.966808 15.456436 0.000000 1.342955 
34901.00 1514.11 100.138999 0.217889 58.606804 10.514450 13.982088 15.470774 0.000000 1.346993 
34801.00 1513.84 100.138999 0.220759 58.600069 10.484324 13.997623 15.485134 0.000000 1.351089 
34701.00 1513.57 100.138999 0.223716 58.593200 10.453905 14.013418 15.499517 0.000000 1.355243 
34601.00 1513.31 100.138999 0.226761 58.586195 10.423188 14.029473 15.513926 0.000000 1.359456 
34501.00 1513.04 100.138999 0.229895 58.579054 10.392168 14.045793 15.528360 0.000000 1.363729 
34401.00 1512.77 100.138999 0.233118 58.571774 10.360839 14.062381 15.542823 0.000000 1.368065 
34301.00 1512.50 100.138999 0.236433 58.564354 10.329196 14.079238 15.557315 0.000000 1.372463 
34201.00 1512.23 100.138999 0.239840 58.556794 10.297233 14.096370 15.571838 0.000000 1.376925 
34101.00 1511.96 100.138999 0.243340 58.549092 10.264944 14.113778 15.586393 0.000000 1.381452 
34001.00 1511.68 100.138999 0.246935 58.541246 10.232325 14.131465 15.600983 0.000000 1.386046 
33901.00 1511.41 100.138999 0.250626 58.533254 10.199367 14.149436 15.615609 0.000000 1.390707 
33801.00 1511.14 100.138999 0.254413 58.525117 10.166067 14.167692 15.630272 0.000000 1.395438 
33701.00 1510.86 100.138999 0.258299 58.516831 10.132416 14.186238 15.644975 0.000000 1.400239 
33601.00 1510.59 100.138999 0.262285 58.508396 10.098409 14.205077 15.659720 0.000000 1.405112 
33501.00 1510.31 100.138999 0.266371 58.499809 10.064040 14.224212 15.674509 0.000000 1.410058 
33401.00 1510.04 100.138999 0.270560 58.491070 10.029301 14.243646 15.689343 0.000000 1.415079 
33301.00 1509.76 100.138999 0.274852 58.482177 9.994186 14.263384 15.704224 0.000000 1.420176 
33201.00 1509.48 100.138999 0.279250 58.473128 9.958687 14.283427 15.719156 0.000000 1.425351 
33101.00 1509.20 100.138999 0.283754 58.463921 9.922798 14.303782 15.734140 0.000000 1.430605 
33001.00 1508.92 100.138999 0.288365 58.454556 9.886511 14.324449 15.749178 0.000000 1.435940 
32901.00 1508.64 100.138999 0.293087 58.445029 9.849819 14.345435 15.764273 0.000000 1.441357 
32801.00 1508.36 100.138999 0.297919 58.435340 9.812714 14.366741 15.779427 0.000000 1.446858 
32701.00 1508.08 100.138999 0.302864 58.425486 9.775188 14.388373 15.794643 0.000000 1.452445 
32601.00 1507.80 100.138999 0.307923 58.415466 9.737233 14.410334 15.809923 0.000000 1.458120 
32501.00 1507.51 100.138999 0.313097 58.405278 9.698842 14.432627 15.825271 0.000000 1.463884 
32401.00 1507.23 100.138999 0.318389 58.394919 9.660005 14.455258 15.840688 0.000000 1.469739 
32301.00 1506.94 100.138999 0.323801 58.384389 9.620713 14.478230 15.856178 0.000000 1.475688 
32201.00 1506.66 100.138999 0.329333 58.373685 9.580960 14.501547 15.871744 0.000000 1.481731 
32101.00 1506.37 100.138999 0.334987 58.362805 9.540734 14.525214 15.887388 0.000000 1.487871 
32001.00 1506.08 100.138999 0.340767 58.351747 9.500027 14.549234 15.903114 0.000000 1.494110 
31901.00 1505.79 100.138999 0.346672 58.340509 9.458830 14.573613 15.918925 0.000000 1.500450 
31801.00 1505.50 100.138999 0.352706 58.329089 9.417133 14.598354 15.934824 0.000000 1.506893 
31701.00 1505.21 100.138999 0.358870 58.317484 9.374926 14.623463 15.950815 0.000000 1.513441 
31601.00 1504.92 100.138999 0.365166 58.305692 9.332198 14.648944 15.966901 0.000000 1.520097 
31501.00 1504.63 100.138999 0.371597 58.293712 9.288941 14.674801 15.983086 0.000000 1.526863 
31401.00 1504.33 100.138999 0.378164 58.281540 9.245142 14.701041 15.999373 0.000000 1.533740 
31301.00 1504.04 100.138999 0.384869 58.269175 9.200791 14.727666 16.015766 0.000000 1.540732 
31201.00 1503.74 100.138999 0.391714 58.256613 9.155877 14.754683 16.032270 0.000000 1.547841 
31101.00 1503.45 100.138999 0.398703 58.243853 9.110388 14.782097 16.048888 0.000000 1.555070 
31001.00 1503.15 100.138999 0.405837 58.230892 9.064313 14.809912 16.065624 0.000000 1.562420 
30901.00 1502.85 100.138999 0.413117 58.217727 9.017640 14.838135 16.082484 0.000000 1.569896 
30801.00 1502.55 100.138999 0.420548 58.204355 8.970356 14.866771 16.099470 0.000000 1.577498 
30701.00 1502.25 100.138999 0.428131 58.190775 8.922449 14.895825 16.116588 0.000000 1.585231 
30601.00 1501.95 100.138999 0.435869 58.176982 8.873906 14.925302 16.133843 0.000000 1.593097 
30501.00 1501.64 100.138999 0.443763 58.162974 8.824714 14.955210 16.151239 0.000000 1.601099 
30401.00 1501.34 100.138999 0.451818 58.148749 8.774858 14.985553 16.168781 0.000000 1.609240 
30301.00 1501.03 100.138999 0.460035 58.134303 8.724326 15.016338 16.186475 0.000000 1.617523 
30201.00 1500.73 100.138999 0.468417 58.119633 8.673102 15.047571 16.204325 0.000000 1.625951 
30101.00 1500.42 100.138999 0.476967 58.104736 8.621172 15.079258 16.222338 0.000000 1.634528 
30001.00 1500.11 100.138999 0.485687 58.089609 8.568521 15.111407 16.240519 0.000000 1.643257 
29901.00 1499.80 100.138999 0.494582 58.074248 8.515134 15.144022 16.258873 0.000000 1.652141 
29801.00 1499.49 100.138999 0.503653 58.058650 8.460994 15.177112 16.277406 0.000000 1.661184 
29701.00 1499.17 100.138999 0.512903 58.042812 8.406085 15.210684 16.296126 0.000000 1.670389 
29601.00 1498.86 100.138999 0.522337 58.026730 8.350391 15.244743 16.315037 0.000000 1.679761 
29501.00 1498.54 100.138999 0.531956 58.010400 8.293894 15.279299 16.334147 0.000000 1.689303 
29401.00 1498.23 100.138999 0.541764 57.993819 8.236577 15.314357 16.353462 0.000000 1.699020 
29301.00 1497.91 100.138999 0.551765 57.976982 8.178420 15.349927 16.372990 0.000000 1.708914 
29201.00 1497.59 100.138999 0.561962 57.959886 8.119407 15.386016 16.392737 0.000000 1.718991 
29101.00 1497.27 100.138999 0.572358 57.942527 8.059517 15.422631 16.412711 0.000000 1.729255 
29001.00 1496.95 100.138999 0.582958 57.924901 7.998731 15.459782 16.432919 0.000000 1.739709 
28901.00 1496.62 100.138999 0.593763 57.907002 7.937028 15.497476 16.453370 0.000000 1.750360 
28801.00 1496.30 100.138999 0.604779 57.888828 7.874387 15.535723 16.474071 0.000000 1.761211 
28701.00 1495.97 100.138999 0.616009 57.870372 7.810787 15.574531 16.495032 0.000000 1.772267 
28601.00 1495.64 100.138999 0.627457 57.851631 7.746207 15.613910 16.516259 0.000000 1.783534 
28501.00 1495.31 100.138999 0.639127 57.832600 7.680622 15.653870 16.537764 0.000000 1.795016 
28401.00 1494.98 100.138999 0.651023 57.813274 7.614010 15.694419 16.559554 0.000000 1.806720 
28301.00 1494.65 100.138999 0.663149 57.793648 7.546346 15.735569 16.581639 0.000000 1.818649 
28201.00 1494.32 100.138999 0.675509 57.773716 7.477606 15.777328 16.604029 0.000000 1.830810 
28101.00 1493.98 100.138999 0.688109 57.753473 7.407763 15.819709 16.626735 0.000000 1.843210 
28001.00 1493.64 100.138999 0.700951 57.732914 7.336792 15.862722 16.649767 0.000000 1.855853 
27901.00 1493.30 100.138999 0.714041 57.712033 7.264666 15.906378 16.673135 0.000000 1.868746 
27801.00 1492.96 100.138999 0.727384 57.690824 7.191355 15.950689 16.696852 0.000000 1.881896 
27701.00 1492.62 100.138999 0.740983 57.669281 7.116832 15.995666 16.720928 0.000000 1.895308 
27601.00 1492.27 100.138999 0.754845 57.647397 7.041066 16.041323 16.745376 0.000000 1.908991 
27501.00 1491.93 100.138999 0.768974 57.625167 6.964026 16.087672 16.770209 0.000000 1.922951 
27401.00 1491.58 100.138999 0.783374 57.602583 6.885682 16.134726 16.795439 0.000000 1.937195 
27301.00 1491.23 100.138999 0.798052 57.579640 6.805999 16.182498 16.821079 0.000000 1.951731 
27201.00 1490.87 100.138999 0.813013 57.556328 6.724943 16.231003 16.847144 0.000000 1.966567 
27101.00 1490.52 100.138999 0.828261 57.532642 6.642481 16.280255 16.873649 0.000000 1.981711 
27001.00 1490.16 100.138999 0.843803 57.508574 6.558575 16.330269 16.900607 0.000000 1.997171 
26901.00 1489.81 100.138999 0.859644 57.484116 6.473189 16.381060 16.928034 0.000000 2.012956 
26801.00 1489.44 100.138999 0.875789 57.459260 6.386283 16.432644 16.955948 0.000000 2.029075 
26701.00 1489.08 100.138999 0.892246 57.433997 6.297817 16.485038 16.984363 0.000000 2.045537 
26601.00 1488.72 100.138999 0.909019 57.408319 6.207751 16.538259 17.013299 0.000000 2.062352 
26501.00 1488.35 100.138999 0.926115 57.382218 6.116040 16.592325 17.042771 0.000000 2.079529 
26401.00 1487.98 100.138999 0.943540 57.355682 6.022642 16.647253 17.072801 0.000000 2.097080 
26301.00 1487.61 100.138999 0.961301 57.328704 5.927509 16.703063 17.103406 0.000000 2.115015 
26201.00 1487.23 100.138999 0.979404 57.301274 5.830594 16.759774 17.134607 0.000000 2.133346 
26101.00 1486.86 100.138999 0.997855 57.273380 5.731849 16.817407 17.166426 0.000000 2.152083 
26001.00 1486.48 100.138999 1.016662 57.245013 5.631221 16.875982 17.198883 0.000000 2.171238 
25901.00 1486.10 100.123573 1.020314 57.216152 5.528738 16.935496 17.232049 0.000000 2.190824 
25801.00 1485.71 100.104302 1.020375 57.186786 5.424366 16.995963 17.265960 0.000000 2.210853 
25701.00 1485.33 100.084775 1.020435 57.156900 5.318053 17.057405 17.300645 0.000000 2.231337 
25601.00 1484.94 100.064990 1.020495 57.126484 5.209742 17.119842 17.336134 0.000000 2.252292 
25501.00 1484.55 100.044944 1.020555 57.095524 5.099376 17.183298 17.372459 0.000000 2.273732 
25401.00 1484.16 100.024635 1.020615 57.064006 4.986895 17.247797 17.409652 0.000000 2.295671 
25301.00 1483.76 100.004061 1.020674 57.031916 4.872236 17.313361 17.447747 0.000000 2.318126 
25201.00 1483.37 99.983219 1.020733 56.999239 4.755335 17.380018 17.486780 0.000000 2.341114 
25101.00 1482.97 99.962106 1.020792 56.965961 4.636124 17.447792 17.526787 0.000000 2.364650 
25001.00 1482.57 99.940722 1.020850 56.932064 4.514533 17.516712 17.567809 0.000000 2.388753 
24901.00 1482.16 99.919062 1.020908 56.897533 4.390489 17.586805 17.609886 0.000000 2.413441 
24801.00 1481.75 99.897126 1.020965 56.862350 4.263915 17.658101 17.653060 0.000000 2.438735 
24701.00 1481.35 99.874910 1.021021 56.826496 4.134733 17.730630 17.697377 0.000000 2.464654 
24601.00 1480.93 99.852414 1.021076 56.789954 4.002859 17.804424 17.742883 0.000000 2.491218 
24501.00 1480.52 99.829634 1.021130 56.752703 3.868206 17.879516 17.789628 0.000000 2.518452 
24401.00 1480.10 99.806569 1.021184 56.714722 3.730685 17.955940 17.837663 0.000000 2.546377 
24301.00 1479.68 99.783218 1.021236 56.675990 3.590200 18.033731 17.887042 0.000000 2.575017 
24201.00 1479.26 99.759577 1.021287 56.636485 3.446655 18.112928 17.937823 0.000000 2.604398 
24101.00 1478.83 99.735646 1.021337 56.596183 3.299945 18.193569 17.990066 0.000000 2.634547 
24001.00 1478.40 99.711424 1.021385 56.555058 3.149963 18.275694 18.043832 0.000000 2.665491 
23901.00 1477.97 99.686908 1.021431 56.513087 2.996597 18.359346 18.099189 0.000000 2.697259 
23801.00 1477.54 99.662098 1.021476 56.470240 2.839727 18.444568 18.156206 0.000000 2.729881 
23701.00 1477.10 99.636992 1.021518 56.426490 2.679232 18.531405 18.214957 0.000000 2.763390 
23601.00 1476.66 99.611590 1.021558 56.381807 2.514981 18.619907 18.275519 0.000000 2.797818 
23501.00 1476.21 99.585891 1.021595 56.336160 2.346838 18.710122 18.337974 0.000000 2.833202 
23401.00 1475.76 99.559895 1.021630 56.289516 2.174662 18.802102 18.402407 0.000000 2.869578 
23301.00 1475.31 99.533601 1.021661 56.241841 1.998302 18.895903 18.468910 0.000000 2.906984 
23201.00 1474.86 99.507010 1.021689 56.193097 1.817601 18.991581 18.537579 0.000000 2.945462 
23101.00 1474.40 99.480122 1.021713 56.143248 1.632395 19.089195 18.608516 0.000000 2.985055 
23001.00 1473.93 99.452938 1.021733 56.092252 1.442510 19.188808 18.681827 0.000000 3.025808 
22901.00 1473.47 99.425460 1.021748 56.040068 1.247764 19.290485 18.757628 0.000000 3.067768 
22801.00 1473.00 99.397689 1.021758 55.986651 1.047963 19.394293 18.836038 0.000000 3.110986 
22701.00 1472.52 99.369627 1.021763 55.931955 0.842906 19.500305 18.917185 0.000000 3.155514 
22601.00 1472.05 99.341277 1.021761 55.875928 0.632379 19.608594 19.001205 0.000000 3.201409 
22501.00 1471.56 99.312642 1.021753 55.818520 0.416158 19.719238 19.088243 0.000000 3.248730 
22401.00 1471.08 99.283727 1.021737 55.759675 0.194004 19.832320 19.178452 0.000000 3.297540 
22301.00 1470.59 99.254535 1.024449 55.705266 0.000000 19.932665 19.252127 0.000000 3.340027 
22201.00 1470.16 99.222309 1.040250 55.684242 0.000000 19.946664 19.213118 0.000000 3.338034 
22101.00 1469.73 99.173797 1.040203 55.663289 0.000000 19.960615 19.173697 0.000000 3.335992 
22001.00 1469.29 99.124842 1.040159 55.642407 0.000000 19.974518 19.133856 0.000000 3.333901 
21901.00 1468.85 99.075438 1.040117 55.621601 0.000000 19.988374 19.093586 0.000000 3.331760 
21801.00 1468.41 99.025576 1.040079 55.600871 0.000000 20.002183 19.052875 0.000000 3.329568 
21701.00 1467.97 98.975250 1.040043 55.580221 0.000000 20.015946 19.011716 0.000000 3.327324 
21601.00 1467.53 98.924452 1.040011 55.559653 0.000000 20.029665 18.970096 0.000000 3.325026 
21501.00 1467.08 98.873172 1.039982 55.539170 0.000000 20.043341 18.928006 0.000000 3.322674 
21401.00 1466.63 98.821405 1.039956 55.518773 0.000000 20.056975 18.885433 0.000000 3.320267 
21301.00 1466.18 98.769140 1.039934 55.498466 0.000000 20.070569 18.842368 0.000000 3.317803 
21201.00 1465.73 98.716369 1.039916 55.478251 0.000000 20.084124 18.798797 0.000000 3.315282 
21101.00 1465.28 98.663084 1.039901 55.458131 0.000000 20.097643 18.754708 0.000000 3.312702 
21001.00 1464.83 98.609276 1.039890 55.438109 0.000000 20.111128 18.710088 0.000000 3.310062 
20901.00 1464.37 98.554935 1.039884 55.418187 0.000000 20.124580 18.664923 0.000000 3.307360 
20801.00 1463.91 98.500052 1.039881 55.398369 0.000000 20.138004 18.619200 0.000000 3.304597 
20701.00 1463.45 98.444616 1.039883 55.378658 0.000000 20.151401 18.572905 0.000000 3.301770 
20601.00 1462.99 98.388619 1.039890 55.359057 0.000000 20.164774 18.526021 0.000000 3.298877 
20501.00 1462.53 98.332050 1.039901 55.339569 0.000000 20.178128 18.478535 0.000000 3.295918 
20401.00 1462.06 98.274898 1.039917 55.320197 0.000000 20.191465 18.430428 0.000000 3.292892 
20301.00 1461.59 98.217153 1.039938 55.300944 0.000000 20.204789 18.381685 0.000000 3.289796 
20201.00 1461.12 98.158803 1.039964 55.281815 0.000000 20.218105 18.332288 0.000000 3.286630 
20101.00 1460.65 98.099837 1.039996 55.262813 0.000000 20.231417 18.282219 0.000000 3.283392 
20001.00 1460.18 98.040244 1.040033 55.243941 0.000000 20.244731 18.231459 0.000000 3.280080 
19901.00 1459.70 97.980011 1.040076 55.225203 0.000000 20.258050 18.179989 0.000000 3.276693 
19801.00 1459.22 97.919126 1.040125 55.206603 0.000000 20.271381 18.127787 0.000000 3.273229 
19701.00 1458.74 97.857576 1.040180 55.188145 0.000000 20.284730 18.074834 0.000000 3.269686 
19601.00 1458.25 97.795349 1.040242 55.169834 0.000000 20.298103 18.021107 0.000000 3.266063 
19501.00 1457.77 97.732431 1.040311 55.151673 0.000000 20.311506 17.966583 0.000000 3.262359 
19401.00 1457.28 97.668809 1.040386 55.133666 0.000000 20.324947 17.911239 0.000000 3.258571 
19301.00 1456.79 97.604468 1.040468 55.115819 0.000000 20.338434 17.855049 0.000000 3.254697 
19201.00 1456.29 97.539394 1.040558 55.098136 0.000000 20.351975 17.797989 0.000000 3.250736 
19101.00 1455.79 97.473571 1.040655 55.080621 0.000000 20.365578 17.740032 0.000000 3.246685 
19001.00 1455.29 97.406986 1.040761 55.063280 0.000000 20.379253 17.681149 0.000000 3.242544 
18901.00 1454.79 97.339621 1.040874 55.046118 0.000000 20.393008 17.621313 0.000000 3.238308 
18801.00 1454.29 97.271461 1.040996 55.029139 0.000000 20.406856 17.560492 0.000000 3.233978 
18701.00 1453.78 97.202490 1.041127 55.012350 0.000000 20.420805 17.498657 0.000000 3.229549 
18601.00 1453.27 97.132689 1.041267 54.995756 0.000000 20.434869 17.435775 0.000000 3.225021 
18501.00 1452.75 97.062042 1.041417 54.979363 0.000000 20.449059 17.371812 0.000000 3.220391 
18401.00 1452.24 96.990531 1.041576 54.963177 0.000000 20.463388 17.306733 0.000000 3.215657 
18301.00 1451.72 96.918136 1.041746 54.947203 0.000000 20.477870 17.240502 0.000000 3.210815 
18201.00 1451.19 96.844839 1.041925 54.931449 0.000000 20.492519 17.173082 0.000000 3.205864 
18101.00 1450.67 96.770619 1.042116 54.915921 0.000000 20.507350 17.104431 0.000000 3.200801 
18001.00 1450.14 96.695458 1.042318 54.900625 0.000000 20.522379 17.034511 0.000000 3.195624 
17901.00 1449.60 96.619333 1.042532 54.885569 0.000000 20.537624 16.963278 0.000000 3.190330 
17801.00 1449.07 96.542223 1.042758 54.870761 0.000000 20.553101 16.890689 0.000000 3.184915 
17701.00 1448.53 96.464107 1.042996 54.856207 0.000000 20.568829 16.816697 0.000000 3.179378 
17601.00 1447.98 96.384960 1.043247 54.841916 0.000000 20.584828 16.741254 0.000000 3.173715 
17501.00 1447.44 96.304761 1.043512 54.827895 0.000000 20.601119 16.664312 0.000000 3.167924 
17401.00 1446.88 96.223484 1.043790 54.814154 0.000000 20.617722 16.585819 0.000000 3.162000 
17301.00 1446.33 96.141105 1.044083 54.800700 0.000000 20.634661 16.505720 0.000000 3.155941 
17201.00 1445.77 96.057598 1.044390 54.787543 0.000000 20.651959 16.423961 0.000000 3.149744 
17101.00 1445.21 95.972937 1.044714 54.774693 0.000000 20.669641 16.340484 0.000000 3.143406 
17001.00 1444.64 95.887095 1.045053 54.762158 0.000000 20.687733 16.255230 0.000000 3.136922 
16901.00 1444.07 95.800043 1.045408 54.749950 0.000000 20.706261 16.168135 0.000000 3.130289 
16801.00 1443.49 95.711752 1.045781 54.738078 0.000000 20.725255 16.079135 0.000000 3.123504 
16701.00 1442.91 95.622193 1.046171 54.726553 0.000000 20.744743 15.988164 0.000000 3.116562 
16601.00 1442.33 95.531336 1.046580 54.715387 0.000000 20.764756 15.895152 0.000000 3.109461 
16501.00 1441.74 95.439148 1.047007 54.704592 0.000000 20.785327 15.800027 0.000000 3.102195 
16401.00 1441.14 95.345597 1.047454 54.694179 0.000000 20.806488 15.702715 0.000000 3.094760 
16301.00 1440.55 95.250649 1.047921 54.684161 0.000000 20.828275 15.603139 0.000000 3.087153 
16201.00 1439.94 95.154270 1.048410 54.674551 0.000000 20.850722 15.501219 0.000000 3.079369 
16101.00 1439.33 95.056425 1.048920 54.665363 0.000000 20.873866 15.396872 0.000000 3.071403 
16001.00 1438.72 94.957076 1.049452 54.656611 0.000000 20.897747 15.290014 0.000000 3.063251 
15901.00 1438.10 94.856186 1.050008 54.648310 0.000000 20.922404 15.180556 0.000000 3.054908 
15801.00 1437.48 94.753715 1.050587 54.640474 0.000000 20.947877 15.068408 0.000000 3.046369 
15701.00 1436.85 94.649624 1.051191 54.633121 0.000000 20.974208 14.953476 0.000000 3.037629 
15601.00 1436.21 94.543872 1.051821 54.626265 0.000000 21.001441 14.835663 0.000000 3.028682 
15501.00 1435.57 94.436415 1.052477 54.619925 0.000000 21.029619 14.714872 0.000000 3.019524 
15401.00 1434.92 94.327211 1.053160 54.614118 0.000000 21.058786 14.590999 0.000000 3.010148 
15301.00 1434.26 94.216213 1.053870 54.608863 0.000000 21.088989 14.463942 0.000000 3.000549 
15201.00 1433.60 94.103377 1.054610 54.604179 0.000000 21.120273 14.333593 0.000000 2.990722 
15101.00 1432.94 93.988653 1.055379 54.600086 0.000000 21.152685 14.199843 0.000000 2.980660 
15001.00 1432.26 93.871993 1.056179 54.596604 0.000000 21.186272 14.062582 0.000000 2.970357 
14901.00 1431.58 93.753348 1.057010 54.593756 0.000000 21.221079 13.921696 0.000000 2.959806 
14801.00 1430.90 93.632664 1.057873 54.591564 0.000000 21.257154 13.777072 0.000000 2.949001 
14701.00 1430.20 93.509890 1.058769 54.590052 0.000000 21.294540 13.628593 0.000000 2.937936 
14601.00 1429.50 93.384971 1.059699 54.589243 0.000000 21.333282 13.476144 0.000000 2.926604 
14501.00 1428.79 93.257851 1.060662 54.589163 0.000000 21.373421 13.319608 0.000000 2.914997 
14401.00 1428.07 93.128473 1.061661 54.589837 0.000000 21.414997 13.158869 0.000000 2.903109 
14301.00 1427.35 92.996780 1.062695 54.591294 0.000000 21.458045 12.993813 0.000000 2.890931 
14201.00 1426.61 92.862711 1.063766 54.593562 0.000000 21.502598 12.824328 0.000000 2.878458 
14101.00 1425.87 92.726207 1.064873 54.596669 0.000000 21.548683 12.650303 0.000000 2.865680 
14001.00 1425.12 92.587207 1.066017 54.600646 0.000000 21.596319 12.471635 0.000000 2.852591 
13901.00 1424.36 92.445646 1.067197 54.605524 0.000000 21.645519 12.288224 0.000000 2.839182 
13801.00 1423.59 92.301464 1.068415 54.611336 0.000000 21.696289 12.099979 0.000000 2.825445 
13701.00 1422.81 92.154595 1.069669 54.618115 0.000000 21.748620 11.906818 0.000000 2.811373 
13601.00 1422.03 92.004975 1.070960 54.625896 0.000000 21.802493 11.708670 0.000000 2.796957 
13501.00 1421.23 91.852541 1.072285 54.634715 0.000000 21.857874 11.505478 0.000000 2.782189 
13401.00 1420.42 91.697228 1.073646 54.644608 0.000000 21.914711 11.297202 0.000000 2.767061 
13301.00 1419.60 91.538972 1.075039 54.655613 0.000000 21.972934 11.083821 0.000000 2.751565 
13201.00 1418.78 91.377711 1.076463 54.667769 0.000000 22.032451 10.865335 0.000000 2.735693 
13101.00 1417.94 91.213381 1.077916 54.681116 0.000000 22.093143 10.641770 0.000000 2.719436 
13001.00 1417.09 91.045925 1.079395 54.695693 0.000000 22.154868 10.413181 0.000000 2.702788 
12901.00 1416.23 90.875282 1.080897 54.711542 0.000000 22.217449 10.179654 0.000000 2.685740 
12801.00 1415.35 90.701399 1.082418 54.728704 0.000000 22.280684 9.941308 0.000000 2.668286 
12701.00 1414.47 90.524223 1.083953 54.747222 0.000000 22.344333 9.698298 0.000000 2.650418 
12601.00 1413.57 90.343707 1.085498 54.767137 0.000000 22.408125 9.450817 0.000000 2.632131 
12501.00 1412.66 90.159807 1.087047 54.788492 0.000000 22.471756 9.199094 0.000000 2.613418 
12401.00 1411.74 89.972485 1.088593 54.811330 0.000000 22.534892 8.943394 0.000000 2.594275 
12301.00 1410.81 89.781709 1.090131 54.835692 0.000000 22.597171 8.684017 0.000000 2.574697 
12201.00 1409.86 89.587452 1.091654 54.861620 0.000000 22.658208 8.421289 0.000000 2.554681 
12101.00 1408.90 89.389695 1.093153 54.889155 0.000000 22.717603 8.155560 0.000000 2.534223 
12001.00 1407.93 89.188426 1.094622 54.918336 0.000000 22.774945 7.887199 0.000000 2.513323 
11901.00 1406.94 88.983640 1.096053 54.949202 0.000000 22.829825 7.616580 0.000000 2.491980 
11801.00 1405.94 88.775340 1.097437 54.981790 0.000000 22.881840 7.344080 0.000000 2.470194 
11701.00 1404.93 88.563539 1.098766 55.016137 0.000000 22.930603 7.070066 0.000000 2.447967 
11601.00 1403.90 88.348255 1.100031 55.052275 0.000000 22.975754 6.794893 0.000000 2.425302 
11501.00 1402.86 88.129519 1.101224 55.090237 0.000000 23.016959 6.518894 0.000000 2.402205 
11401.00 1401.80 87.907369 1.102335 55.130053 0.000000 23.053921 6.242381 0.000000 2.378680 
11301.00 1400.73 87.681852 1.103353 55.171748 0.000000 23.086381 5.965634 0.000000 2.354736 
11201.00 1399.65 87.453029 1.104270 55.215346 0.000000 23.114122 5.688911 0.000000 2.330381 
11101.00 1398.56 87.220969 1.105073 55.260867 0.000000 23.136963 5.412438 0.000000 2.305628 
11001.00 1397.45 86.985754 1.105750 55.308328 0.000000 23.154768 5.136420 0.000000 2.280488 
10901.00 1396.33 86.747478 1.106291 55.357741 0.000000 23.167435 4.861036 0.000000 2.254976 
10801.00 1395.20 86.506249 1.106683 55.409112 0.000000 23.174899 4.586447 0.000000 2.229108 
10701.00 1394.05 86.262188 1.106913 55.462445 0.000000 23.177130 4.312797 0.000000 2.202903 
10601.00 1392.90 86.015430 1.106968 55.517734 0.000000 23.174127 4.040220 0.000000 2.176381 
10501.00 1391.73 85.766123 1.106835 55.574973 0.000000 23.165916 3.768835 0.000000 2.149565 
10401.00 1390.56 85.514433 1.106503 55.634143 0.000000 23.152550 3.498760 0.000000 2.122477 
10301.00 1389.37 85.260535 1.105958 55.695225 0.000000 23.134104 3.230103 0.000000 2.095144 
10201.00 1388.18 85.004623 1.105192 55.758190 0.000000 23.110676 2.962972 0.000000 2.067593 
10101.00 1386.98 84.746901 1.104192 55.823003 0.000000 23.082379 2.697473 0.000000 2.039854 
10001.00 1385.77 84.487585 1.102950 55.889621 0.000000 23.049345 2.433712 0.000000 2.011955 
9901.00 1384.55 84.226903 1.101460 55.957997 0.000000 23.011722 2.171794 0.000000 1.983930 
9801.00 1383.33 83.965095 1.099713 56.028076 0.000000 22.969671 1.911825 0.000000 1.955810 
9701.00 1382.11 83.702405 1.097707 56.099795 0.000000 22.923364 1.653911 0.000000 1.927628 
9601.00 1380.88 83.439089 1.095439 56.173089 0.000000 22.872984 1.398157 0.000000 1.899419 
9501.00 1379.65 83.175404 1.092906 56.247884 0.000000 22.818726 1.144671 0.000000 1.871217 
9401.00 1378.42 82.911614 1.090111 56.324101 0.000000 22.760790 0.893556 0.000000 1.843057 
9301.00 1377.20 82.647983 1.087054 56.401656 0.000000 22.699385 0.644915 0.000000 1.814972 
9201.00 1375.97 82.384777 1.083740 56.480463 0.000000 22.634724 0.398851 0.000000 1.786999 
9101.00 1374.74 82.122260 1.080173 56.560430 0.000000 22.567027 0.155461 0.000000 1.759169 
9001.00 1373.74 81.860694 1.025459 56.627749 0.000000 22.471817 0.000000 0.000000 1.735668 
8901.00 1373.15 81.651752 0.929709 56.670367 0.000000 22.331753 0.000000 0.000000 1.719923 
8801.00 1372.55 81.537418 0.928558 56.713575 0.000000 22.190994 0.000000 0.000000 1.704290 
8701.00 1371.96 81.423090 0.927438 56.757388 0.000000 22.049500 0.000000 0.000000 1.688764 
8601.00 1371.37 81.308740 0.926350 56.801819 0.000000 21.907226 0.000000 0.000000 1.673344 
8501.00 1370.78 81.194333 0.925293 56.846885 0.000000 21.764130 0.000000 0.000000 1.658025 
8401.00 1370.19 81.079838 0.924267 56.892601 0.000000 21.620166 0.000000 0.000000 1.642804 
8301.00 1369.60 80.965223 0.923273 56.938985 0.000000 21.475288 0.000000 0.000000 1.627678 
8201.00 1369.00 80.850455 0.922309 56.986052 0.000000 21.329450 0.000000 0.000000 1.612644 
8101.00 1368.41 80.735502 0.921375 57.033821 0.000000 21.182606 0.000000 0.000000 1.597699 
8001.00 1367.82 80.620330 0.920472 57.082310 0.000000 21.034707 0.000000 0.000000 1.582840 
7901.00 1367.22 80.504907 0.919598 57.131538 0.000000 20.885707 0.000000 0.000000 1.568064 
7801.00 1366.63 80.389201 0.918753 57.181523 0.000000 20.735558 0.000000 0.000000 1.553368 
7701.00 1366.03 80.273180 0.917936 57.232284 0.000000 20.584211 0.000000 0.000000 1.538749 
7601.00 1365.43 80.156812 0.917145 57.283840 0.000000 20.431620 0.000000 0.000000 1.524206 
7501.00 1364.83 80.040067 0.916381 57.336212 0.000000 20.277738 0.000000 0.000000 1.509736 
7401.00 1364.23 79.922915 0.915641 57.389419 0.000000 20.122518 0.000000 0.000000 1.495337 
7301.00 1363.63 79.805327 0.914925 57.443480 0.000000 19.965915 0.000000 0.000000 1.481007 
7201.00 1363.02 79.687276 0.914230 57.498415 0.000000 19.807885 0.000000 0.000000 1.466745 
7101.00 1362.41 79.568733 0.913555 57.554243 0.000000 19.648385 0.000000 0.000000 1.452550 
7001.00 1361.81 79.449675 0.912898 57.610982 0.000000 19.487374 0.000000 0.000000 1.438421 
6901.00 1361.19 79.330078 0.912257 57.668651 0.000000 19.324814 0.000000 0.000000 1.424356 
6801.00 1360.58 79.209920 0.911629 57.727267 0.000000 19.160668 0.000000 0.000000 1.410356 
6701.00 1359.96 79.089183 0.911012 57.786846 0.000000 18.994904 0.000000 0.000000 1.396420 
6601.00 1359.35 78.967850 0.910402 57.847405 0.000000 18.827493 0.000000 0.000000 1.382550 
6501.00 1358.72 78.845907 0.909797 57.908956 0.000000 18.658407 0.000000 0.000000 1.368746 
6401.00 1358.10 78.723343 0.909194 57.971512 0.000000 18.487627 0.000000 0.000000 1.355009 
6301.00 1357.48 78.600150 0.908588 58.035084 0.000000 18.315137 0.000000 0.000000 1.341342 
6201.00 1356.85 78.476326 0.907975 58.099681 0.000000 18.140925 0.000000 0.000000 1.327745 
6101.00 1356.21 78.351869 0.907352 58.165308 0.000000 17.964987 0.000000 0.000000 1.314223 
6001.00 1355.58 78.226786 0.906713 58.231969 0.000000 17.787326 0.000000 0.000000 1.300778 
5901.00 1354.94 78.101083 0.906054 58.299666 0.000000 17.607950 0.000000 0.000000 1.287413 
5801.00 1354.30 77.974777 0.905370 58.368395 0.000000 17.426878 0.000000 0.000000 1.274134 
5701.00 1353.66 77.847886 0.904656 58.438150 0.000000 17.244135 0.000000 0.000000 1.260945 
5601.00 1353.02 77.720434 0.903906 58.508923 0.000000 17.059755 0.000000 0.000000 1.247850 
5501.00 1352.37 77.592453 0.903115 58.580698 0.000000 16.873782 0.000000 0.000000 1.234857 
5401.00 1351.72 77.463978 0.902277 58.653460 0.000000 16.686269 0.000000 0.000000 1.221971 
5301.00 1351.07 77.335051 0.901387 58.727185 0.000000 16.497279 0.000000 0.000000 1.209199 
5201.00 1350.41 77.205721 0.900440 58.801848 0.000000 16.306885 0.000000 0.000000 1.196548 
5101.00 1349.76 77.076041 0.899430 58.877416 0.000000 16.115170 0.000000 0.000000 1.184025 
5001.00 1349.10 76.946072 0.898352 58.953856 0.000000 15.922226 0.000000 0.000000 1.171638 
4901.00 1348.45 76.704549 0.784022 59.029339 0.000000 15.731699 0.000000 0.000000 1.159489 
4801.00 1347.79 76.687401 0.896072 59.107439 0.000000 15.536500 0.000000 0.000000 1.147391 
4701.00 1347.13 76.556899 0.894760 59.186273 0.000000 15.340410 0.000000 0.000000 1.135455 
4601.00 1346.47 76.426402 0.893367 59.265790 0.000000 15.143558 0.000000 0.000000 1.123687 
4501.00 1345.80 76.295995 0.891890 59.345933 0.000000 14.946076 0.000000 0.000000 1.112097 
4401.00 1345.14 76.165763 0.890327 59.426642 0.000000 14.748102 0.000000 0.000000 1.100692 
4301.00 1344.48 76.035794 0.888678 59.507857 0.000000 14.549780 0.000000 0.000000 1.089479 
4201.00 1343.82 75.906178 0.886945 59.589513 0.000000 14.351254 0.000000 0.000000 1.078466 
4101.00 1343.16 75.777003 0.885128 59.671544 0.000000 14.152671 0.000000 0.000000 1.067659 
4001.00 1342.50 75.648358 0.883231 59.753886 0.000000 13.954176 0.000000 0.000000 1.057065 
3901.00 1341.84 75.520330 0.881257 59.836471 0.000000 13.755914 0.000000 0.000000 1.046688 
3801.00 1341.19 75.393003 0.879210 59.919234 0.000000 13.558025 0.000000 0.000000 1.036534 
3701.00 1340.53 75.266458 0.877097 60.002111 0.000000 13.360644 0.000000 0.000000 1.026606 
3601.00 1339.88 75.140769 0.874923 60.085040 0.000000 13.163898 0.000000 0.000000 1.016908 
3501.00 1339.23 75.016006 0.872695 60.167961 0.000000 12.967908 0.000000 0.000000 1.007442 
3401.00 1338.59 74.892234 0.870421 60.250819 0.000000 12.772783 0.000000 0.000000 0.998210 
3301.00 1337.94 74.769508 0.868110 60.333562 0.000000 12.578624 0.000000 0.000000 0.989212 
3201.00 1337.30 74.647876 0.865770 60.416142 0.000000 12.385517 0.000000 0.000000 0.980448 
3101.00 1336.67 74.527380 0.863410 60.498516 0.000000 12.193537 0.000000 0.000000 0.971917 
3001.00 1336.03 74.408051 0.861039 60.580648 0.000000 12.002747 0.000000 0.000000 0.963618 
2901.00 1335.40 74.289912 0.858666 60.662505 0.000000 11.813192 0.000000 0.000000 0.955548 
2801.00 1334.77 74.172975 0.856302 60.744063 0.000000 11.624906 0.000000 0.000000 0.947704 
2701.00 1334.15 74.057246 0.853955 60.825301 0.000000 11.437907 0.000000 0.000000 0.940083 
2601.00 1333.53 73.942718 0.851635 60.906207 0.000000 11.252195 0.000000 0.000000 0.932680 
2501.00 1332.91 73.829377 0.849351 60.986776 0.000000 11.067759 0.000000 0.000000 0.925492 
2401.00 1332.30 73.717198 0.847112 61.067006 0.000000 10.884567 0.000000 0.000000 0.918512 
2301.00 1331.68 73.606147 0.844929 61.146907 0.000000 10.702576 0.000000 0.000000 0.911735 
2201.00 1331.07 73.496180 0.842808 61.226493 0.000000 10.521723 0.000000 0.000000 0.905155 
2101.00 1330.47 73.387244 0.840761 61.305787 0.000000 10.341929 0.000000 0.000000 0.898768 
2001.00 1329.86 73.279276 0.838796 61.384817 0.000000 10.163099 0.000000 0.000000 0.892565 
1901.00 1329.26 73.172203 0.836922 61.463622 0.000000 9.985118 0.000000 0.000000 0.886541 
1801.00 1328.65 73.065940 0.835149 61.542248 0.000000 9.807855 0.000000 0.000000 0.880688 
1701.00 1328.05 72.960395 0.833487 61.620748 0.000000 9.631158 0.000000 0.000000 0.875002 
1601.00 1327.45 72.855463 0.831947 61.699188 0.000000 9.454854 0.000000 0.000000 0.869473 
1501.00 1326.85 72.751026 0.830541 61.777641 0.000000 9.278748 0.000000 0.000000 0.864096 
1401.00 1326.25 72.646955 0.829279 61.856192 0.000000 9.102619 0.000000 0.000000 0.858864 
1301.00 1325.64 72.543106 0.828178 61.934938 0.000000 8.926221 0.000000 0.000000 0.853770 
1201.00 1325.04 72.439322 0.827251 62.013988 0.000000 8.749277 0.000000 0.000000 0.848805 
1101.00 1324.43 72.335425 0.826517 62.093470 0.000000 8.571473 0.000000 0.000000 0.843965 
1001.00 1323.81 72.231219 0.825996 62.173524 0.000000 8.392459 0.000000 0.000000 0.839240 
901.00 1323.19 72.126488 0.825711 62.254315 0.000000 8.211837 0.000000 0.000000 0.834625 
801.00 1322.57 72.020986 0.825691 62.336027 0.000000 8.029158 0.000000 0.000000 0.830111 
701.00 1321.94 71.914440 0.825966 62.418875 0.000000 7.843908 0.000000 0.000000 0.825691 
601.00 1321.29 71.806539 0.826578 62.503104 0.000000 7.655500 0.000000 0.000000 0.821357 
501.00 1320.64 71.696931 0.827571 62.588998 0.000000 7.463260 0.000000 0.000000 0.817102 
401.00 1319.97 71.585212 0.829004 62.676888 0.000000 7.266403 0.000000 0.000000 0.812917 
301.00 1319.29 71.470917 0.830945 62.767162 0.000000 7.064017 0.000000 0.000000 0.808794 
201.00 1318.59 71.353507 0.833478 62.860275 0.000000 6.855031 0.000000 0.000000 0.804723 
101.00 1317.87 71.232353 0.836708 62.956769 0.000000 6.638180 0.000000 0.000000 0.800695 
1.00 1317.12 71.106712 0.840762 63.057291 0.000000 6.411959 0.000000 0.000000 0.796700 
