Title: Depleted MORB Mantle of Workmann & Hart 2005

Liquid Composition:
Pressure Temperature mass SiO2 TiO2 Al2O3 Fe2O3 Cr2O3 FeO MnO MgO NiO CaO Na2O 
44001.00 1440.20 0.000000 ---
43901.00 1439.98 0.000000 ---
43801.00 1439.76 0.000000 ---
43701.00 1439.54 0.000000 ---
43601.00 1439.32 0.000000 ---
43501.00 1439.11 0.000000 ---
43401.00 1438.89 0.000000 ---
43301.00 1438.67 0.000000 ---
43201.00 1438.45 0.000000 ---
43101.00 1438.23 0.000000 ---
43001.00 1438.01 0.000000 ---
42901.00 1437.79 0.000000 ---
42801.00 1437.58 0.000000 ---
42701.00 1437.36 0.000000 ---
42601.00 1437.14 0.000000 ---
42501.00 1436.92 0.000000 ---
42401.00 1436.70 0.000000 ---
42301.00 1436.48 0.000000 ---
42201.00 1436.26 0.000000 ---
42101.00 1436.04 0.000000 ---
42001.00 1435.82 0.000000 ---
41901.00 1435.60 0.000000 ---
41801.00 1435.38 0.000000 ---
41701.00 1435.16 0.000000 ---
41601.00 1434.95 0.000000 ---
41501.00 1434.73 0.000000 ---
41401.00 1434.51 0.000000 ---
41301.00 1434.29 0.000000 ---
41201.00 1434.07 0.000000 ---
41101.00 1433.85 0.000000 ---
41001.00 1433.63 0.000000 ---
40901.00 1433.41 0.000000 ---
40801.00 1433.19 0.000000 ---
40701.00 1432.97 0.000000 ---
40601.00 1432.75 0.000000 ---
40501.00 1432.53 0.000000 ---
40401.00 1432.31 0.000000 ---
40301.00 1432.09 0.000000 ---
40201.00 1431.87 0.000000 ---
40101.00 1431.65 0.000000 ---
40001.00 1431.43 0.000000 ---
39901.00 1431.21 0.000000 ---
39801.00 1430.99 0.000000 ---
39701.00 1430.76 0.000000 ---
39601.00 1430.54 0.000000 ---
39501.00 1430.32 0.000000 ---
39401.00 1430.10 0.000000 ---
39301.00 1429.88 0.000000 ---
39201.00 1429.66 0.000000 ---
39101.00 1429.44 0.000000 ---
39001.00 1429.22 0.000000 ---
38901.00 1429.00 0.000000 ---
38801.00 1428.78 0.000000 ---
38701.00 1428.55 0.000000 ---
38601.00 1428.33 0.000000 ---
38501.00 1428.11 0.000000 ---
38401.00 1427.89 0.000000 ---
38301.00 1427.67 0.000000 ---
38201.00 1427.45 0.000000 ---
38101.00 1427.22 0.000000 ---
38001.00 1427.00 0.000000 ---
37901.00 1426.78 0.000000 ---
37801.00 1426.56 0.000000 ---
37701.00 1426.34 0.000000 ---
37601.00 1426.11 0.000000 ---
37501.00 1425.89 0.000000 ---
37401.00 1425.67 0.000000 ---
37301.00 1425.44 0.000000 ---
37201.00 1425.22 0.000000 ---
37101.00 1425.00 0.000000 ---
37001.00 1424.78 0.000000 ---
36901.00 1424.55 0.000000 ---
36801.00 1424.33 0.000000 ---
36701.00 1424.11 0.000000 ---
36601.00 1423.88 0.000000 ---
36501.00 1423.66 0.000000 ---
36401.00 1423.44 0.000000 ---
36301.00 1423.21 0.000000 ---
36201.00 1422.99 0.000000 ---
36101.00 1422.76 0.000000 ---
36001.00 1422.54 0.000000 ---
35901.00 1422.32 0.000000 ---
35801.00 1422.09 0.000000 ---
35701.00 1421.87 0.000000 ---
35601.00 1421.64 0.000000 ---
35501.00 1421.42 0.000000 ---
35401.00 1421.19 0.000000 ---
35301.00 1420.97 0.000000 ---
35201.00 1420.74 0.000000 ---
35101.00 1420.52 0.000000 ---
35001.00 1420.29 0.000000 ---
34901.00 1420.06 0.000000 ---
34801.00 1419.84 0.000000 ---
34701.00 1419.61 0.000000 ---
34601.00 1419.39 0.000000 ---
34501.00 1419.16 0.000000 ---
34401.00 1418.93 0.000000 ---
34301.00 1418.71 0.000000 ---
34201.00 1418.48 0.000000 ---
34101.00 1418.25 0.000000 ---
34001.00 1418.03 0.000000 ---
33901.00 1417.80 0.000000 ---
33801.00 1417.57 0.000000 ---
33701.00 1417.34 0.000000 ---
33601.00 1417.12 0.000000 ---
33501.00 1416.89 0.000000 ---
33401.00 1416.66 0.000000 ---
33301.00 1416.43 0.000000 ---
33201.00 1416.20 0.000000 ---
33101.00 1415.97 0.000000 ---
33001.00 1415.74 0.000000 ---
32901.00 1415.51 0.000000 ---
32801.00 1415.29 0.000000 ---
32701.00 1415.06 0.000000 ---
32601.00 1414.83 0.000000 ---
32501.00 1414.60 0.000000 ---
32401.00 1414.37 0.000000 ---
32301.00 1414.14 0.000000 ---
32201.00 1413.90 0.000000 ---
32101.00 1413.67 0.000000 ---
32001.00 1413.44 0.000000 ---
31901.00 1413.21 0.000000 ---
31801.00 1412.98 0.000000 ---
31701.00 1412.75 0.000000 ---
31601.00 1412.52 0.000000 ---
31501.00 1412.28 0.000000 ---
31401.00 1412.05 0.000000 ---
31301.00 1411.82 0.000000 ---
31201.00 1411.58 0.000000 ---
31101.00 1411.35 0.000000 ---
31001.00 1411.12 0.000000 ---
30901.00 1410.88 0.000000 ---
30801.00 1410.65 0.000000 ---
30701.00 1410.41 0.000000 ---
30601.00 1410.18 0.000000 ---
30501.00 1409.94 0.000000 ---
30401.00 1409.71 0.000000 ---
30301.00 1409.47 0.000000 ---
30201.00 1409.24 0.000000 ---
30101.00 1409.00 0.000000 ---
30001.00 1408.76 0.000000 ---
29901.00 1408.53 0.000000 ---
29801.00 1408.29 0.000000 ---
29701.00 1408.05 0.000000 ---
29601.00 1407.81 0.000000 ---
29501.00 1407.57 0.000000 ---
29401.00 1407.33 0.000000 ---
29301.00 1407.10 0.000000 ---
29201.00 1406.86 0.000000 ---
29101.00 1406.62 0.000000 ---
29001.00 1406.37 0.000000 ---
28901.00 1406.13 0.000000 ---
28801.00 1405.89 0.000000 ---
28701.00 1405.65 0.000000 ---
28601.00 1405.41 0.000000 ---
28501.00 1405.17 0.000000 ---
28401.00 1404.92 0.000000 ---
28301.00 1404.68 0.000000 ---
28201.00 1404.44 0.000000 ---
28101.00 1404.19 0.000000 ---
28001.00 1403.95 0.000000 ---
27901.00 1403.70 0.000000 ---
27801.00 1403.46 0.000000 ---
27701.00 1403.21 0.000000 ---
27601.00 1402.96 0.000000 ---
27501.00 1402.71 0.000000 ---
27401.00 1402.47 0.000000 ---
27301.00 1402.22 0.000000 ---
27201.00 1401.97 0.000000 ---
27101.00 1401.72 0.000000 ---
27001.00 1401.47 0.000000 ---
26901.00 1401.22 0.000000 ---
26801.00 1400.97 0.000000 ---
26701.00 1400.71 0.000000 ---
26601.00 1400.46 0.000000 ---
26501.00 1400.21 0.000000 ---
26401.00 1399.95 0.000000 ---
26301.00 1399.70 0.000000 ---
26201.00 1399.44 0.000000 ---
26101.00 1399.19 0.000000 ---
26001.00 1398.93 0.000000 ---
25901.00 1398.67 0.000000 ---
25801.00 1398.42 0.000000 ---
25701.00 1398.16 0.000000 ---
25601.00 1397.90 0.000000 ---
25501.00 1397.64 0.000000 ---
25401.00 1397.37 0.000000 ---
25301.00 1397.11 0.000000 ---
25201.00 1396.85 0.000000 ---
25101.00 1396.58 0.000000 ---
25001.00 1396.32 0.000000 ---
24901.00 1396.05 0.000000 ---
24801.00 1395.78 0.000000 ---
24701.00 1395.52 0.000000 ---
24601.00 1395.25 0.000000 ---
24501.00 1394.98 0.000000 ---
24401.00 1394.70 0.000000 ---
24301.00 1394.43 0.000000 ---
24201.00 1394.16 0.000000 ---
24101.00 1393.88 0.000000 ---
24001.00 1393.61 0.000000 ---
23901.00 1393.33 0.000000 ---
23801.00 1393.05 0.000000 ---
23701.00 1392.77 0.000000 ---
23601.00 1392.49 0.000000 ---
23501.00 1392.21 0.000000 ---
23401.00 1391.92 0.000000 ---
23301.00 1391.64 0.000000 ---
23201.00 1391.35 0.000000 ---
23101.00 1391.06 0.000000 ---
23001.00 1390.77 0.000000 ---
22901.00 1390.48 0.000000 ---
22801.00 1390.18 0.000000 ---
22701.00 1389.89 0.000000 ---
22601.00 1389.59 0.000000 ---
22501.00 1389.29 0.000000 ---
22401.00 1388.99 0.000000 ---
22301.00 1388.68 0.000000 ---
22201.00 1388.38 0.000000 ---
22101.00 1388.07 0.000000 ---
22001.00 1387.76 0.000000 ---
21901.00 1387.44 0.000000 ---
21801.00 1387.13 0.000000 ---
21701.00 1386.81 0.000000 ---
21601.00 1386.49 0.000000 ---
21501.00 1386.16 0.000000 ---
21401.00 1385.84 0.000000 ---
21301.00 1385.51 0.000000 ---
21201.00 1385.18 0.000000 ---
21101.00 1384.84 0.000000 ---
21001.00 1384.50 0.000000 ---
20901.00 1384.20 0.000000 ---
20801.00 1384.00 0.000000 ---
20701.00 1383.79 0.000000 ---
20601.00 1383.58 0.000000 ---
20501.00 1383.38 0.000000 ---
20401.00 1383.17 0.000000 ---
20301.00 1382.96 0.000000 ---
20201.00 1382.75 0.000000 ---
20101.00 1382.55 0.000000 ---
20001.00 1382.34 0.000000 ---
19901.00 1382.13 0.000000 ---
19801.00 1381.93 0.000000 ---
19701.00 1381.72 0.000000 ---
19601.00 1381.51 0.000000 ---
19501.00 1381.30 0.000000 ---
19401.00 1381.10 0.000000 ---
19301.00 1380.89 0.000000 ---
19201.00 1380.68 0.000000 ---
19101.00 1380.47 0.000000 ---
19001.00 1380.26 0.000000 ---
18901.00 1380.05 0.000000 ---
18801.00 1379.85 0.000000 ---
18701.00 1379.64 0.000000 ---
18601.00 1379.43 0.000000 ---
18501.00 1379.22 0.000000 ---
18401.00 1379.01 0.000000 ---
18301.00 1378.80 0.000000 ---
18201.00 1378.55 0.009603 46.8786 0.840753 15.7916 0.154754 0.283447 7.73882 0.0312192 13.1709 0.0184454 5.37578 9.71568
18101.00 1378.20 0.043463 46.9232 0.839986 15.8094 0.156331 0.2805 7.72392 0.0309079 13.1605 0.0182557 5.42135 9.6357
18001.00 1377.85 0.077838 46.9676 0.839228 15.8271 0.157937 0.277559 7.70915 0.0305979 13.1501 0.0180668 5.46743 9.55534
17901.00 1377.50 0.112745 47.0118 0.83848 15.8445 0.159573 0.274623 7.69449 0.0302892 13.1398 0.0178789 5.51401 9.4746
17801.00 1377.15 0.148200 47.0559 0.837742 15.8616 0.16124 0.271693 7.67996 0.0299819 13.1296 0.0176918 5.5611 9.39348
17701.00 1376.79 0.184222 47.0997 0.837013 15.8786 0.162939 0.268771 7.66556 0.0296759 13.1195 0.0175056 5.6087 9.31197
17601.00 1376.43 0.220828 47.1434 0.836293 15.8953 0.164669 0.265855 7.65127 0.0293712 13.1096 0.0173203 5.65683 9.2301
17501.00 1376.07 0.258037 47.1869 0.835582 15.9118 0.166432 0.262947 7.6371 0.0290679 13.0997 0.0171358 5.70548 9.14786
17401.00 1375.71 0.295868 47.2302 0.83488 15.928 0.168228 0.260046 7.62306 0.028766 13.0899 0.0169523 5.75467 9.06525
17301.00 1375.35 0.334343 47.2733 0.834187 15.944 0.170059 0.257155 7.60913 0.0284655 13.0802 0.0167697 5.80439 8.98229
17201.00 1374.99 0.373481 47.3162 0.833501 15.9598 0.171925 0.254272 7.59533 0.0281663 13.0706 0.016588 5.85464 8.89897
17101.00 1374.62 0.413305 47.3588 0.832824 15.9754 0.173826 0.251398 7.58164 0.0278685 13.0611 0.0164071 5.90544 8.81531
17001.00 1374.25 0.453838 47.4012 0.832155 15.9907 0.175763 0.248534 7.56807 0.0275721 13.0517 0.0162272 5.95679 8.7313
16901.00 1373.88 0.495103 47.4434 0.831492 16.0058 0.177738 0.245681 7.55462 0.0272772 13.0423 0.0160483 6.00869 8.64696
16801.00 1373.51 0.537125 47.4854 0.830837 16.0206 0.17975 0.242838 7.54128 0.0269836 13.0331 0.0158702 6.06115 8.56229
16701.00 1373.13 0.579929 47.5271 0.830188 16.0352 0.181801 0.240007 7.52806 0.0266915 13.0239 0.015693 6.11416 8.4773
16601.00 1372.75 0.623542 47.5685 0.829545 16.0495 0.183892 0.237187 7.51495 0.0264008 13.0148 0.0155168 6.16773 8.39199
16501.00 1372.37 0.667992 47.6097 0.828908 16.0636 0.186023 0.234379 7.50194 0.0261115 13.0057 0.0153416 6.22187 8.30637
16401.00 1371.99 0.713306 47.6507 0.828276 16.0775 0.188194 0.231584 7.48904 0.0258237 12.9967 0.0151672 6.27658 8.22046
16301.00 1371.60 0.759515 47.6913 0.827648 16.0911 0.190407 0.228803 7.47625 0.0255374 12.9878 0.0149938 6.33186 8.13425
16201.00 1371.21 0.806649 47.7318 0.827024 16.1045 0.192663 0.226035 7.46356 0.0252525 12.9789 0.0148214 6.3877 8.04776
16101.00 1370.82 0.854741 47.7719 0.826403 16.1176 0.194962 0.223281 7.45096 0.0249691 12.9701 0.0146499 6.44413 7.961
16001.00 1370.43 0.903824 47.8118 0.825784 16.1305 0.197304 0.220542 7.43847 0.0246871 12.9614 0.0144793 6.50112 7.87398
15901.00 1370.03 0.953933 47.8514 0.825167 16.1431 0.199692 0.217819 7.42606 0.0244067 12.9526 0.0143097 6.5587 7.78671
15801.00 1369.63 1.005103 47.8908 0.824551 16.1555 0.202125 0.215111 7.41374 0.0241277 12.9439 0.0141411 6.61685 7.69919
15701.00 1369.23 1.053580 47.9298 0.823936 16.1676 0.204604 0.212419 7.40151 0.0238503 12.9353 0.0139734 6.67559 7.61143
15601.00 1368.82 1.053592 47.9685 0.823335 16.1794 0.207135 0.209732 7.38948 0.0235743 12.9267 0.0138067 6.73503 7.52325
15501.00 1368.41 1.053613 48.0067 0.82275 16.191 0.20972 0.207051 7.37765 0.0232998 12.9184 0.013641 6.79518 7.43464
15401.00 1368.00 1.053642 48.0444 0.822179 16.2023 0.212359 0.204375 7.36602 0.0230269 12.9101 0.0134762 6.85606 7.34561
15301.00 1367.59 1.053680 48.0817 0.821624 16.2134 0.215054 0.201706 7.35459 0.0227554 12.902 0.0133125 6.91766 7.25617
15201.00 1367.18 1.053726 48.1186 0.821083 16.2241 0.217806 0.199044 7.34335 0.0224855 12.8941 0.0131497 6.98 7.16632
15101.00 1366.77 1.053783 48.1549 0.820557 16.2346 0.220617 0.19639 7.33232 0.0222171 12.8863 0.0129879 7.04308 7.07606
15001.00 1366.35 1.053849 48.1908 0.820046 16.2448 0.223487 0.193742 7.32149 0.0219502 12.8786 0.0128271 7.10691 6.98541
14901.00 1365.93 1.053926 48.2262 0.819549 16.2547 0.226419 0.191103 7.31085 0.0216848 12.871 0.0126673 7.1715 6.89436
14801.00 1365.51 1.054014 48.261 0.819067 16.2643 0.229413 0.188473 7.30042 0.0214209 12.8636 0.0125085 7.23685 6.80292
14701.00 1365.09 1.054113 48.2954 0.818598 16.2737 0.232471 0.185851 7.29019 0.0211586 12.8562 0.0123507 7.30298 6.71109
14601.00 1364.67 1.054223 48.3292 0.818144 16.2827 0.235594 0.183239 7.28016 0.0208979 12.849 0.0121939 7.36989 6.6189
14501.00 1364.24 1.054346 48.3625 0.817703 16.2915 0.238785 0.180637 7.27033 0.0206387 12.8419 0.012038 7.43758 6.52633
14401.00 1363.81 1.054482 48.3953 0.817276 16.3 0.242043 0.178046 7.2607 0.020381 12.835 0.0118832 7.50606 6.4334
14301.00 1363.38 1.054632 48.4275 0.816861 16.3082 0.245371 0.175465 7.25126 0.020125 12.8281 0.0117294 7.57534 6.34012
14201.00 1362.95 1.054795 48.4591 0.816458 16.3161 0.248771 0.172895 7.24202 0.0198704 12.8213 0.0115766 7.64542 6.2465
14101.00 1362.51 1.054973 48.4902 0.816067 16.3237 0.252242 0.170338 7.23298 0.0196175 12.8146 0.0114248 7.71631 6.15254
14001.00 1362.08 1.055167 48.5208 0.815688 16.331 0.255788 0.167793 7.22412 0.0193661 12.808 0.011274 7.78801 6.05825
13901.00 1361.64 1.055376 48.5507 0.815319 16.338 0.25941 0.16526 7.21545 0.0191163 12.8014 0.0111242 7.86053 5.96365
13801.00 1361.19 1.055602 48.5801 0.81496 16.3447 0.263108 0.162741 7.20697 0.0188681 12.7949 0.0109755 7.93386 5.86875
13701.00 1360.75 1.055846 48.6089 0.814611 16.3511 0.266884 0.160236 7.19868 0.0186215 12.7885 0.0108277 8.00802 5.77356
13601.00 1360.30 1.056108 48.6371 0.814269 16.3572 0.27074 0.157745 7.19056 0.0183764 12.7822 0.010681 8.08301 5.67809
13501.00 1359.85 1.056389 48.6648 0.813935 16.3631 0.274677 0.15527 7.18262 0.018133 12.7758 0.0105353 8.15882 5.58235
13401.00 1359.39 1.056690 48.6918 0.813607 16.3686 0.278697 0.152809 7.17484 0.0178912 12.7696 0.0103906 8.23546 5.48635
13301.00 1358.93 1.057012 48.7182 0.813284 16.3739 0.282799 0.150365 7.16724 0.017651 12.7633 0.010247 8.31293 5.39012
13201.00 1358.47 1.057355 48.7441 0.812964 16.3788 0.286987 0.147937 7.15979 0.0174124 12.757 0.0101044 8.39123 5.29367
13101.00 1358.01 1.057722 48.7693 0.812648 16.3835 0.29126 0.145527 7.1525 0.0171755 12.7508 0.00996279 8.47035 5.19701
13001.00 1357.54 1.058113 48.794 0.812332 16.3878 0.295621 0.143134 7.14535 0.0169401 12.7445 0.00982224 8.55031 5.10016
12901.00 1357.07 1.058529 48.8181 0.812016 16.3919 0.30007 0.14076 7.13835 0.0167065 12.7382 0.00968272 8.63108 5.00313
12801.00 1356.59 1.058971 48.8416 0.811697 16.3957 0.304607 0.138404 7.13148 0.0164744 12.7319 0.00954424 8.71268 4.90595
12701.00 1356.11 1.059441 48.8645 0.811374 16.3992 0.309235 0.136068 7.12473 0.016244 12.7255 0.00940681 8.79509 4.80864
12601.00 1355.63 1.059939 48.8869 0.811045 16.4024 0.313953 0.133752 7.1181 0.0160153 12.719 0.00927042 8.87832 4.71122
12501.00 1355.14 1.060468 48.9087 0.810707 16.4053 0.318762 0.131457 7.11158 0.0157882 12.7125 0.00913508 8.96234 4.6137
12401.00 1354.65 1.061028 48.9299 0.810358 16.408 0.323663 0.129183 7.10515 0.0155628 12.7059 0.0090008 9.04716 4.51612
12301.00 1354.16 1.061622 48.9507 0.809997 16.4104 0.328657 0.126931 7.0988 0.0153391 12.6991 0.00886757 9.13276 4.41848
12201.00 1353.66 1.062251 48.9708 0.809619 16.4125 0.333742 0.124702 7.09253 0.0151171 12.6922 0.00873541 9.21914 4.32083
12101.00 1353.15 1.062916 48.9905 0.809222 16.4144 0.33892 0.122496 7.08632 0.0148968 12.6852 0.00860431 9.30628 4.22318
12001.00 1352.64 1.063619 49.0097 0.808803 16.4159 0.34419 0.120314 7.08015 0.0146782 12.678 0.00847428 9.39416 4.12556
11901.00 1352.13 1.064363 49.0284 0.808358 16.4173 0.349552 0.118156 7.07401 0.0144613 12.6706 0.00834532 9.48278 4.028
11801.00 1351.61 1.065148 49.0467 0.807885 16.4184 0.355006 0.116023 7.06789 0.0142462 12.6631 0.00821745 9.57212 3.93052
11701.00 1351.08 1.065978 49.0645 0.807378 16.4192 0.36055 0.113917 7.06177 0.0140328 12.6552 0.00809065 9.66215 3.83317
11601.00 1350.55 1.066855 49.0819 0.806835 16.4198 0.366183 0.111837 7.05563 0.0138211 12.6472 0.00796495 9.75286 3.73596
11501.00 1350.02 1.067780 49.099 0.806251 16.4201 0.371905 0.109784 7.04946 0.0136112 12.6388 0.00784035 9.84422 3.63894
11401.00 1349.47 1.068757 49.1157 0.80562 16.4203 0.377713 0.107759 7.04323 0.0134031 12.6302 0.00771684 9.93622 3.54213
11301.00 1348.93 1.069787 49.1321 0.804938 16.4202 0.383606 0.105762 7.03692 0.0131968 12.6213 0.00759445 10.0288 3.44557
11201.00 1348.37 1.070874 49.1483 0.804201 16.4199 0.389582 0.103795 7.03052 0.0129923 12.612 0.00747317 10.122 3.3493
11101.00 1347.81 1.072020 49.1642 0.803402 16.4194 0.395637 0.101858 7.024 0.0127896 12.6024 0.00735301 10.2157 3.25335
11001.00 1347.24 1.073229 49.1799 0.802535 16.4187 0.40177 0.0999518 7.01733 0.0125888 12.5923 0.00723398 10.3099 3.15776
10901.00 1346.66 1.074503 49.1954 0.801594 16.4178 0.407976 0.0980767 7.0105 0.0123898 12.5819 0.00711609 10.4046 3.06258
10801.00 1346.08 1.075846 49.2109 0.800572 16.4167 0.414252 0.0962338 7.00347 0.0121926 12.571 0.00699934 10.4998 2.96785
10701.00 1345.48 1.077262 49.2264 0.799463 16.4155 0.420594 0.0944237 6.99622 0.0119974 12.5597 0.00688375 10.5953 2.8736
10601.00 1344.88 1.078753 49.2418 0.798259 16.4141 0.426997 0.0926472 6.98872 0.011804 12.5478 0.00676932 10.6912 2.77989
10501.00 1344.27 1.080325 49.2574 0.796952 16.4125 0.433457 0.090905 6.98094 0.0116126 12.5354 0.00665606 10.7874 2.68675
10401.00 1343.66 1.081980 49.273 0.795534 16.4108 0.439967 0.0891979 6.97284 0.0114231 12.5225 0.00654399 10.8839 2.59424
10301.00 1343.03 1.083724 49.2889 0.793996 16.409 0.446521 0.0875266 6.9644 0.0112356 12.509 0.0064331 10.9806 2.50241
10201.00 1342.39 1.085559 49.3051 0.792329 16.407 0.453114 0.0858919 6.95559 0.01105 12.495 0.00632343 11.0774 2.4113
10101.00 1341.74 1.087492 49.3216 0.790524 16.4049 0.459738 0.0842945 6.94636 0.0108665 12.4802 0.00621496 11.1743 2.32097
10001.00 1341.08 1.089527 49.3385 0.788569 16.4027 0.466385 0.0827352 6.93668 0.010685 12.4649 0.00610773 11.2713 2.23147
9901.00 1340.41 1.091668 49.356 0.786455 16.4005 0.473047 0.0812149 6.92652 0.0105056 12.4488 0.00600173 11.3682 2.14286
9801.00 1339.73 1.093921 49.3741 0.784171 16.3981 0.479715 0.0797344 6.91583 0.0103282 12.432 0.00589699 11.465 2.05519
9701.00 1339.04 1.096291 49.3929 0.781704 16.3956 0.486381 0.0782944 6.90457 0.0101529 12.4145 0.00579351 11.5616 1.96852
9601.00 1338.33 1.098782 49.4125 0.779043 16.3931 0.493033 0.0768959 6.8927 0.00997982 12.3962 0.00569131 11.658 1.88292
9501.00 1337.62 1.101401 49.433 0.776175 16.3906 0.499662 0.0755398 6.88018 0.00980886 12.377 0.00559041 11.754 1.79843
9401.00 1336.88 1.104151 49.4545 0.773088 16.3879 0.506256 0.0742268 6.86697 0.0096401 12.3571 0.00549082 11.8496 1.71514
9301.00 1336.14 1.107039 49.4772 0.769767 16.3853 0.512803 0.0729581 6.85301 0.00947357 12.3363 0.00539255 11.9447 1.6331
9201.00 1335.37 1.110070 49.5012 0.766198 16.3826 0.519291 0.0717344 6.83826 0.00930929 12.3146 0.00529563 12.0392 1.55238
9101.00 1334.60 1.113247 49.5265 0.762368 16.3798 0.525708 0.070557 6.82268 0.00914731 12.292 0.00520007 12.133 1.47305
9001.00 1333.80 1.116576 49.5534 0.758262 16.377 0.532039 0.0694267 6.80621 0.00898767 12.2684 0.00510589 12.2259 1.39519
8901.00 1332.99 1.120059 49.5819 0.753865 16.3742 0.538272 0.0683447 6.78881 0.00883039 12.2439 0.00501311 12.318 1.31886
8801.00 1332.16 1.123700 49.6123 0.749161 16.3713 0.544391 0.0673121 6.77042 0.00867553 12.2184 0.00492175 12.409 1.24414
8701.00 1331.32 1.127500 49.6446 0.744136 16.3684 0.550381 0.0663301 6.75099 0.00852312 12.1919 0.00483184 12.4988 1.1711
8601.00 1330.45 1.131460 49.6791 0.738775 16.3655 0.556229 0.0653999 6.73048 0.0083732 12.1643 0.00474339 12.5873 1.09983
8501.00 1329.56 1.135578 49.7158 0.733061 16.3625 0.561918 0.0645228 6.70883 0.00822583 12.1357 0.00465643 12.6745 1.0304
8401.00 1328.66 1.139852 49.755 0.726981 16.3594 0.567433 0.0637002 6.68599 0.00808105 12.1059 0.00457099 12.76 0.962902
8301.00 1327.73 1.144275 49.7968 0.720521 16.3562 0.572759 0.0629334 6.66192 0.00793892 12.0751 0.00448709 12.8439 0.897404
8201.00 1326.78 1.148839 49.8414 0.713666 16.3529 0.57788 0.062224 6.63656 0.00779948 12.0432 0.00440476 12.926 0.833993
8101.00 1325.81 1.153532 49.889 0.706405 16.3495 0.582782 0.0615733 6.60987 0.00766279 12.0101 0.00432403 13.0061 0.772748
8001.00 1324.81 1.158336 49.9397 0.698726 16.3459 0.587449 0.0609829 6.58182 0.00752892 11.9759 0.00424494 13.0841 0.713749
7901.00 1323.79 1.163231 49.9937 0.690621 16.342 0.591869 0.0604544 6.55235 0.00739792 11.9405 0.0041675 13.1598 0.657072
7801.00 1322.75 1.168190 50.0513 0.682081 16.3379 0.596029 0.0599893 6.52145 0.00726985 11.904 0.00409176 13.2331 0.602792
7701.00 1321.68 1.173180 50.1125 0.673101 16.3335 0.599917 0.0595891 6.48908 0.00714478 11.8664 0.00401776 13.3038 0.550977
7601.00 1320.58 1.178161 50.1775 0.663679 16.3287 0.603523 0.0592553 6.45523 0.00702277 11.8275 0.00394552 13.3719 0.50169
7501.00 1319.46 1.183086 50.2465 0.653816 16.3235 0.60684 0.0589894 6.41989 0.0069039 11.7876 0.00387509 13.4372 0.454987
7401.00 1318.31 1.187903 50.3196 0.643517 16.3176 0.609861 0.0587926 6.38305 0.00678824 11.7465 0.00380649 13.4995 0.410913
7301.00 1317.14 1.192549 50.397 0.632789 16.3112 0.612582 0.0586661 6.34474 0.00667584 11.7044 0.00373978 13.5588 0.369503
7201.00 1315.95 1.196956 50.4786 0.621645 16.304 0.615003 0.0586107 6.30498 0.00656678 11.6612 0.00367499 13.6149 0.330777
7101.00 1314.73 1.201051 50.5647 0.610102 16.2959 0.617126 0.0586271 6.26381 0.00646113 11.617 0.00361215 13.6679 0.294741
7001.00 1313.48 1.204754 50.6552 0.598182 16.2869 0.618956 0.0587155 6.22129 0.00635896 11.5719 0.00355131 13.7176 0.261386
6901.00 1312.22 1.207986 50.7502 0.58591 16.2767 0.6205 0.0588759 6.17748 0.00626031 11.5259 0.00349249 13.7641 0.230682
6801.00 1310.93 1.210663 50.8496 0.573316 16.2652 0.62177 0.0591078 6.13248 0.00616526 11.479 0.00343573 13.8073 0.202581
6701.00 1309.62 1.212705 50.9535 0.560436 16.2523 0.622779 0.0594101 6.08638 0.00607386 11.4315 0.00338107 13.8472 0.177019
6601.00 1308.30 1.214039 51.0617 0.547306 16.2379 0.623543 0.0597813 6.03931 0.00598616 11.3833 0.00332852 13.884 0.153908
6501.00 1306.97 1.214596 51.1741 0.533968 16.2217 0.624083 0.0602193 5.99139 0.0059022 11.3346 0.00327812 13.9176 0.133148
6401.00 1305.62 1.214322 51.2905 0.520463 16.2036 0.624416 0.0607214 5.94277 0.00582201 11.2855 0.00322989 13.9483 0.114619
6301.00 1304.26 1.213172 51.4109 0.506837 16.1834 0.624566 0.0612846 5.89359 0.00574565 11.2362 0.00318385 13.9762 0.098188
6201.00 1302.89 1.211117 51.535 0.493134 16.161 0.624554 0.0619051 5.844 0.00567312 11.1866 0.00314002 14.0013 0.0837136
6101.00 1301.53 1.208143 51.6627 0.479398 16.1361 0.624403 0.0625788 5.79417 0.00560446 11.137 0.0030984 14.0239 0.0710447
6001.00 1300.16 1.204252 51.7937 0.465673 16.1088 0.624135 0.0633012 5.74424 0.00553969 11.0875 0.00305902 14.0441 0.0600267
5901.00 1298.79 1.199461 51.9278 0.452001 16.0787 0.623769 0.0640673 5.69438 0.00547882 11.0382 0.00302187 14.0621 0.0505043
5801.00 1297.43 1.193799 52.0648 0.438419 16.0458 0.623326 0.0648721 5.64473 0.00542187 10.9893 0.00298698 14.0781 0.042324
5701.00 1296.08 1.187308 52.2044 0.424966 16.0099 0.622823 0.0657103 5.59543 0.00536886 10.9408 0.00295434 14.0923 0.0353377
5601.00 1294.74 1.180037 52.3466 0.411675 15.9709 0.622275 0.0665763 5.54661 0.0053198 10.8928 0.00292397 14.1049 0.0294042
5501.00 1293.42 1.172046 52.4911 0.398575 15.9286 0.621696 0.0674647 5.4984 0.00527471 10.8456 0.00289586 14.116 0.0243915
5401.00 1292.11 1.163398 52.6376 0.385695 15.8831 0.621098 0.06837 5.4509 0.00523361 10.7991 0.00287004 14.1258 0.0201777
5301.00 1290.82 1.154160 52.7862 0.373058 15.8341 0.620488 0.0692869 5.40422 0.00519651 10.7536 0.0028465 14.1343 0.0166517
5201.00 1289.55 1.144401 52.9365 0.360685 15.7817 0.619876 0.0702101 5.35844 0.00516344 10.709 0.00282525 14.1419 0.013714
5101.00 1288.30 1.134191 53.0885 0.348595 15.7256 0.619265 0.0711346 5.31365 0.00513442 10.6655 0.00280631 14.1485 0.011276
5001.00 1287.08 1.123599 53.2421 0.336804 15.6659 0.618661 0.0720555 5.26991 0.00510948 10.6231 0.00278968 14.1543 0.00925972
4901.00 1285.88 1.112695 53.3971 0.325323 15.6025 0.618065 0.0729683 5.22728 0.00508865 10.5819 0.00277538 14.1594 0.00759747
4801.00 1284.71 1.101545 53.5535 0.314163 15.5353 0.617479 0.0738685 5.18581 0.00507196 10.5421 0.00276341 14.1638 0.00623081
4701.00 1283.56 1.090216 53.7111 0.303332 15.4643 0.616903 0.0747523 5.14553 0.00505944 10.5035 0.0027538 14.1676 0.00510976
4601.00 1282.45 1.078772 53.87 0.292836 15.3895 0.616336 0.0756158 5.10649 0.00505112 10.4664 0.00274654 14.1709 0.00419192
4501.00 1281.65 0.996912 54.0432 0.283938 15.3347 0.617492 0.0766929 5.0812 0.00505 10.476 0.00274352 14.0753 0.00361499
4401.00 1281.13 0.922541 54.231 0.276564 15.3016 0.620452 0.0780145 5.06883 0.00505402 10.5319 0.00274358 13.8806 0.00328252
4301.00 1280.62 0.920634 54.4203 0.269466 15.2668 0.6235 0.0793584 5.05675 0.00505966 10.5892 0.0027445 13.6839 0.00297948
4201.00 1280.11 0.918789 54.6109 0.26263 15.2303 0.626628 0.0807246 5.04495 0.00506694 10.6478 0.00274631 13.4855 0.00270329
4101.00 1279.60 0.917000 54.8031 0.256042 15.1921 0.629832 0.0821128 5.03343 0.00507591 10.7076 0.00274903 13.2855 0.00245163
4001.00 1279.09 0.915261 54.9967 0.24969 15.1521 0.633103 0.0835225 5.02218 0.00508663 10.7686 0.00275268 13.084 0.00222237
3901.00 1278.59 0.913567 55.1917 0.243561 15.1101 0.636435 0.0849534 5.01119 0.00509913 10.8308 0.0027573 12.8813 0.00201358
3801.00 1278.09 0.911912 55.3882 0.237646 15.0662 0.639821 0.0864047 5.00046 0.00511349 10.8941 0.0027629 12.6775 0.00182351
3701.00 1277.58 0.910290 55.5861 0.231933 15.02 0.643252 0.0878758 4.98999 0.00512977 10.9584 0.00276953 12.4728 0.00165055
3601.00 1277.08 0.908695 55.7855 0.226413 14.9717 0.646721 0.0893658 4.97976 0.00514804 11.0237 0.00277723 12.2674 0.00149325
3501.00 1276.59 0.907121 55.9862 0.221077 14.921 0.65022 0.0908736 4.96978 0.00516838 11.0899 0.00278602 12.0615 0.00135025
3401.00 1276.09 0.905563 56.1884 0.215918 14.8679 0.653738 0.0923981 4.96003 0.00519086 11.157 0.00279595 11.8553 0.00122034
3301.00 1275.59 0.904016 56.392 0.210927 14.8123 0.657267 0.0939378 4.95053 0.00521558 11.2249 0.00280707 11.649 0.00110238
3201.00 1275.10 0.902473 56.5969 0.206096 14.754 0.660799 0.0954912 4.94126 0.00524263 11.2935 0.00281943 11.4428 0.000995362
3101.00 1274.60 0.900929 56.8033 0.201419 14.693 0.664322 0.0970567 4.93222 0.00527212 11.3627 0.00283308 11.237 0.000898325
3001.00 1274.11 0.899379 57.0109 0.196889 14.6291 0.667827 0.0986324 4.92341 0.00530414 11.4325 0.00284807 11.0317 0.000810403
2901.00 1273.61 0.897817 57.2198 0.192501 14.5622 0.671304 0.100216 4.91483 0.00533882 11.5028 0.00286446 10.8273 0.000730801
2801.00 1273.12 0.896240 57.4301 0.188247 14.4923 0.674743 0.101806 4.90649 0.00537627 11.5736 0.00288232 10.6239 0.000658784
2701.00 1272.63 0.894643 57.6415 0.184123 14.4191 0.678133 0.103399 4.89838 0.00541663 11.6447 0.00290171 10.4217 0.000593678
2601.00 1272.14 0.893022 57.8542 0.180122 14.3426 0.681465 0.104994 4.89052 0.00546004 11.7161 0.00292271 10.221 0.000534866
2501.00 1271.65 0.891374 58.0681 0.17624 14.2628 0.684727 0.106586 4.88289 0.00550663 11.7877 0.00294538 10.0221 0.000481777
2401.00 1271.17 0.889696 58.2832 0.172472 14.1794 0.687911 0.108175 4.87551 0.00555657 11.8594 0.00296982 9.825 0.000433888
2301.00 1270.68 0.887986 58.4993 0.168812 14.0924 0.691005 0.109757 4.8684 0.00561001 11.9313 0.0029961 9.63008 0.000390721
2201.00 1270.20 0.793228 58.7161 0.165203 14.0023 0.694181 0.111322 4.8619 0.00566678 12.0042 0.00302412 9.4361 0
2101.00 1269.72 0.884535 58.9345 0.161747 13.9077 0.697066 0.112883 4.85531 0.0057278 12.0761 0.00305438 9.24593 0
2001.00 1269.24 0.882721 59.1538 0.158386 13.8093 0.699835 0.114428 4.84902 0.00579288 12.1479 0.00308676 9.05846 0
1901.00 1268.76 0.880876 59.3741 0.155115 13.7069 0.70248 0.115955 4.84303 0.00586222 12.2196 0.00312138 8.87385 0
1801.00 1268.28 0.879000 59.5952 0.151931 13.6005 0.704995 0.117461 4.83736 0.00593604 12.2912 0.00315834 8.69223 0
1701.00 1267.81 0.877096 59.8173 0.148828 13.4899 0.707371 0.118943 4.83204 0.00601459 12.3627 0.00319777 8.51373 0
1601.00 1267.33 0.875167 60.0402 0.145804 13.3751 0.709604 0.120399 4.82707 0.0060981 12.434 0.0032398 8.33846 0
1501.00 1266.86 0.873218 60.264 0.142854 13.256 0.711686 0.121826 4.82249 0.00618685 12.5052 0.00328457 8.16651 0
1401.00 1266.39 0.871252 60.4885 0.139973 13.1326 0.713614 0.123223 4.81832 0.00628112 12.5762 0.00333221 7.99794 0
1301.00 1265.93 0.869276 60.7137 0.13716 13.0048 0.715382 0.124588 4.81458 0.00638122 12.6471 0.00338289 7.83281 0
1201.00 1265.46 0.867294 60.9397 0.134409 12.8726 0.716988 0.125918 4.81131 0.00648747 12.718 0.00343677 7.67116 0
1101.00 1265.00 0.865313 61.1664 0.131717 12.7358 0.718427 0.127213 4.80852 0.00660022 12.7888 0.00349404 7.51298 0
1001.00 1264.54 0.863339 61.3938 0.129081 12.5945 0.719698 0.128471 4.80625 0.00671986 12.8596 0.0035549 7.35829 0
901.00 1264.08 0.861378 61.6219 0.126497 12.4485 0.720799 0.129692 4.80453 0.0068468 12.9305 0.00361954 7.20707 0
801.00 1263.62 0.859438 61.8506 0.123963 12.2979 0.721727 0.130875 4.8034 0.00698148 13.0016 0.0036882 7.05927 0
701.00 1263.17 0.857525 62.08 0.121474 12.1425 0.722482 0.13202 4.8029 0.00712438 13.0729 0.00376113 6.91484 0
601.00 1262.72 0.855645 62.31 0.119029 11.9823 0.723061 0.133126 4.80305 0.00727603 13.1445 0.0038386 6.77374 0
501.00 1262.27 0.853807 62.5408 0.116623 11.8173 0.723466 0.134195 4.8039 0.00743699 13.2166 0.0039209 6.63587 0
401.00 1261.82 0.852017 62.7721 0.114255 11.6473 0.723694 0.135226 4.8055 0.00760791 13.2892 0.00400834 6.50116 0
301.00 1261.37 0.850282 63.0042 0.111921 11.4722 0.723745 0.136221 4.80787 0.00778945 13.3624 0.00410129 6.3695 0
201.00 1260.93 0.848609 63.237 0.109619 11.2921 0.723618 0.13718 4.81108 0.00798237 13.4364 0.00420012 6.2408 0
101.00 1260.49 0.847005 63.4705 0.107346 11.1067 0.723312 0.138106 4.81516 0.00818749 13.5114 0.00430526 6.11494 0
1.00 1260.04 0.845479 63.7048 0.105099 10.9161 0.722825 0.138999 4.82017 0.00840573 13.5874 0.00441717 5.99181 0