Title: Depleted MORB Mantle of Workmann & Hart 2005

Liquid Composition:
Pressure Temperature mass SiO2 TiO2 Al2O3 Fe2O3 Cr2O3 FeO MnO MgO NiO CaO Na2O 
44001.00 1300.93 0.000000 ---
43901.00 1300.74 0.000000 ---
43801.00 1300.55 0.000000 ---
43701.00 1300.36 0.000000 ---
43601.00 1300.16 0.000000 ---
43501.00 1299.97 0.000000 ---
43401.00 1299.78 0.000000 ---
43301.00 1299.59 0.000000 ---
43201.00 1299.40 0.000000 ---
43101.00 1299.21 0.000000 ---
43001.00 1299.02 0.000000 ---
42901.00 1298.83 0.000000 ---
42801.00 1298.64 0.000000 ---
42701.00 1298.45 0.000000 ---
42601.00 1298.26 0.000000 ---
42501.00 1298.07 0.000000 ---
42401.00 1297.88 0.000000 ---
42301.00 1297.69 0.000000 ---
42201.00 1297.50 0.000000 ---
42101.00 1297.31 0.000000 ---
42001.00 1297.12 0.000000 ---
41901.00 1296.93 0.000000 ---
41801.00 1296.74 0.000000 ---
41701.00 1296.55 0.000000 ---
41601.00 1296.36 0.000000 ---
41501.00 1296.16 0.000000 ---
41401.00 1295.97 0.000000 ---
41301.00 1295.78 0.000000 ---
41201.00 1295.59 0.000000 ---
41101.00 1295.40 0.000000 ---
41001.00 1295.21 0.000000 ---
40901.00 1295.02 0.000000 ---
40801.00 1294.83 0.000000 ---
40701.00 1294.64 0.000000 ---
40601.00 1294.45 0.000000 ---
40501.00 1294.26 0.000000 ---
40401.00 1294.06 0.000000 ---
40301.00 1293.87 0.000000 ---
40201.00 1293.68 0.000000 ---
40101.00 1293.49 0.000000 ---
40001.00 1293.30 0.000000 ---
39901.00 1293.11 0.000000 ---
39801.00 1292.92 0.000000 ---
39701.00 1292.73 0.000000 ---
39601.00 1292.53 0.000000 ---
39501.00 1292.34 0.000000 ---
39401.00 1292.15 0.000000 ---
39301.00 1291.96 0.000000 ---
39201.00 1291.77 0.000000 ---
39101.00 1291.58 0.000000 ---
39001.00 1291.39 0.000000 ---
38901.00 1291.19 0.000000 ---
38801.00 1291.00 0.000000 ---
38701.00 1290.81 0.000000 ---
38601.00 1290.62 0.000000 ---
38501.00 1290.43 0.000000 ---
38401.00 1290.23 0.000000 ---
38301.00 1290.04 0.000000 ---
38201.00 1289.85 0.000000 ---
38101.00 1289.66 0.000000 ---
38001.00 1289.47 0.000000 ---
37901.00 1289.27 0.000000 ---
37801.00 1289.08 0.000000 ---
37701.00 1288.89 0.000000 ---
37601.00 1288.70 0.000000 ---
37501.00 1288.51 0.000000 ---
37401.00 1288.31 0.000000 ---
37301.00 1288.12 0.000000 ---
37201.00 1287.93 0.000000 ---
37101.00 1287.74 0.000000 ---
37001.00 1287.54 0.000000 ---
36901.00 1287.35 0.000000 ---
36801.00 1287.16 0.000000 ---
36701.00 1286.96 0.000000 ---
36601.00 1286.77 0.000000 ---
36501.00 1286.58 0.000000 ---
36401.00 1286.39 0.000000 ---
36301.00 1286.19 0.000000 ---
36201.00 1286.00 0.000000 ---
36101.00 1285.81 0.000000 ---
36001.00 1285.61 0.000000 ---
35901.00 1285.42 0.000000 ---
35801.00 1285.23 0.000000 ---
35701.00 1285.03 0.000000 ---
35601.00 1284.84 0.000000 ---
35501.00 1284.64 0.000000 ---
35401.00 1284.45 0.000000 ---
35301.00 1284.26 0.000000 ---
35201.00 1284.06 0.000000 ---
35101.00 1283.87 0.000000 ---
35001.00 1283.67 0.000000 ---
34901.00 1283.48 0.000000 ---
34801.00 1283.29 0.000000 ---
34701.00 1283.09 0.000000 ---
34601.00 1282.90 0.000000 ---
34501.00 1282.70 0.000000 ---
34401.00 1282.51 0.000000 ---
34301.00 1282.31 0.000000 ---
34201.00 1282.12 0.000000 ---
34101.00 1281.92 0.000000 ---
34001.00 1281.73 0.000000 ---
33901.00 1281.53 0.000000 ---
33801.00 1281.34 0.000000 ---
33701.00 1281.14 0.000000 ---
33601.00 1280.95 0.000000 ---
33501.00 1280.75 0.000000 ---
33401.00 1280.56 0.000000 ---
33301.00 1280.36 0.000000 ---
33201.00 1280.17 0.000000 ---
33101.00 1279.97 0.000000 ---
33001.00 1279.77 0.000000 ---
32901.00 1279.58 0.000000 ---
32801.00 1279.38 0.000000 ---
32701.00 1279.19 0.000000 ---
32601.00 1278.99 0.000000 ---
32501.00 1278.79 0.000000 ---
32401.00 1278.60 0.000000 ---
32301.00 1278.40 0.000000 ---
32201.00 1278.20 0.000000 ---
32101.00 1278.00 0.000000 ---
32001.00 1277.81 0.000000 ---
31901.00 1277.61 0.000000 ---
31801.00 1277.41 0.000000 ---
31701.00 1277.21 0.000000 ---
31601.00 1277.02 0.000000 ---
31501.00 1276.82 0.000000 ---
31401.00 1276.62 0.000000 ---
31301.00 1276.42 0.000000 ---
31201.00 1276.22 0.000000 ---
31101.00 1276.03 0.000000 ---
31001.00 1275.83 0.000000 ---
30901.00 1275.63 0.000000 ---
30801.00 1275.43 0.000000 ---
30701.00 1275.23 0.000000 ---
30601.00 1275.03 0.000000 ---
30501.00 1274.83 0.000000 ---
30401.00 1274.63 0.000000 ---
30301.00 1274.43 0.000000 ---
30201.00 1274.23 0.000000 ---
30101.00 1274.03 0.000000 ---
30001.00 1273.83 0.000000 ---
29901.00 1273.63 0.000000 ---
29801.00 1273.43 0.000000 ---
29701.00 1273.23 0.000000 ---
29601.00 1273.03 0.000000 ---
29501.00 1272.83 0.000000 ---
29401.00 1272.63 0.000000 ---
29301.00 1272.42 0.000000 ---
29201.00 1272.22 0.000000 ---
29101.00 1272.02 0.000000 ---
29001.00 1271.82 0.000000 ---
28901.00 1271.61 0.000000 ---
28801.00 1271.41 0.000000 ---
28701.00 1271.21 0.000000 ---
28601.00 1271.01 0.000000 ---
28501.00 1270.80 0.000000 ---
28401.00 1270.60 0.000000 ---
28301.00 1270.39 0.000000 ---
28201.00 1270.19 0.000000 ---
28101.00 1269.99 0.000000 ---
28001.00 1269.78 0.000000 ---
27901.00 1269.58 0.000000 ---
27801.00 1269.37 0.000000 ---
27701.00 1269.16 0.000000 ---
27601.00 1268.96 0.000000 ---
27501.00 1268.75 0.000000 ---
27401.00 1268.55 0.000000 ---
27301.00 1268.34 0.000000 ---
27201.00 1268.13 0.000000 ---
27101.00 1267.93 0.000000 ---
27001.00 1267.72 0.000000 ---
26901.00 1267.51 0.000000 ---
26801.00 1267.30 0.000000 ---
26701.00 1267.09 0.000000 ---
26601.00 1266.88 0.000000 ---
26501.00 1266.67 0.000000 ---
26401.00 1266.46 0.000000 ---
26301.00 1266.25 0.000000 ---
26201.00 1266.04 0.000000 ---
26101.00 1265.83 0.000000 ---
26001.00 1265.62 0.000000 ---
25901.00 1265.41 0.000000 ---
25801.00 1265.20 0.000000 ---
25701.00 1264.99 0.000000 ---
25601.00 1264.77 0.000000 ---
25501.00 1264.56 0.000000 ---
25401.00 1264.35 0.000000 ---
25301.00 1264.13 0.000000 ---
25201.00 1263.92 0.000000 ---
25101.00 1263.70 0.000000 ---
25001.00 1263.49 0.000000 ---
24901.00 1263.27 0.000000 ---
24801.00 1263.05 0.000000 ---
24701.00 1262.84 0.000000 ---
24601.00 1262.62 0.000000 ---
24501.00 1262.40 0.000000 ---
24401.00 1262.18 0.000000 ---
24301.00 1261.96 0.000000 ---
24201.00 1261.75 0.000000 ---
24101.00 1261.53 0.000000 ---
24001.00 1261.30 0.000000 ---
23901.00 1261.08 0.000000 ---
23801.00 1260.86 0.000000 ---
23701.00 1260.64 0.000000 ---
23601.00 1260.42 0.000000 ---
23501.00 1260.19 0.000000 ---
23401.00 1259.97 0.000000 ---
23301.00 1259.74 0.000000 ---
23201.00 1259.52 0.000000 ---
23101.00 1259.29 0.000000 ---
23001.00 1259.06 0.000000 ---
22901.00 1258.83 0.000000 ---
22801.00 1258.60 0.000000 ---
22701.00 1258.38 0.000000 ---
22601.00 1258.14 0.000000 ---
22501.00 1257.91 0.000000 ---
22401.00 1257.68 0.000000 ---
22301.00 1257.45 0.000000 ---
22201.00 1257.21 0.000000 ---
22101.00 1256.98 0.000000 ---
22001.00 1256.74 0.000000 ---
21901.00 1256.51 0.000000 ---
21801.00 1256.27 0.000000 ---
21701.00 1256.03 0.000000 ---
21601.00 1255.79 0.000000 ---
21501.00 1255.55 0.000000 ---
21401.00 1255.31 0.000000 ---
21301.00 1255.06 0.000000 ---
21201.00 1254.82 0.000000 ---
21101.00 1254.57 0.000000 ---
21001.00 1254.33 0.000000 ---
20901.00 1254.08 0.000000 ---
20801.00 1253.83 0.000000 ---
20701.00 1253.58 0.000000 ---
20601.00 1253.32 0.000000 ---
20501.00 1253.07 0.000000 ---
20401.00 1252.81 0.000000 ---
20301.00 1252.56 0.000000 ---
20201.00 1252.30 0.000000 ---
20101.00 1252.04 0.000000 ---
20001.00 1251.77 0.000000 ---
19901.00 1251.51 0.000000 ---
19801.00 1251.24 0.000000 ---
19701.00 1250.98 0.000000 ---
19601.00 1250.70 0.000000 ---
19501.00 1250.43 0.000000 ---
19401.00 1250.16 0.000000 ---
19301.00 1249.88 0.000000 ---
19201.00 1249.60 0.000000 ---
19101.00 1249.32 0.000000 ---
19001.00 1249.03 0.000000 ---
18901.00 1248.75 0.000000 ---
18801.00 1248.45 0.000000 ---
18701.00 1248.16 0.000000 ---
18601.00 1247.86 0.000000 ---
18501.00 1247.57 0.000000 ---
18401.00 1247.26 0.000000 ---
18301.00 1246.97 0.000000 ---
18201.00 1246.79 0.000000 ---
18101.00 1246.62 0.000000 ---
18001.00 1246.44 0.000000 ---
17901.00 1246.26 0.000000 ---
17801.00 1246.09 0.000000 ---
17701.00 1245.91 0.000000 ---
17601.00 1245.73 0.000000 ---
17501.00 1245.56 0.000000 ---
17401.00 1245.38 0.000000 ---
17301.00 1245.20 0.000000 ---
17201.00 1245.03 0.000000 ---
17101.00 1244.85 0.000000 ---
17001.00 1244.67 0.000000 ---
16901.00 1244.50 0.000000 ---
16801.00 1244.32 0.000000 ---
16701.00 1244.14 0.000000 ---
16601.00 1243.97 0.000000 ---
16501.00 1243.79 0.000000 ---
16401.00 1243.61 0.000000 ---
16301.00 1243.44 0.000000 ---
16201.00 1243.26 0.000000 ---
16101.00 1243.08 0.000000 ---
16001.00 1242.91 0.000000 ---
15901.00 1242.73 0.000000 ---
15801.00 1242.55 0.000000 ---
15701.00 1242.38 0.000000 ---
15601.00 1242.20 0.000000 ---
15501.00 1242.02 0.000000 ---
15401.00 1241.85 0.000000 ---
15301.00 1241.67 0.000000 ---
15201.00 1241.49 0.000000 ---
15101.00 1241.32 0.000000 ---
15001.00 1241.14 0.000000 ---
14901.00 1240.96 0.000000 ---
14801.00 1240.79 0.000000 ---
14701.00 1240.61 0.000000 ---
14601.00 1240.43 0.000000 ---
14501.00 1240.26 0.000000 ---
14401.00 1240.08 0.000000 ---
14301.00 1239.90 0.000000 ---
14201.00 1239.73 0.000000 ---
14101.00 1239.55 0.000000 ---
14001.00 1239.37 0.000000 ---
13901.00 1239.20 0.000000 ---
13801.00 1239.02 0.000000 ---
13701.00 1238.84 0.000000 ---
13601.00 1238.67 0.000000 ---
13501.00 1238.49 0.000000 ---
13401.00 1238.31 0.000000 ---
13301.00 1238.14 0.000000 ---
13201.00 1237.96 0.000000 ---
13101.00 1237.78 0.000000 ---
13001.00 1237.61 0.000000 ---
12901.00 1237.43 0.000000 ---
12801.00 1237.25 0.000000 ---
12701.00 1237.08 0.000000 ---
12601.00 1236.90 0.000000 ---
12501.00 1236.72 0.000000 ---
12401.00 1236.55 0.000000 ---
12301.00 1236.37 0.000000 ---
12201.00 1236.19 0.000000 ---
12101.00 1236.02 0.000000 ---
12001.00 1235.84 0.000000 ---
11901.00 1235.66 0.000000 ---
11801.00 1235.49 0.000000 ---
11701.00 1235.31 0.000000 ---
11601.00 1235.13 0.000000 ---
11501.00 1234.96 0.000000 ---
11401.00 1234.78 0.000000 ---
11301.00 1234.60 0.000000 ---
11201.00 1234.43 0.000000 ---
11101.00 1234.25 0.000000 ---
11001.00 1234.07 0.000000 ---
10901.00 1233.90 0.000000 ---
10801.00 1233.68 0.011459 54.0375 0.573375 19.2716 0.0735034 0.300113 3.55939 0.0124086 7.01085 0.00661903 3.8696 11.2851
10701.00 1233.35 0.052689 54.1007 0.572291 19.2814 0.074639 0.294908 3.55372 0.0122311 7.01297 0.00652165 3.92264 11.1679
10601.00 1233.02 0.094582 54.1633 0.571257 19.2909 0.0758061 0.289753 3.54825 0.0120551 7.0154 0.00642511 3.97662 11.0502
10501.00 1232.69 0.137165 54.2252 0.570274 19.3 0.077006 0.28465 3.54299 0.0118804 7.01815 0.0063294 4.03157 10.9319
10401.00 1232.36 0.180466 54.2863 0.569342 19.3088 0.0782398 0.279598 3.53794 0.0117072 7.02122 0.00623453 4.08751 10.8131
10301.00 1232.02 0.224516 54.3467 0.568461 19.3172 0.0795091 0.274597 3.53312 0.0115355 7.02463 0.00614049 4.14447 10.6936
10201.00 1231.69 0.269347 54.4063 0.567633 19.3253 0.0808152 0.269647 3.52851 0.0113652 7.02836 0.00604728 4.20246 10.5736
10101.00 1231.35 0.314992 54.4651 0.566859 19.333 0.0821595 0.264749 3.52413 0.0111963 7.03243 0.00595489 4.26151 10.453
10001.00 1231.01 0.361487 54.523 0.566138 19.3403 0.0835438 0.259901 3.51998 0.0110288 7.03684 0.00586333 4.32164 10.3317
9901.00 1230.67 0.408870 54.5801 0.565472 19.3473 0.0849696 0.255105 3.51607 0.0108628 7.04159 0.00577259 4.38287 10.2099
9801.00 1230.32 0.457181 54.6363 0.564861 19.3538 0.0864386 0.250359 3.51239 0.0106982 7.04669 0.00568267 4.44524 10.0875
9701.00 1229.98 0.506461 54.6916 0.564306 19.36 0.0879526 0.245665 3.50896 0.010535 7.05214 0.00559356 4.50875 9.96451
9601.00 1229.63 0.556754 54.746 0.563808 19.3658 0.0895136 0.241022 3.50577 0.0103732 7.05794 0.00550526 4.57345 9.8409
9501.00 1229.28 0.608109 54.7994 0.563367 19.3711 0.0911235 0.23643 3.50283 0.0102128 7.0641 0.00541778 4.63934 9.71669
9401.00 1228.92 0.660575 54.8518 0.562985 19.3761 0.0927844 0.231889 3.50014 0.0100538 7.07062 0.00533109 4.70647 9.59187
9301.00 1228.57 0.714205 54.9032 0.562662 19.3806 0.0944985 0.2274 3.49771 0.00989625 7.0775 0.00524521 4.77484 9.46646
9201.00 1228.21 0.769055 54.9536 0.562399 19.3847 0.096268 0.222962 3.49554 0.00974006 7.08475 0.00516013 4.8445 9.34044
9101.00 1227.84 0.825184 55.0029 0.562196 19.3883 0.0980954 0.218576 3.49364 0.00958527 7.09236 0.00507585 4.91545 9.21382
9001.00 1227.48 0.882656 55.0511 0.562055 19.3915 0.0999832 0.214242 3.49201 0.00943186 7.10034 0.00499236 4.98774 9.0866
8901.00 1227.11 0.941538 55.0982 0.561976 19.3943 0.101934 0.209959 3.49065 0.00927983 7.10868 0.00490966 5.06138 8.95878
8801.00 1226.74 1.001900 55.1441 0.56196 19.3966 0.103951 0.205729 3.48956 0.00912917 7.1174 0.00482774 5.13639 8.83037
8701.00 1226.36 1.063297 55.1889 0.562008 19.3984 0.106036 0.201551 3.48875 0.00897989 7.12648 0.00474661 5.21281 8.70137
8601.00 1225.98 1.063368 55.2323 0.562126 19.3998 0.108193 0.197409 3.48829 0.00883203 7.13603 0.00466629 5.29081 8.57157
8501.00 1225.60 1.063459 55.2743 0.562315 19.4007 0.110424 0.193303 3.4882 0.00868556 7.14606 0.00458677 5.37044 8.44097
8401.00 1225.22 1.063572 55.315 0.562577 19.4011 0.112734 0.189234 3.48848 0.0085405 7.15658 0.00450806 5.45172 8.30955
8301.00 1224.84 1.063708 55.3541 0.562915 19.401 0.115125 0.185201 3.48915 0.00839683 7.16758 0.00443015 5.53471 8.17731
8201.00 1224.46 1.063868 55.3918 0.563329 19.4005 0.117603 0.181205 3.4902 0.00825455 7.17908 0.00435304 5.61945 8.04424
8101.00 1224.07 1.064054 55.4279 0.563823 19.3994 0.12017 0.177246 3.49166 0.00811364 7.19108 0.00427671 5.70598 7.91033
8001.00 1223.68 1.064268 55.4624 0.564398 19.3978 0.122831 0.173324 3.49352 0.00797411 7.20359 0.00420117 5.79435 7.77557
7901.00 1223.29 1.064512 55.4952 0.565056 19.3957 0.12559 0.16944 3.4958 0.00783594 7.21661 0.00412642 5.8846 7.63997
7801.00 1223.01 1.021986 55.5219 0.567698 19.3879 0.128882 0.165744 3.50183 0.00770054 7.23469 0.00405347 5.98212 7.49747
7701.00 1223.09 0.876899 55.5309 0.577052 19.3618 0.13382 0.162579 3.51975 0.00757179 7.26889 0.00398508 6.10019 7.33348
7601.00 1223.14 0.772208 55.5386 0.586164 19.3363 0.138869 0.159381 3.53738 0.00744465 7.30241 0.00391748 6.21929 7.17032
7501.00 1223.16 0.681132 55.5449 0.595018 19.3114 0.14403 0.156158 3.55472 0.00731899 7.33521 0.00385059 6.33937 7.00804
7401.00 1223.14 0.603676 55.55 0.603596 19.2871 0.149303 0.15292 3.57173 0.00719469 7.36727 0.00378436 6.4604 6.8467
7301.00 1223.08 0.539853 55.554 0.611885 19.2634 0.154692 0.149674 3.58839 0.00707164 7.39857 0.00371874 6.58233 6.68635
7201.00 1222.99 0.489683 55.5568 0.619869 19.2402 0.160195 0.146428 3.60469 0.00694976 7.42906 0.00365367 6.70511 6.52704
7101.00 1222.86 0.453194 55.5587 0.627535 19.2175 0.165817 0.14319 3.62059 0.00682896 7.45873 0.00358912 6.82867 6.36885
7001.00 1222.69 0.430420 55.5597 0.634872 19.1953 0.171557 0.139969 3.63606 0.00670918 7.48753 0.00352506 6.95295 6.21183
6901.00 1222.49 0.421399 55.5598 0.64187 19.1736 0.177417 0.136772 3.65109 0.00659038 7.51542 0.00346146 7.07789 6.05606
6801.00 1222.25 0.426172 55.5592 0.648519 19.1524 0.183398 0.133606 3.66564 0.00647251 7.54239 0.0033983 7.20339 5.9016
6701.00 1221.98 0.444785 55.558 0.654813 19.1315 0.189503 0.130479 3.67967 0.00635553 7.56838 0.00333558 7.32939 5.74853
6601.00 1221.66 0.477284 55.5564 0.660744 19.111 0.195731 0.127396 3.69317 0.00623944 7.59336 0.00327328 7.45579 5.59694
6501.00 1221.32 0.523717 55.5543 0.666309 19.0908 0.202085 0.124365 3.70609 0.00612421 7.6173 0.0032114 7.58249 5.44688
6401.00 1220.93 0.584133 55.552 0.671504 19.071 0.208565 0.121391 3.7184 0.00600985 7.64016 0.00314994 7.7094 5.29846
6301.00 1220.51 0.658579 55.5496 0.676328 19.0513 0.215172 0.11848 3.73008 0.00589637 7.6619 0.0030889 7.83641 5.15174
6201.00 1220.05 0.747104 55.5472 0.680781 19.0319 0.221906 0.115638 3.74107 0.00578377 7.68249 0.00302831 7.96339 5.00682
6101.00 1219.56 0.849754 55.5449 0.684862 19.0127 0.228768 0.112869 3.75136 0.00567208 7.70189 0.00296817 8.09025 4.86377
6001.00 1219.03 0.966574 55.5429 0.688575 18.9936 0.235758 0.110178 3.76089 0.00556133 7.72006 0.00290849 8.21684 4.72268
5901.00 1218.46 1.097609 55.5414 0.691923 18.9747 0.242874 0.107569 3.76965 0.00545154 7.73697 0.00284931 8.34305 4.58364
5801.00 1217.86 1.138408 55.54 0.694869 18.9559 0.250102 0.105014 3.77774 0.00534266 7.75276 0.00279059 8.46919 4.44627
5701.00 1217.23 1.149676 55.5386 0.6974 18.9376 0.257437 0.102505 3.78521 0.00523467 7.7675 0.00273234 8.59537 4.31044