Title: Depleted MORB Mantle of Workmann & Hart 2005

System Thermodynamic Data:
Pressure Temperature mass F phi S H V Cp dVdP*10^6 dVdT*10^6 fO2(absolute) fO2(absolute) rhol rhos viscosity aH2O chisqr
44001.00 1300.93 100.138999 0.0000000000000000 0.000000 245.312425 -1164290.628769 30.032202 124.115094 -19.870666 1398.963847 -6.612 -6.612 0.000000 3.334388 0.000 0 0.000
43901.00 1300.74 100.138999 0.0000000000000000 0.000000 245.312425 -1164590.960382 30.034121 124.121248 -19.877632 1398.898402 -6.617 -6.617 0.000000 3.334174 0.000 0 0.000
43801.00 1300.55 100.138999 0.0000000000000000 0.000000 245.312425 -1164891.311200 30.036043 124.127403 -19.884601 1398.833091 -6.622 -6.622 0.000000 3.333961 0.000 0 0.000
43701.00 1300.36 100.138999 0.0000000000000000 0.000000 245.312425 -1165191.681244 30.037966 124.133557 -19.891575 1398.767914 -6.626 -6.626 0.000000 3.333748 0.000 0 0.000
43601.00 1300.16 100.138999 0.0000000000000000 0.000000 245.312425 -1165492.070533 30.039892 124.139711 -19.898554 1398.702874 -6.631 -6.631 0.000000 3.333534 0.000 0 0.000
43501.00 1299.97 100.138999 0.0000000000000000 0.000000 245.312425 -1165792.479089 30.041820 124.145865 -19.905537 1398.637970 -6.636 -6.636 0.000000 3.333320 0.000 0 0.000
43401.00 1299.78 100.138999 0.0000000000000000 0.000000 245.312425 -1166092.906932 30.043749 124.152019 -19.912524 1398.573205 -6.640 -6.640 0.000000 3.333106 0.000 0 0.000
43301.00 1299.59 100.138999 0.0000000000000000 0.000000 245.312425 -1166393.354083 30.045681 124.158173 -19.919516 1398.508579 -6.645 -6.645 0.000000 3.332892 0.000 0 0.000
43201.00 1299.40 100.138999 0.0000000000000000 0.000000 245.312425 -1166693.820562 30.047615 124.164328 -19.926512 1398.444093 -6.650 -6.650 0.000000 3.332677 0.000 0 0.000
43101.00 1299.21 100.138999 0.0000000000000000 0.000000 245.312425 -1166994.306390 30.049551 124.170482 -19.933513 1398.379749 -6.654 -6.654 0.000000 3.332462 0.000 0 0.000
43001.00 1299.02 100.138999 0.0000000000000000 0.000000 245.312425 -1167294.811589 30.051489 124.176637 -19.940519 1398.315548 -6.659 -6.659 0.000000 3.332247 0.000 0 0.000
42901.00 1298.83 100.138999 0.0000000000000000 0.000000 245.312425 -1167595.336180 30.053429 124.182791 -19.947529 1398.251490 -6.664 -6.664 0.000000 3.332032 0.000 0 0.000
42801.00 1298.64 100.138999 0.0000000000000000 0.000000 245.312425 -1167895.880184 30.055372 124.188946 -19.954544 1398.187578 -6.669 -6.669 0.000000 3.331817 0.000 0 0.000
42701.00 1298.45 100.138999 0.0000000000000000 0.000000 245.312425 -1168196.443623 30.057316 124.195101 -19.961564 1398.123812 -6.674 -6.674 0.000000 3.331601 0.000 0 0.000
42601.00 1298.26 100.138999 0.0000000000000000 0.000000 245.312425 -1168497.026519 30.059263 124.201256 -19.968588 1398.060193 -6.678 -6.678 0.000000 3.331386 0.000 0 0.000
42501.00 1298.07 100.138999 0.0000000000000000 0.000000 245.312425 -1168797.628892 30.061212 124.207412 -19.975618 1397.996724 -6.683 -6.683 0.000000 3.331170 0.000 0 0.000
42401.00 1297.88 100.138999 0.0000000000000000 0.000000 245.312425 -1169098.250766 30.063163 124.213567 -19.982652 1397.933404 -6.688 -6.688 0.000000 3.330954 0.000 0 0.000
42301.00 1297.69 100.138999 0.0000000000000000 0.000000 245.312425 -1169398.892161 30.065116 124.219723 -19.989691 1397.870236 -6.693 -6.693 0.000000 3.330737 0.000 0 0.000
42201.00 1297.50 100.138999 0.0000000000000000 0.000000 245.312425 -1169699.553101 30.067072 124.225879 -19.996736 1397.807220 -6.698 -6.698 0.000000 3.330520 0.000 0 0.000
42101.00 1297.31 100.138999 0.0000000000000000 0.000000 245.312425 -1170000.233608 30.069030 124.232036 -20.003785 1397.744358 -6.702 -6.702 0.000000 3.330304 0.000 0 0.000
42001.00 1297.12 100.138999 0.0000000000000000 0.000000 245.312425 -1170300.933704 30.070990 124.238192 -20.010839 1397.681652 -6.707 -6.707 0.000000 3.330087 0.000 0 0.000
41901.00 1296.93 100.138999 0.0000000000000000 0.000000 245.312425 -1170601.653411 30.072952 124.244349 -20.017898 1397.619102 -6.712 -6.712 0.000000 3.329869 0.000 0 0.000
41801.00 1296.74 100.138999 0.0000000000000000 0.000000 245.312425 -1170902.392754 30.074917 124.250507 -20.024963 1397.556710 -6.717 -6.717 0.000000 3.329652 0.000 0 0.000
41701.00 1296.55 100.138999 0.0000000000000000 0.000000 245.312425 -1171203.151754 30.076884 124.256664 -20.032033 1397.494478 -6.722 -6.722 0.000000 3.329434 0.000 0 0.000
41601.00 1296.36 100.138999 0.0000000000000000 0.000000 245.312425 -1171503.930434 30.078853 124.262823 -20.039108 1397.432406 -6.727 -6.727 0.000000 3.329216 0.000 0 0.000
41501.00 1296.16 100.138999 0.0000000000000000 0.000000 245.312425 -1171804.728819 30.080824 124.268981 -20.046188 1397.370497 -6.732 -6.732 0.000000 3.328998 0.000 0 0.000
41401.00 1295.97 100.138999 0.0000000000000000 0.000000 245.312425 -1172105.546931 30.082798 124.275140 -20.053274 1397.308751 -6.737 -6.737 0.000000 3.328779 0.000 0 0.000
41301.00 1295.78 100.138999 0.0000000000000000 0.000000 245.312425 -1172406.384794 30.084775 124.281299 -20.060365 1397.247171 -6.742 -6.742 0.000000 3.328561 0.000 0 0.000
41201.00 1295.59 100.138999 0.0000000000000000 0.000000 245.312425 -1172707.242431 30.086753 124.287459 -20.067461 1397.185757 -6.747 -6.747 0.000000 3.328342 0.000 0 0.000
41101.00 1295.40 100.138999 0.0000000000000000 0.000000 245.312425 -1173008.119868 30.088734 124.293620 -20.074563 1397.124511 -6.752 -6.752 0.000000 3.328123 0.000 0 0.000
41001.00 1295.21 100.138999 0.0000000000000000 0.000000 245.312425 -1173309.017127 30.090718 124.299781 -20.081671 1397.063435 -6.757 -6.757 0.000000 3.327903 0.000 0 0.000
40901.00 1295.02 100.138999 0.0000000000000000 0.000000 245.312425 -1173609.934233 30.092704 124.305942 -20.088784 1397.002530 -6.762 -6.762 0.000000 3.327684 0.000 0 0.000
40801.00 1294.83 100.138999 0.0000000000000000 0.000000 245.312425 -1173910.871211 30.094692 124.312104 -20.095903 1396.941798 -6.767 -6.767 0.000000 3.327464 0.000 0 0.000
40701.00 1294.64 100.138999 0.0000000000000000 0.000000 245.312425 -1174211.828084 30.096683 124.318267 -20.103028 1396.881240 -6.772 -6.772 0.000000 3.327244 0.000 0 0.000
40601.00 1294.45 100.138999 0.0000000000000000 0.000000 245.312425 -1174512.804879 30.098676 124.324430 -20.110158 1396.820858 -6.777 -6.777 0.000000 3.327023 0.000 0 0.000
40501.00 1294.26 100.138999 0.0000000000000000 0.000000 245.312425 -1174813.801619 30.100672 124.330594 -20.117295 1396.760654 -6.782 -6.782 0.000000 3.326803 0.000 0 0.000
40401.00 1294.06 100.138999 0.0000000000000000 0.000000 245.312425 -1175114.818330 30.102671 124.336758 -20.124437 1396.700629 -6.787 -6.787 0.000000 3.326582 0.000 0 0.000
40301.00 1293.87 100.138999 0.0000000000000000 0.000000 245.312425 -1175415.855038 30.104671 124.342924 -20.131585 1396.640785 -6.792 -6.792 0.000000 3.326361 0.000 0 0.000
40201.00 1293.68 100.138999 0.0000000000000000 0.000000 245.312425 -1175716.911767 30.106675 124.349090 -20.138739 1396.581124 -6.797 -6.797 0.000000 3.326139 0.000 0 0.000
40101.00 1293.49 100.138999 0.0000000000000000 0.000000 245.312425 -1176017.988544 30.108681 124.355256 -20.145899 1396.521647 -6.803 -6.803 0.000000 3.325918 0.000 0 0.000
40001.00 1293.30 100.138999 0.0000000000000000 0.000000 245.312425 -1176319.085394 30.110690 124.361424 -20.153066 1396.462356 -6.808 -6.808 0.000000 3.325696 0.000 0 0.000
39901.00 1293.11 100.138999 0.0000000000000000 0.000000 245.312425 -1176620.202344 30.112701 124.367592 -20.160238 1396.403254 -6.813 -6.813 0.000000 3.325474 0.000 0 0.000
39801.00 1292.92 100.138999 0.0000000000000000 0.000000 245.312425 -1176921.339419 30.114715 124.373761 -20.167417 1396.344341 -6.818 -6.818 0.000000 3.325251 0.000 0 0.000
39701.00 1292.73 100.138999 0.0000000000000000 0.000000 245.312425 -1177222.496647 30.116731 124.379932 -20.174602 1396.285619 -6.823 -6.823 0.000000 3.325029 0.000 0 0.000
39601.00 1292.53 100.138999 0.0000000000000000 0.000000 245.312425 -1177523.674054 30.118751 124.386102 -20.181794 1396.227092 -6.829 -6.829 0.000000 3.324806 0.000 0 0.000
39501.00 1292.34 100.138999 0.0000000000000000 0.000000 245.312425 -1177824.871667 30.120773 124.392274 -20.188991 1396.168759 -6.834 -6.834 0.000000 3.324583 0.000 0 0.000
39401.00 1292.15 100.138999 0.0000000000000000 0.000000 245.312425 -1178126.089513 30.122797 124.398447 -20.196196 1396.110624 -6.839 -6.839 0.000000 3.324359 0.000 0 0.000
39301.00 1291.96 100.138999 0.0000000000000000 0.000000 245.312425 -1178427.327620 30.124825 124.404621 -20.203407 1396.052688 -6.844 -6.844 0.000000 3.324136 0.000 0 0.000
39201.00 1291.77 100.138999 0.0000000000000000 0.000000 245.312425 -1178728.586015 30.126855 124.410796 -20.210625 1395.994954 -6.850 -6.850 0.000000 3.323911 0.000 0 0.000
39101.00 1291.58 100.138999 0.0000000000000000 0.000000 245.312425 -1179029.864725 30.128888 124.416972 -20.217849 1395.937423 -6.855 -6.855 0.000000 3.323687 0.000 0 0.000
39001.00 1291.39 100.138999 0.0000000000000000 0.000000 245.312425 -1179331.163780 30.130924 124.423149 -20.225080 1395.880097 -6.860 -6.860 0.000000 3.323463 0.000 0 0.000
38901.00 1291.19 100.138999 0.0000000000000000 0.000000 245.312425 -1179632.483206 30.132962 124.429327 -20.232318 1395.822978 -6.865 -6.865 0.000000 3.323238 0.000 0 0.000
38801.00 1291.00 100.138999 0.0000000000000000 0.000000 245.312425 -1179933.823033 30.135004 124.435506 -20.239563 1395.766069 -6.871 -6.871 0.000000 3.323013 0.000 0 0.000
38701.00 1290.81 100.138999 0.0000000000000000 0.000000 245.312425 -1180235.183289 30.137048 124.441687 -20.246815 1395.709372 -6.876 -6.876 0.000000 3.322787 0.000 0 0.000
38601.00 1290.62 100.138999 0.0000000000000000 0.000000 245.312425 -1180536.564004 30.139095 124.447868 -20.254074 1395.652888 -6.882 -6.882 0.000000 3.322562 0.000 0 0.000
38501.00 1290.43 100.138999 0.0000000000000000 0.000000 245.312425 -1180837.965206 30.141146 124.454051 -20.261340 1395.596621 -6.887 -6.887 0.000000 3.322336 0.000 0 0.000
38401.00 1290.23 100.138999 0.0000000000000000 0.000000 245.312425 -1181139.386925 30.143199 124.460235 -20.268613 1395.540572 -6.892 -6.892 0.000000 3.322109 0.000 0 0.000
38301.00 1290.04 100.138999 0.0000000000000000 0.000000 245.312425 -1181440.829190 30.145255 124.466421 -20.275894 1395.484743 -6.898 -6.898 0.000000 3.321883 0.000 0 0.000
38201.00 1289.85 100.138999 0.0000000000000000 0.000000 245.312425 -1181742.292032 30.147314 124.472608 -20.283182 1395.429138 -6.903 -6.903 0.000000 3.321656 0.000 0 0.000
38101.00 1289.66 100.138999 0.0000000000000000 0.000000 245.312425 -1182043.775481 30.149376 124.478796 -20.290478 1395.373757 -6.909 -6.909 0.000000 3.321429 0.000 0 0.000
38001.00 1289.47 100.138999 0.0000000000000000 0.000000 245.312425 -1182345.279567 30.151441 124.484986 -20.297781 1395.318604 -6.914 -6.914 0.000000 3.321201 0.000 0 0.000
37901.00 1289.27 100.138999 0.0000000000000000 0.000000 245.312425 -1182646.804320 30.153510 124.491177 -20.305091 1395.263682 -6.920 -6.920 0.000000 3.320973 0.000 0 0.000
37801.00 1289.08 100.138999 0.0000000000000000 0.000000 245.312425 -1182948.349773 30.155581 124.497370 -20.312409 1395.208992 -6.925 -6.925 0.000000 3.320745 0.000 0 0.000
37701.00 1288.89 100.138999 0.0000000000000000 0.000000 245.312425 -1183249.915956 30.157656 124.503564 -20.319735 1395.154537 -6.931 -6.931 0.000000 3.320517 0.000 0 0.000
37601.00 1288.70 100.138999 0.0000000000000000 0.000000 245.312425 -1183551.502901 30.159734 124.509760 -20.327069 1395.100320 -6.936 -6.936 0.000000 3.320288 0.000 0 0.000
37501.00 1288.51 100.138999 0.0000000000000000 0.000000 245.312425 -1183853.110639 30.161815 124.515958 -20.334411 1395.046342 -6.942 -6.942 0.000000 3.320059 0.000 0 0.000
37401.00 1288.31 100.138999 0.0000000000000000 0.000000 245.312425 -1184154.739203 30.163899 124.522157 -20.341761 1394.992608 -6.947 -6.947 0.000000 3.319829 0.000 0 0.000
37301.00 1288.12 100.138999 0.0000000000000000 0.000000 245.312425 -1184456.388626 30.165986 124.528358 -20.349119 1394.939120 -6.953 -6.953 0.000000 3.319600 0.000 0 0.000
37201.00 1287.93 100.138999 0.0000000000000000 0.000000 245.312425 -1184758.058939 30.168077 124.534561 -20.356485 1394.885880 -6.958 -6.958 0.000000 3.319370 0.000 0 0.000
37101.00 1287.74 100.138999 0.0000000000000000 0.000000 245.312425 -1185059.750176 30.170171 124.540766 -20.363860 1394.832890 -6.964 -6.964 0.000000 3.319139 0.000 0 0.000
37001.00 1287.54 100.138999 0.0000000000000000 0.000000 245.312425 -1185361.462371 30.172268 124.546972 -20.371243 1394.780155 -6.970 -6.970 0.000000 3.318909 0.000 0 0.000
36901.00 1287.35 100.138999 0.0000000000000000 0.000000 245.312425 -1185663.195557 30.174369 124.553181 -20.378634 1394.727677 -6.975 -6.975 0.000000 3.318677 0.000 0 0.000
36801.00 1287.16 100.138999 0.0000000000000000 0.000000 245.312425 -1185964.949767 30.176473 124.559391 -20.386034 1394.675458 -6.981 -6.981 0.000000 3.318446 0.000 0 0.000
36701.00 1286.96 100.138999 0.0000000000000000 0.000000 245.312425 -1186266.725037 30.178581 124.565604 -20.393443 1394.623502 -6.987 -6.987 0.000000 3.318214 0.000 0 0.000
36601.00 1286.77 100.138999 0.0000000000000000 0.000000 245.312425 -1186568.521401 30.180692 124.571818 -20.400861 1394.571812 -6.992 -6.992 0.000000 3.317982 0.000 0 0.000
36501.00 1286.58 100.138999 0.0000000000000000 0.000000 245.312425 -1186870.338894 30.182807 124.578035 -20.408287 1394.520391 -6.998 -6.998 0.000000 3.317750 0.000 0 0.000
36401.00 1286.39 100.138999 0.0000000000000000 0.000000 245.312425 -1187172.177551 30.184925 124.584254 -20.415722 1394.469241 -7.004 -7.004 0.000000 3.317517 0.000 0 0.000
36301.00 1286.19 100.138999 0.0000000000000000 0.000000 245.312425 -1187474.037408 30.187047 124.590475 -20.423167 1394.418367 -7.010 -7.010 0.000000 3.317284 0.000 0 0.000
36201.00 1286.00 100.138999 0.0000000000000000 0.000000 245.312425 -1187775.918501 30.189172 124.596698 -20.430620 1394.367772 -7.016 -7.016 0.000000 3.317050 0.000 0 0.000
36101.00 1285.81 100.138999 0.0000000000000000 0.000000 245.312425 -1188077.820866 30.191301 124.602924 -20.438083 1394.317458 -7.021 -7.021 0.000000 3.316816 0.000 0 0.000
36001.00 1285.61 100.138999 0.0000000000000000 0.000000 245.312425 -1188379.744541 30.193434 124.609152 -20.445556 1394.267429 -7.027 -7.027 0.000000 3.316582 0.000 0 0.000
35901.00 1285.42 100.138999 0.0000000000000000 0.000000 245.312425 -1188681.689562 30.195571 124.615382 -20.453038 1394.217689 -7.033 -7.033 0.000000 3.316347 0.000 0 0.000
35801.00 1285.23 100.138999 0.0000000000000000 0.000000 245.312425 -1188983.655966 30.197711 124.621616 -20.460529 1394.168240 -7.039 -7.039 0.000000 3.316112 0.000 0 0.000
35701.00 1285.03 100.138999 0.0000000000000000 0.000000 245.312425 -1189285.643792 30.199855 124.627851 -20.468030 1394.119088 -7.045 -7.045 0.000000 3.315877 0.000 0 0.000
35601.00 1284.84 100.138999 0.0000000000000000 0.000000 245.312425 -1189587.653079 30.202003 124.634089 -20.475542 1394.070234 -7.051 -7.051 0.000000 3.315641 0.000 0 0.000
35501.00 1284.64 100.138999 0.0000000000000000 0.000000 245.312425 -1189889.683864 30.204155 124.640330 -20.483063 1394.021684 -7.057 -7.057 0.000000 3.315405 0.000 0 0.000
35401.00 1284.45 100.138999 0.0000000000000000 0.000000 245.312425 -1190191.736186 30.206310 124.646574 -20.490594 1393.973440 -7.063 -7.063 0.000000 3.315168 0.000 0 0.000
35301.00 1284.26 100.138999 0.0000000000000000 0.000000 245.312425 -1190493.810087 30.208470 124.652820 -20.498136 1393.925507 -7.069 -7.069 0.000000 3.314931 0.000 0 0.000
35201.00 1284.06 100.138999 0.0000000000000000 0.000000 245.312425 -1190795.905604 30.210634 124.659070 -20.505687 1393.877889 -7.075 -7.075 0.000000 3.314694 0.000 0 0.000
35101.00 1283.87 100.138999 0.0000000000000000 0.000000 245.312425 -1191098.022779 30.212802 124.665322 -20.513250 1393.830588 -7.081 -7.081 0.000000 3.314456 0.000 0 0.000
35001.00 1283.67 100.138999 0.0000000000000000 0.000000 245.312425 -1191400.161653 30.214974 124.671578 -20.520823 1393.783611 -7.087 -7.087 0.000000 3.314218 0.000 0 0.000
34901.00 1283.48 100.138999 0.0000000000000000 0.000000 245.312425 -1191702.322267 30.217150 124.677836 -20.528407 1393.736960 -7.093 -7.093 0.000000 3.313979 0.000 0 0.000
34801.00 1283.29 100.138999 0.0000000000000000 0.000000 245.312425 -1192004.504662 30.219330 124.684098 -20.536001 1393.690640 -7.099 -7.099 0.000000 3.313740 0.000 0 0.000
34701.00 1283.09 100.138999 0.0000000000000000 0.000000 245.312425 -1192306.708882 30.221515 124.690363 -20.543607 1393.644655 -7.105 -7.105 0.000000 3.313500 0.000 0 0.000
34601.00 1282.90 100.138999 0.0000000000000000 0.000000 245.312425 -1192608.934968 30.223703 124.696631 -20.551224 1393.599009 -7.111 -7.111 0.000000 3.313260 0.000 0 0.000
34501.00 1282.70 100.138999 0.0000000000000000 0.000000 245.312425 -1192911.182964 30.225897 124.702902 -20.558852 1393.553708 -7.117 -7.117 0.000000 3.313020 0.000 0 0.000
34401.00 1282.51 100.138999 0.0000000000000000 0.000000 245.312425 -1193213.452913 30.228094 124.709177 -20.566491 1393.508755 -7.123 -7.123 0.000000 3.312779 0.000 0 0.000
34301.00 1282.31 100.138999 0.0000000000000000 0.000000 245.312425 -1193515.744860 30.230296 124.715456 -20.574142 1393.464156 -7.129 -7.129 0.000000 3.312538 0.000 0 0.000
34201.00 1282.12 100.138999 0.0000000000000000 0.000000 245.312425 -1193818.058849 30.232503 124.721738 -20.581805 1393.419914 -7.136 -7.136 0.000000 3.312296 0.000 0 0.000
34101.00 1281.92 100.138999 0.0000000000000000 0.000000 245.312425 -1194120.394926 30.234714 124.728024 -20.589480 1393.376035 -7.142 -7.142 0.000000 3.312054 0.000 0 0.000
34001.00 1281.73 100.138999 0.0000000000000000 0.000000 245.312425 -1194422.753136 30.236929 124.734314 -20.597167 1393.332525 -7.148 -7.148 0.000000 3.311811 0.000 0 0.000
33901.00 1281.53 100.138999 0.0000000000000000 0.000000 245.312425 -1194725.133527 30.239150 124.740608 -20.604866 1393.289387 -7.154 -7.154 0.000000 3.311568 0.000 0 0.000
33801.00 1281.34 100.138999 0.0000000000000000 0.000000 245.312425 -1195027.536143 30.241375 124.746905 -20.612577 1393.246627 -7.161 -7.161 0.000000 3.311324 0.000 0 0.000
33701.00 1281.14 100.138999 0.0000000000000000 0.000000 245.312425 -1195329.961034 30.243604 124.753207 -20.620301 1393.204250 -7.167 -7.167 0.000000 3.311080 0.000 0 0.000
33601.00 1280.95 100.138999 0.0000000000000000 0.000000 245.312425 -1195632.408248 30.245839 124.759513 -20.628038 1393.162262 -7.173 -7.173 0.000000 3.310836 0.000 0 0.000
33501.00 1280.75 100.138999 0.0000000000000000 0.000000 245.312425 -1195934.877832 30.248079 124.765823 -20.635787 1393.120668 -7.180 -7.180 0.000000 3.310590 0.000 0 0.000
33401.00 1280.56 100.138999 0.0000000000000000 0.000000 245.312425 -1196237.369836 30.250323 124.772138 -20.643550 1393.079474 -7.186 -7.186 0.000000 3.310345 0.000 0 0.000
33301.00 1280.36 100.138999 0.0000000000000000 0.000000 245.312425 -1196539.884310 30.252573 124.778457 -20.651326 1393.038685 -7.193 -7.193 0.000000 3.310099 0.000 0 0.000
33201.00 1280.17 100.138999 0.0000000000000000 0.000000 245.312425 -1196842.421304 30.254827 124.784780 -20.659115 1392.998307 -7.199 -7.199 0.000000 3.309852 0.000 0 0.000
33101.00 1279.97 100.138999 0.0000000000000000 0.000000 245.312425 -1197144.980870 30.257087 124.791109 -20.666918 1392.958347 -7.205 -7.205 0.000000 3.309605 0.000 0 0.000
33001.00 1279.77 100.138999 0.0000000000000000 0.000000 245.312425 -1197447.563060 30.259352 124.797442 -20.674735 1392.918810 -7.212 -7.212 0.000000 3.309357 0.000 0 0.000
32901.00 1279.58 100.138999 0.0000000000000000 0.000000 245.312425 -1197750.167925 30.261622 124.803779 -20.682565 1392.879703 -7.218 -7.218 0.000000 3.309109 0.000 0 0.000
32801.00 1279.38 100.138999 0.0000000000000000 0.000000 245.312425 -1198052.795520 30.263898 124.810122 -20.690410 1392.841031 -7.225 -7.225 0.000000 3.308860 0.000 0 0.000
32701.00 1279.19 100.138999 0.0000000000000000 0.000000 245.312425 -1198355.445898 30.266179 124.816470 -20.698269 1392.802802 -7.232 -7.232 0.000000 3.308611 0.000 0 0.000
32601.00 1278.99 100.138999 0.0000000000000000 0.000000 245.312425 -1198658.119113 30.268465 124.822823 -20.706143 1392.765022 -7.238 -7.238 0.000000 3.308361 0.000 0 0.000
32501.00 1278.79 100.138999 0.0000000000000000 0.000000 245.312425 -1198960.815221 30.270757 124.829182 -20.714032 1392.727697 -7.245 -7.245 0.000000 3.308110 0.000 0 0.000
32401.00 1278.60 100.138999 0.0000000000000000 0.000000 245.312425 -1199263.534278 30.273055 124.835546 -20.721935 1392.690836 -7.251 -7.251 0.000000 3.307859 0.000 0 0.000
32301.00 1278.40 100.138999 0.0000000000000000 0.000000 245.312425 -1199566.276341 30.275359 124.841916 -20.729854 1392.654444 -7.258 -7.258 0.000000 3.307607 0.000 0 0.000
32201.00 1278.20 100.138999 0.0000000000000000 0.000000 245.312425 -1199869.041468 30.277668 124.848291 -20.737788 1392.618529 -7.265 -7.265 0.000000 3.307355 0.000 0 0.000
32101.00 1278.00 100.138999 0.0000000000000000 0.000000 245.312425 -1200171.829717 30.279983 124.854672 -20.745738 1392.583099 -7.272 -7.272 0.000000 3.307102 0.000 0 0.000
32001.00 1277.81 100.138999 0.0000000000000000 0.000000 245.312425 -1200474.641147 30.282304 124.861059 -20.753704 1392.548161 -7.278 -7.278 0.000000 3.306849 0.000 0 0.000
31901.00 1277.61 100.138999 0.0000000000000000 0.000000 245.312425 -1200777.475818 30.284631 124.867453 -20.761686 1392.513723 -7.285 -7.285 0.000000 3.306595 0.000 0 0.000
31801.00 1277.41 100.138999 0.0000000000000000 0.000000 245.312425 -1201080.333792 30.286965 124.873852 -20.769684 1392.479792 -7.292 -7.292 0.000000 3.306340 0.000 0 0.000
31701.00 1277.21 100.138999 0.0000000000000000 0.000000 245.312425 -1201383.215130 30.289304 124.880258 -20.777699 1392.446378 -7.299 -7.299 0.000000 3.306085 0.000 0 0.000
31601.00 1277.02 100.138999 0.0000000000000000 0.000000 245.312425 -1201686.119895 30.291650 124.886671 -20.785731 1392.413488 -7.306 -7.306 0.000000 3.305828 0.000 0 0.000
31501.00 1276.82 100.138999 0.0000000000000000 0.000000 245.312425 -1201989.048151 30.294002 124.893090 -20.793780 1392.381130 -7.313 -7.313 0.000000 3.305572 0.000 0 0.000
31401.00 1276.62 100.138999 0.0000000000000000 0.000000 245.312425 -1202291.999962 30.296361 124.899516 -20.801846 1392.349314 -7.319 -7.319 0.000000 3.305314 0.000 0 0.000
31301.00 1276.42 100.138999 0.0000000000000000 0.000000 245.312425 -1202594.975394 30.298726 124.905950 -20.809930 1392.318049 -7.326 -7.326 0.000000 3.305056 0.000 0 0.000
31201.00 1276.22 100.138999 0.0000000000000000 0.000000 245.312425 -1202897.974513 30.301099 124.912390 -20.818032 1392.287342 -7.333 -7.333 0.000000 3.304798 0.000 0 0.000
31101.00 1276.03 100.138999 0.0000000000000000 0.000000 245.312425 -1203200.997387 30.303477 124.918838 -20.826152 1392.257205 -7.340 -7.340 0.000000 3.304538 0.000 0 0.000
31001.00 1275.83 100.138999 0.0000000000000000 0.000000 245.312425 -1203504.044085 30.305863 124.925293 -20.834291 1392.227646 -7.348 -7.348 0.000000 3.304278 0.000 0 0.000
30901.00 1275.63 100.138999 0.0000000000000000 0.000000 245.312425 -1203807.114676 30.308256 124.931756 -20.842448 1392.198675 -7.355 -7.355 0.000000 3.304017 0.000 0 0.000
30801.00 1275.43 100.138999 0.0000000000000000 0.000000 245.312425 -1204110.209231 30.310656 124.938227 -20.850625 1392.170303 -7.362 -7.362 0.000000 3.303756 0.000 0 0.000
30701.00 1275.23 100.138999 0.0000000000000000 0.000000 245.312425 -1204413.327822 30.313063 124.944706 -20.858821 1392.142539 -7.369 -7.369 0.000000 3.303493 0.000 0 0.000
30601.00 1275.03 100.138999 0.0000000000000000 0.000000 245.312425 -1204716.470522 30.315478 124.951193 -20.867037 1392.115394 -7.376 -7.376 0.000000 3.303230 0.000 0 0.000
30501.00 1274.83 100.138999 0.0000000000000000 0.000000 245.312425 -1205019.637404 30.317900 124.957689 -20.875273 1392.088878 -7.383 -7.383 0.000000 3.302966 0.000 0 0.000
30401.00 1274.63 100.138999 0.0000000000000000 0.000000 245.312425 -1205322.828545 30.320330 124.964194 -20.883529 1392.063004 -7.391 -7.391 0.000000 3.302702 0.000 0 0.000
30301.00 1274.43 100.138999 0.0000000000000000 0.000000 245.312425 -1205626.044020 30.322767 124.970707 -20.891806 1392.037782 -7.398 -7.398 0.000000 3.302436 0.000 0 0.000
30201.00 1274.23 100.138999 0.0000000000000000 0.000000 245.312425 -1205929.283908 30.325212 124.977229 -20.900104 1392.013223 -7.405 -7.405 0.000000 3.302170 0.000 0 0.000
30101.00 1274.03 100.138999 0.0000000000000000 0.000000 245.312425 -1206232.548288 30.327665 124.983761 -20.908423 1391.989341 -7.413 -7.413 0.000000 3.301903 0.000 0 0.000
30001.00 1273.83 100.138999 0.0000000000000000 0.000000 245.312425 -1206535.837240 30.330126 124.990303 -20.916764 1391.966146 -7.420 -7.420 0.000000 3.301635 0.000 0 0.000
29901.00 1273.63 100.138999 0.0000000000000000 0.000000 245.312425 -1206839.150845 30.332596 124.996854 -20.925127 1391.943651 -7.427 -7.427 0.000000 3.301366 0.000 0 0.000
29801.00 1273.43 100.138999 0.0000000000000000 0.000000 245.312425 -1207142.489188 30.335074 125.003415 -20.933513 1391.921869 -7.435 -7.435 0.000000 3.301096 0.000 0 0.000
29701.00 1273.23 100.138999 0.0000000000000000 0.000000 245.312425 -1207445.852351 30.337560 125.009986 -20.941922 1391.900814 -7.442 -7.442 0.000000 3.300826 0.000 0 0.000
29601.00 1273.03 100.138999 0.0000000000000000 0.000000 245.312425 -1207749.240422 30.340055 125.016568 -20.950354 1391.880499 -7.450 -7.450 0.000000 3.300554 0.000 0 0.000
29501.00 1272.83 100.138999 0.0000000000000000 0.000000 245.312425 -1208052.653488 30.342559 125.023160 -20.958810 1391.860937 -7.458 -7.458 0.000000 3.300282 0.000 0 0.000
29401.00 1272.63 100.138999 0.0000000000000000 0.000000 245.312425 -1208356.091638 30.345072 125.029763 -20.967290 1391.842143 -7.465 -7.465 0.000000 3.300009 0.000 0 0.000
29301.00 1272.42 100.138999 0.0000000000000000 0.000000 245.312425 -1208659.554961 30.347594 125.036378 -20.975794 1391.824131 -7.473 -7.473 0.000000 3.299734 0.000 0 0.000
29201.00 1272.22 100.138999 0.0000000000000000 0.000000 245.312425 -1208963.043551 30.350125 125.043004 -20.984323 1391.806916 -7.481 -7.481 0.000000 3.299459 0.000 0 0.000
29101.00 1272.02 100.138999 0.0000000000000000 0.000000 245.312425 -1209266.557501 30.352666 125.049642 -20.992878 1391.790514 -7.488 -7.488 0.000000 3.299183 0.000 0 0.000
29001.00 1271.82 100.138999 0.0000000000000000 0.000000 245.312425 -1209570.096906 30.355217 125.056293 -21.001459 1391.774939 -7.496 -7.496 0.000000 3.298906 0.000 0 0.000
28901.00 1271.61 100.138999 0.0000000000000000 0.000000 245.312425 -1209873.661864 30.357777 125.062955 -21.010066 1391.760210 -7.504 -7.504 0.000000 3.298628 0.000 0 0.000
28801.00 1271.41 100.138999 0.0000000000000000 0.000000 245.312425 -1210177.252474 30.360347 125.069630 -21.018700 1391.746340 -7.512 -7.512 0.000000 3.298348 0.000 0 0.000
28701.00 1271.21 100.138999 0.0000000000000000 0.000000 245.312425 -1210480.868835 30.362927 125.076319 -21.027361 1391.733349 -7.520 -7.520 0.000000 3.298068 0.000 0 0.000
28601.00 1271.01 100.138999 0.0000000000000000 0.000000 245.312425 -1210784.511052 30.365518 125.083020 -21.036050 1391.721253 -7.528 -7.528 0.000000 3.297787 0.000 0 0.000
28501.00 1270.80 100.138999 0.0000000000000000 0.000000 245.312425 -1211088.179227 30.368119 125.089736 -21.044767 1391.710070 -7.536 -7.536 0.000000 3.297504 0.000 0 0.000
28401.00 1270.60 100.138999 0.0000000000000000 0.000000 245.312425 -1211391.873469 30.370731 125.096465 -21.053514 1391.699818 -7.544 -7.544 0.000000 3.297221 0.000 0 0.000
28301.00 1270.39 100.138999 0.0000000000000000 0.000000 245.312425 -1211695.593884 30.373354 125.103209 -21.062289 1391.690516 -7.552 -7.552 0.000000 3.296936 0.000 0 0.000
28201.00 1270.19 100.138999 0.0000000000000000 0.000000 245.312425 -1211999.340584 30.375988 125.109967 -21.071095 1391.682184 -7.560 -7.560 0.000000 3.296650 0.000 0 0.000
28101.00 1269.99 100.138999 0.0000000000000000 0.000000 245.312425 -1212303.113682 30.378633 125.116740 -21.079931 1391.674841 -7.568 -7.568 0.000000 3.296363 0.000 0 0.000
28001.00 1269.78 100.138999 0.0000000000000000 0.000000 245.312425 -1212606.913291 30.381290 125.123529 -21.088798 1391.668508 -7.577 -7.577 0.000000 3.296075 0.000 0 0.000
27901.00 1269.58 100.138999 0.0000000000000000 0.000000 245.312425 -1212910.739530 30.383959 125.130334 -21.097697 1391.663205 -7.585 -7.585 0.000000 3.295785 0.000 0 0.000
27801.00 1269.37 100.138999 0.0000000000000000 0.000000 245.312425 -1213214.592517 30.386640 125.137155 -21.106629 1391.658955 -7.593 -7.593 0.000000 3.295494 0.000 0 0.000
27701.00 1269.16 100.138999 0.0000000000000000 0.000000 245.312425 -1213518.472374 30.389333 125.143992 -21.115593 1391.655778 -7.602 -7.602 0.000000 3.295202 0.000 0 0.000
27601.00 1268.96 100.138999 0.0000000000000000 0.000000 245.312425 -1213822.379225 30.392039 125.150847 -21.124591 1391.653699 -7.610 -7.610 0.000000 3.294909 0.000 0 0.000
27501.00 1268.75 100.138999 0.0000000000000000 0.000000 245.312425 -1214126.313197 30.394757 125.157719 -21.133624 1391.652740 -7.619 -7.619 0.000000 3.294614 0.000 0 0.000
27401.00 1268.55 100.138999 0.0000000000000000 0.000000 245.312425 -1214430.274418 30.397489 125.164609 -21.142691 1391.652926 -7.627 -7.627 0.000000 3.294318 0.000 0 0.000
27301.00 1268.34 100.138999 0.0000000000000000 0.000000 245.312425 -1214734.263021 30.400234 125.171518 -21.151794 1391.654280 -7.636 -7.636 0.000000 3.294021 0.000 0 0.000
27201.00 1268.13 100.138999 0.0000000000000000 0.000000 245.312425 -1215038.279139 30.402992 125.178445 -21.160933 1391.656828 -7.645 -7.645 0.000000 3.293722 0.000 0 0.000
27101.00 1267.93 100.138999 0.0000000000000000 0.000000 245.312425 -1215342.322910 30.405764 125.185392 -21.170110 1391.660596 -7.653 -7.653 0.000000 3.293422 0.000 0 0.000
27001.00 1267.72 100.138999 0.0000000000000000 0.000000 245.312425 -1215646.394474 30.408551 125.192359 -21.179324 1391.665611 -7.662 -7.662 0.000000 3.293120 0.000 0 0.000
26901.00 1267.51 100.138999 0.0000000000000000 0.000000 245.312425 -1215950.493974 30.411352 125.199346 -21.188577 1391.671900 -7.671 -7.671 0.000000 3.292816 0.000 0 0.000
26801.00 1267.30 100.138999 0.0000000000000000 0.000000 245.312425 -1216254.621555 30.414167 125.206354 -21.197870 1391.679491 -7.680 -7.680 0.000000 3.292512 0.000 0 0.000
26701.00 1267.09 100.138999 0.0000000000000000 0.000000 245.312425 -1216558.777367 30.416998 125.213383 -21.207203 1391.688414 -7.689 -7.689 0.000000 3.292205 0.000 0 0.000
26601.00 1266.88 100.138999 0.0000000000000000 0.000000 245.312425 -1216862.961561 30.419844 125.220434 -21.216577 1391.698699 -7.698 -7.698 0.000000 3.291897 0.000 0 0.000
26501.00 1266.67 100.138999 0.0000000000000000 0.000000 245.312425 -1217167.174292 30.422705 125.227508 -21.225993 1391.710375 -7.707 -7.707 0.000000 3.291588 0.000 0 0.000
26401.00 1266.46 100.138999 0.0000000000000000 0.000000 245.312425 -1217471.415720 30.425583 125.234605 -21.235452 1391.723475 -7.716 -7.716 0.000000 3.291276 0.000 0 0.000
26301.00 1266.25 100.138999 0.0000000000000000 0.000000 245.312425 -1217775.686007 30.428477 125.241725 -21.244954 1391.738030 -7.725 -7.725 0.000000 3.290963 0.000 0 0.000
26201.00 1266.04 100.138999 0.0000000000000000 0.000000 245.312425 -1218079.985317 30.431388 125.248870 -21.254502 1391.754075 -7.735 -7.735 0.000000 3.290648 0.000 0 0.000
26101.00 1265.83 100.138999 0.0000000000000000 0.000000 245.312425 -1218384.313820 30.434316 125.256041 -21.264095 1391.771644 -7.744 -7.744 0.000000 3.290332 0.000 0 0.000
26001.00 1265.62 100.138999 0.0000000000000000 0.000000 245.312425 -1218688.671690 30.437261 125.263236 -21.273735 1391.790771 -7.753 -7.753 0.000000 3.290013 0.000 0 0.000
25901.00 1265.41 100.138999 0.0000000000000000 0.000000 245.312425 -1218993.059102 30.440224 125.270458 -21.283422 1391.811494 -7.763 -7.763 0.000000 3.289693 0.000 0 0.000
25801.00 1265.20 100.138999 0.0000000000000000 0.000000 245.312425 -1219297.476237 30.443206 125.277707 -21.293159 1391.833850 -7.773 -7.773 0.000000 3.289371 0.000 0 0.000
25701.00 1264.99 100.138999 0.0000000000000000 0.000000 245.312425 -1219601.923280 30.446206 125.284984 -21.302945 1391.857877 -7.782 -7.782 0.000000 3.289047 0.000 0 0.000
25601.00 1264.77 100.138999 0.0000000000000000 0.000000 245.312425 -1219906.400421 30.449225 125.292290 -21.312782 1391.883615 -7.792 -7.792 0.000000 3.288721 0.000 0 0.000
25501.00 1264.56 100.138999 0.0000000000000000 0.000000 245.312425 -1220210.907851 30.452264 125.299624 -21.322671 1391.911105 -7.802 -7.802 0.000000 3.288393 0.000 0 0.000
25401.00 1264.35 100.138999 0.0000000000000000 0.000000 245.312425 -1220515.445769 30.455323 125.306989 -21.332613 1391.940389 -7.812 -7.812 0.000000 3.288062 0.000 0 0.000
25301.00 1264.13 100.138999 0.0000000000000000 0.000000 245.312425 -1220820.014377 30.458402 125.314384 -21.342610 1391.971509 -7.822 -7.822 0.000000 3.287730 0.000 0 0.000
25201.00 1263.92 100.138999 0.0000000000000000 0.000000 245.312425 -1221124.613881 30.461502 125.321812 -21.352663 1392.004512 -7.832 -7.832 0.000000 3.287395 0.000 0 0.000
25101.00 1263.70 100.138999 0.0000000000000000 0.000000 245.312425 -1221429.244494 30.464624 125.329271 -21.362773 1392.039442 -7.842 -7.842 0.000000 3.287058 0.000 0 0.000
25001.00 1263.49 100.138999 0.0000000000000000 0.000000 245.312425 -1221733.906431 30.467767 125.336764 -21.372941 1392.076348 -7.852 -7.852 0.000000 3.286719 0.000 0 0.000
24901.00 1263.27 100.138999 0.0000000000000000 0.000000 245.312425 -1222038.599914 30.470933 125.344292 -21.383168 1392.115278 -7.862 -7.862 0.000000 3.286378 0.000 0 0.000
24801.00 1263.05 100.138999 0.0000000000000000 0.000000 245.312425 -1222343.325171 30.474122 125.351855 -21.393457 1392.156282 -7.873 -7.873 0.000000 3.286034 0.000 0 0.000
24701.00 1262.84 100.138999 0.0000000000000000 0.000000 245.312425 -1222648.082433 30.477334 125.359454 -21.403808 1392.199412 -7.883 -7.883 0.000000 3.285688 0.000 0 0.000
24601.00 1262.62 100.138999 0.0000000000000000 0.000000 245.312425 -1222952.871939 30.480571 125.367090 -21.414223 1392.244723 -7.894 -7.894 0.000000 3.285339 0.000 0 0.000
24501.00 1262.40 100.138999 0.0000000000000000 0.000000 245.312425 -1223257.693933 30.483832 125.374765 -21.424704 1392.292268 -7.905 -7.905 0.000000 3.284987 0.000 0 0.000
24401.00 1262.18 100.138999 0.0000000000000000 0.000000 245.312425 -1223562.548663 30.487118 125.382479 -21.435252 1392.342106 -7.915 -7.915 0.000000 3.284633 0.000 0 0.000
24301.00 1261.96 100.138999 0.0000000000000000 0.000000 245.312425 -1223867.436387 30.490431 125.390233 -21.445869 1392.394296 -7.926 -7.926 0.000000 3.284276 0.000 0 0.000
24201.00 1261.75 100.138999 0.0000000000000000 0.000000 245.312425 -1224172.357365 30.493770 125.398029 -21.456556 1392.448897 -7.937 -7.937 0.000000 3.283917 0.000 0 0.000
24101.00 1261.53 100.138999 0.0000000000000000 0.000000 245.312425 -1224477.311867 30.497136 125.405868 -21.467315 1392.505974 -7.948 -7.948 0.000000 3.283554 0.000 0 0.000
24001.00 1261.30 100.138999 0.0000000000000000 0.000000 245.312425 -1224782.300169 30.500529 125.413751 -21.478148 1392.565590 -7.959 -7.959 0.000000 3.283189 0.000 0 0.000
23901.00 1261.08 100.138999 0.0000000000000000 0.000000 245.312425 -1225087.322552 30.503952 125.421679 -21.489057 1392.627813 -7.971 -7.971 0.000000 3.282821 0.000 0 0.000
23801.00 1260.86 100.138999 0.0000000000000000 0.000000 245.312425 -1225392.379307 30.507404 125.429654 -21.500044 1392.692713 -7.982 -7.982 0.000000 3.282449 0.000 0 0.000
23701.00 1260.64 100.138999 0.0000000000000000 0.000000 245.312425 -1225697.470731 30.510886 125.437677 -21.511111 1392.760361 -7.994 -7.994 0.000000 3.282074 0.000 0 0.000
23601.00 1260.42 100.138999 0.0000000000000000 0.000000 245.312425 -1226002.597128 30.514399 125.445749 -21.522259 1392.830832 -8.005 -8.005 0.000000 3.281697 0.000 0 0.000
23501.00 1260.19 100.138999 0.0000000000000000 0.000000 245.312425 -1226307.758811 30.517943 125.453871 -21.533491 1392.904202 -8.017 -8.017 0.000000 3.281315 0.000 0 0.000
23401.00 1259.97 100.138999 0.0000000000000000 0.000000 245.312425 -1226612.956102 30.521520 125.462046 -21.544810 1392.980550 -8.029 -8.029 0.000000 3.280931 0.000 0 0.000
23301.00 1259.74 100.138999 0.0000000000000000 0.000000 245.312425 -1226918.189331 30.525131 125.470275 -21.556216 1393.059960 -8.041 -8.041 0.000000 3.280543 0.000 0 0.000
23201.00 1259.52 100.138999 0.0000000000000000 0.000000 245.312425 -1227223.458834 30.528776 125.478559 -21.567714 1393.142517 -8.053 -8.053 0.000000 3.280151 0.000 0 0.000
23101.00 1259.29 100.138999 0.0000000000000000 0.000000 245.312425 -1227528.764962 30.532456 125.486901 -21.579304 1393.228309 -8.065 -8.065 0.000000 3.279756 0.000 0 0.000
23001.00 1259.06 100.138999 0.0000000000000000 0.000000 245.312425 -1227834.108070 30.536172 125.495301 -21.590991 1393.317427 -8.078 -8.078 0.000000 3.279357 0.000 0 0.000
22901.00 1258.83 100.138999 0.0000000000000000 0.000000 245.312425 -1228139.488526 30.539925 125.503762 -21.602775 1393.409967 -8.090 -8.090 0.000000 3.278954 0.000 0 0.000
22801.00 1258.60 100.138999 0.0000000000000000 0.000000 245.312425 -1228444.906707 30.543717 125.512285 -21.614661 1393.506028 -8.103 -8.103 0.000000 3.278547 0.000 0 0.000
22701.00 1258.38 100.138999 0.0000000000000000 0.000000 245.312425 -1228750.363000 30.547548 125.520873 -21.626650 1393.605712 -8.116 -8.116 0.000000 3.278135 0.000 0 0.000
22601.00 1258.14 100.138999 0.0000000000000000 0.000000 245.312425 -1229055.857806 30.551420 125.529527 -21.638746 1393.709125 -8.129 -8.129 0.000000 3.277720 0.000 0 0.000
22501.00 1257.91 100.138999 0.0000000000000000 0.000000 245.312425 -1229361.391535 30.555333 125.538250 -21.650952 1393.816379 -8.142 -8.142 0.000000 3.277300 0.000 0 0.000
22401.00 1257.68 100.138999 0.0000000000000000 0.000000 245.312425 -1229666.964607 30.559289 125.547043 -21.663271 1393.927587 -8.155 -8.155 0.000000 3.276876 0.000 0 0.000
22301.00 1257.45 100.138999 0.0000000000000000 0.000000 245.312425 -1229972.577460 30.563289 125.555910 -21.675707 1394.042869 -8.168 -8.168 0.000000 3.276447 0.000 0 0.000
22201.00 1257.21 100.138999 0.0000000000000000 0.000000 245.312425 -1230278.230539 30.567335 125.564852 -21.688262 1394.162350 -8.182 -8.182 0.000000 3.276013 0.000 0 0.000
22101.00 1256.98 100.138999 0.0000000000000000 0.000000 245.312425 -1230583.924306 30.571427 125.573871 -21.700940 1394.286158 -8.196 -8.196 0.000000 3.275575 0.000 0 0.000
22001.00 1256.74 100.138999 0.0000000000000000 0.000000 245.312425 -1230889.659235 30.575567 125.582971 -21.713745 1394.414429 -8.210 -8.210 0.000000 3.275131 0.000 0 0.000
21901.00 1256.51 100.138999 0.0000000000000000 0.000000 245.312425 -1231195.435816 30.579757 125.592154 -21.726681 1394.547302 -8.224 -8.224 0.000000 3.274683 0.000 0 0.000
21801.00 1256.27 100.138999 0.0000000000000000 0.000000 245.312425 -1231501.254554 30.583999 125.601423 -21.739752 1394.684923 -8.238 -8.238 0.000000 3.274228 0.000 0 0.000
21701.00 1256.03 100.138999 0.0000000000000000 0.000000 245.312425 -1231807.115968 30.588293 125.610781 -21.752962 1394.827445 -8.252 -8.252 0.000000 3.273769 0.000 0 0.000
21601.00 1255.79 100.138999 0.0000000000000000 0.000000 245.312425 -1232113.020595 30.592642 125.620230 -21.766315 1394.975025 -8.267 -8.267 0.000000 3.273303 0.000 0 0.000
21501.00 1255.55 100.138999 0.0000000000000000 0.000000 245.312425 -1232418.968988 30.597047 125.629774 -21.779816 1395.127831 -8.282 -8.282 0.000000 3.272832 0.000 0 0.000
21401.00 1255.31 100.138999 0.0000000000000000 0.000000 245.312425 -1232724.961720 30.601510 125.639417 -21.793470 1395.286033 -8.297 -8.297 0.000000 3.272355 0.000 0 0.000
21301.00 1255.06 100.138999 0.0000000000000000 0.000000 245.312425 -1233030.999381 30.606033 125.649161 -21.807281 1395.449814 -8.312 -8.312 0.000000 3.271871 0.000 0 0.000
21201.00 1254.82 100.138999 0.0000000000000000 0.000000 245.312425 -1233337.082579 30.610618 125.659010 -21.821255 1395.619360 -8.327 -8.327 0.000000 3.271381 0.000 0 0.000
21101.00 1254.57 100.138999 0.0000000000000000 0.000000 245.312425 -1233643.211946 30.615267 125.668969 -21.835398 1395.794870 -8.343 -8.343 0.000000 3.270884 0.000 0 0.000
21001.00 1254.33 100.138999 0.0000000000000000 0.000000 245.312425 -1233949.388132 30.619982 125.679040 -21.849714 1395.976548 -8.359 -8.359 0.000000 3.270381 0.000 0 0.000
20901.00 1254.08 100.138999 0.0000000000000000 0.000000 245.312425 -1234255.611812 30.624766 125.689229 -21.864210 1396.164610 -8.375 -8.375 0.000000 3.269870 0.000 0 0.000
20801.00 1253.83 100.138999 0.0000000000000000 0.000000 245.312425 -1234561.883682 30.629620 125.699539 -21.878892 1396.359282 -8.391 -8.391 0.000000 3.269352 0.000 0 0.000
20701.00 1253.58 100.138999 0.0000000000000000 0.000000 245.312425 -1234868.204463 30.634548 125.709975 -21.893767 1396.560798 -8.408 -8.408 0.000000 3.268826 0.000 0 0.000
20601.00 1253.32 100.138999 0.0000000000000000 0.000000 245.312425 -1235174.574902 30.639552 125.720542 -21.908842 1396.769407 -8.425 -8.425 0.000000 3.268292 0.000 0 0.000
20501.00 1253.07 100.138999 0.0000000000000000 0.000000 245.312425 -1235480.995774 30.644635 125.731244 -21.924122 1396.985365 -8.442 -8.442 0.000000 3.267750 0.000 0 0.000
20401.00 1252.81 100.138999 0.0000000000000000 0.000000 245.312425 -1235787.467879 30.649800 125.742088 -21.939617 1397.208946 -8.459 -8.459 0.000000 3.267199 0.000 0 0.000
20301.00 1252.56 100.138999 0.0000000000000000 0.000000 245.312425 -1236093.992049 30.655049 125.753078 -21.955333 1397.440431 -8.476 -8.476 0.000000 3.266640 0.000 0 0.000
20201.00 1252.30 100.138999 0.0000000000000000 0.000000 245.312425 -1236400.569146 30.660386 125.764220 -21.971280 1397.680121 -8.494 -8.494 0.000000 3.266071 0.000 0 0.000
20101.00 1252.04 100.138999 0.0000000000000000 0.000000 245.312425 -1236707.200065 30.665814 125.775521 -21.987465 1397.928326 -8.512 -8.512 0.000000 3.265493 0.000 0 0.000
20001.00 1251.77 100.138999 0.0000000000000000 0.000000 245.312425 -1237013.885733 30.671336 125.786986 -22.003898 1398.185376 -8.531 -8.531 0.000000 3.264905 0.000 0 0.000
19901.00 1251.51 100.138999 0.0000000000000000 0.000000 245.312425 -1237320.627114 30.676957 125.798623 -22.020588 1398.451615 -8.549 -8.549 0.000000 3.264307 0.000 0 0.000
19801.00 1251.24 100.138999 0.0000000000000000 0.000000 245.312425 -1237627.425212 30.682680 125.810438 -22.037545 1398.727405 -8.568 -8.568 0.000000 3.263698 0.000 0 0.000
19701.00 1250.98 100.138999 0.0000000000000000 0.000000 245.312425 -1237934.281066 30.688509 125.822438 -22.054781 1399.013126 -8.588 -8.588 0.000000 3.263078 0.000 0 0.000
19601.00 1250.70 100.138999 0.0000000000000000 0.000000 245.312425 -1238241.195759 30.694448 125.834632 -22.072305 1399.309178 -8.607 -8.607 0.000000 3.262447 0.000 0 0.000
19501.00 1250.43 100.138999 0.0000000000000000 0.000000 245.312425 -1238548.170418 30.700503 125.847028 -22.090129 1399.615982 -8.627 -8.627 0.000000 3.261803 0.000 0 0.000
19401.00 1250.16 100.138999 0.0000000000000000 0.000000 245.312425 -1238855.206215 30.706677 125.859635 -22.108267 1399.933979 -8.648 -8.648 0.000000 3.261147 0.000 0 0.000
19301.00 1249.88 100.138999 0.0000000000000000 0.000000 245.312425 -1239162.304370 30.712975 125.872460 -22.126730 1400.263635 -8.668 -8.668 0.000000 3.260479 0.000 0 0.000
19201.00 1249.60 100.138999 0.0000000000000000 0.000000 245.312425 -1239469.466156 30.719404 125.885515 -22.145533 1400.605439 -8.689 -8.689 0.000000 3.259796 0.000 0 0.000
19101.00 1249.32 100.138999 0.0000000000000000 0.000000 245.312425 -1239776.692896 30.725967 125.898808 -22.164689 1400.959907 -8.711 -8.711 0.000000 3.259100 0.000 0 0.000
19001.00 1249.03 100.138999 0.0000000000000000 0.000000 245.312425 -1240083.985973 30.732672 125.912352 -22.184214 1401.327581 -8.732 -8.732 0.000000 3.258389 0.000 0 0.000
18901.00 1248.75 100.138999 0.0000000000000000 0.000000 245.312425 -1240391.346828 30.739524 125.926156 -22.204124 1401.709033 -8.755 -8.755 0.000000 3.257663 0.000 0 0.000
18801.00 1248.45 100.138999 0.0000000000000000 0.000000 245.312425 -1240698.776965 30.746530 125.940233 -22.224435 1402.104865 -8.777 -8.777 0.000000 3.256920 0.000 0 0.000
18701.00 1248.16 100.138999 0.0000000000000000 0.000000 245.312425 -1241006.277953 30.753696 125.954595 -22.245166 1402.515711 -8.800 -8.800 0.000000 3.256161 0.000 0 0.000
18601.00 1247.86 100.138999 0.0000000000000000 0.000000 245.312425 -1241313.851434 30.761029 125.969255 -22.266334 1402.942240 -8.824 -8.824 0.000000 3.255385 0.000 0 0.000
18501.00 1247.57 100.138999 0.0000000000000000 0.000000 245.312425 -1241621.499120 30.768538 125.984227 -22.287961 1403.385157 -8.848 -8.848 0.000000 3.254591 0.000 0 0.000
18401.00 1247.26 100.138999 0.0000000000000000 0.000000 245.312425 -1241929.222802 30.776230 125.999526 -22.310066 1403.845203 -8.872 -8.872 0.000000 3.253777 0.000 0 0.000
18301.00 1246.97 100.138999 0.0000000000000000 0.000000 245.312425 -1242237.023978 30.783446 126.014002 -22.330830 1404.259482 -8.895 -8.895 0.000000 3.253015 0.000 0 0.000
18201.00 1246.79 100.138999 0.0000000000000000 0.000000 245.312425 -1242544.868766 30.785512 126.019488 -22.337378 1404.182379 -8.900 -8.900 0.000000 3.252796 0.000 0 0.000
18101.00 1246.62 100.138999 0.0000000000000000 0.000000 245.312425 -1242852.734222 30.787579 126.024973 -22.343926 1404.105278 -8.906 -8.906 0.000000 3.252578 0.000 0 0.000
18001.00 1246.44 100.138999 0.0000000000000000 0.000000 245.312425 -1243160.620357 30.789648 126.030456 -22.350476 1404.028179 -8.911 -8.911 0.000000 3.252359 0.000 0 0.000
17901.00 1246.26 100.138999 0.0000000000000000 0.000000 245.312425 -1243468.527181 30.791717 126.035937 -22.357026 1403.951082 -8.917 -8.917 0.000000 3.252141 0.000 0 0.000
17801.00 1246.09 100.138999 0.0000000000000000 0.000000 245.312425 -1243776.454705 30.793788 126.041416 -22.363576 1403.873986 -8.922 -8.922 0.000000 3.251922 0.000 0 0.000
17701.00 1245.91 100.138999 0.0000000000000000 0.000000 245.312425 -1244084.402938 30.795859 126.046893 -22.370127 1403.796891 -8.928 -8.928 0.000000 3.251703 0.000 0 0.000
17601.00 1245.73 100.138999 0.0000000000000000 0.000000 245.312425 -1244392.371891 30.797932 126.052369 -22.376679 1403.719798 -8.933 -8.933 0.000000 3.251485 0.000 0 0.000
17501.00 1245.56 100.138999 0.0000000000000000 0.000000 245.312425 -1244700.361575 30.800005 126.057843 -22.383231 1403.642706 -8.939 -8.939 0.000000 3.251266 0.000 0 0.000
17401.00 1245.38 100.138999 0.0000000000000000 0.000000 245.312425 -1245008.372000 30.802080 126.063315 -22.389783 1403.565615 -8.944 -8.944 0.000000 3.251047 0.000 0 0.000
17301.00 1245.20 100.138999 0.0000000000000000 0.000000 245.312425 -1245316.403176 30.804156 126.068785 -22.396336 1403.488525 -8.949 -8.949 0.000000 3.250828 0.000 0 0.000
17201.00 1245.03 100.138999 0.0000000000000000 0.000000 245.312425 -1245624.455114 30.806232 126.074253 -22.402890 1403.411435 -8.955 -8.955 0.000000 3.250608 0.000 0 0.000
17101.00 1244.85 100.138999 0.0000000000000000 0.000000 245.312425 -1245932.527824 30.808310 126.079720 -22.409445 1403.334346 -8.960 -8.960 0.000000 3.250389 0.000 0 0.000
17001.00 1244.67 100.138999 0.0000000000000000 0.000000 245.312425 -1246240.621317 30.810389 126.085185 -22.415999 1403.257257 -8.966 -8.966 0.000000 3.250170 0.000 0 0.000
16901.00 1244.50 100.138999 0.0000000000000000 0.000000 245.312425 -1246548.735603 30.812469 126.090648 -22.422555 1403.180168 -8.971 -8.971 0.000000 3.249951 0.000 0 0.000
16801.00 1244.32 100.138999 0.0000000000000000 0.000000 245.312425 -1246856.870692 30.814549 126.096109 -22.429111 1403.103080 -8.977 -8.977 0.000000 3.249731 0.000 0 0.000
16701.00 1244.14 100.138999 0.0000000000000000 0.000000 245.312425 -1247165.026596 30.816631 126.101569 -22.435668 1403.025991 -8.982 -8.982 0.000000 3.249512 0.000 0 0.000
16601.00 1243.97 100.138999 0.0000000000000000 0.000000 245.312425 -1247473.203324 30.818714 126.107026 -22.442225 1402.948902 -8.988 -8.988 0.000000 3.249292 0.000 0 0.000
16501.00 1243.79 100.138999 0.0000000000000000 0.000000 245.312425 -1247781.400888 30.820798 126.112482 -22.448782 1402.871812 -8.993 -8.993 0.000000 3.249072 0.000 0 0.000
16401.00 1243.61 100.138999 0.0000000000000000 0.000000 245.312425 -1248089.619297 30.822884 126.117936 -22.455341 1402.794721 -8.999 -8.999 0.000000 3.248852 0.000 0 0.000
16301.00 1243.44 100.138999 0.0000000000000000 0.000000 245.312425 -1248397.858563 30.824970 126.123388 -22.461900 1402.717630 -9.004 -9.004 0.000000 3.248633 0.000 0 0.000
16201.00 1243.26 100.138999 0.0000000000000000 0.000000 245.312425 -1248706.118696 30.827057 126.128839 -22.468459 1402.640538 -9.010 -9.010 0.000000 3.248413 0.000 0 0.000
16101.00 1243.08 100.138999 0.0000000000000000 0.000000 245.312425 -1249014.399706 30.829145 126.134288 -22.475019 1402.563444 -9.015 -9.015 0.000000 3.248193 0.000 0 0.000
16001.00 1242.91 100.138999 0.0000000000000000 0.000000 245.312425 -1249322.701605 30.831235 126.139734 -22.481580 1402.486349 -9.021 -9.021 0.000000 3.247972 0.000 0 0.000
15901.00 1242.73 100.138999 0.0000000000000000 0.000000 245.312425 -1249631.024403 30.833325 126.145180 -22.488141 1402.409253 -9.026 -9.026 0.000000 3.247752 0.000 0 0.000
15801.00 1242.55 100.138999 0.0000000000000000 0.000000 245.312425 -1249939.368110 30.835417 126.150623 -22.494703 1402.332155 -9.032 -9.032 0.000000 3.247532 0.000 0 0.000
15701.00 1242.38 100.138999 0.0000000000000000 0.000000 245.312425 -1250247.732738 30.837509 126.156064 -22.501265 1402.255055 -9.037 -9.037 0.000000 3.247312 0.000 0 0.000
15601.00 1242.20 100.138999 0.0000000000000000 0.000000 245.312425 -1250556.118297 30.839603 126.161504 -22.507828 1402.177953 -9.043 -9.043 0.000000 3.247091 0.000 0 0.000
15501.00 1242.02 100.138999 0.0000000000000000 0.000000 245.312425 -1250864.524797 30.841698 126.166942 -22.514392 1402.100848 -9.048 -9.048 0.000000 3.246871 0.000 0 0.000
15401.00 1241.85 100.138999 0.0000000000000000 0.000000 245.312425 -1251172.952251 30.843793 126.172378 -22.520956 1402.023742 -9.054 -9.054 0.000000 3.246650 0.000 0 0.000
15301.00 1241.67 100.138999 0.0000000000000000 0.000000 245.312425 -1251481.400667 30.845890 126.177812 -22.527520 1401.946632 -9.059 -9.059 0.000000 3.246429 0.000 0 0.000
15201.00 1241.49 100.138999 0.0000000000000000 0.000000 245.312425 -1251789.870058 30.847988 126.183245 -22.534086 1401.869520 -9.065 -9.065 0.000000 3.246208 0.000 0 0.000
15101.00 1241.32 100.138999 0.0000000000000000 0.000000 245.312425 -1252098.360434 30.850087 126.188675 -22.540651 1401.792405 -9.070 -9.070 0.000000 3.245988 0.000 0 0.000
15001.00 1241.14 100.138999 0.0000000000000000 0.000000 245.312425 -1252406.871806 30.852187 126.194104 -22.547218 1401.715287 -9.076 -9.076 0.000000 3.245767 0.000 0 0.000
14901.00 1240.96 100.138999 0.0000000000000000 0.000000 245.312425 -1252715.404184 30.854289 126.199531 -22.553785 1401.638165 -9.081 -9.081 0.000000 3.245546 0.000 0 0.000
14801.00 1240.79 100.138999 0.0000000000000000 0.000000 245.312425 -1253023.957580 30.856391 126.204957 -22.560352 1401.561040 -9.087 -9.087 0.000000 3.245324 0.000 0 0.000
14701.00 1240.61 100.138999 0.0000000000000000 0.000000 245.312425 -1253332.532005 30.858494 126.210380 -22.566921 1401.483912 -9.092 -9.092 0.000000 3.245103 0.000 0 0.000
14601.00 1240.43 100.138999 0.0000000000000000 0.000000 245.312425 -1253641.127469 30.860599 126.215802 -22.573489 1401.406779 -9.098 -9.098 0.000000 3.244882 0.000 0 0.000
14501.00 1240.26 100.138999 0.0000000000000000 0.000000 245.312425 -1253949.743983 30.862704 126.221221 -22.580059 1401.329642 -9.103 -9.103 0.000000 3.244661 0.000 0 0.000
14401.00 1240.08 100.138999 0.0000000000000000 0.000000 245.312425 -1254258.381559 30.864811 126.226639 -22.586629 1401.252501 -9.109 -9.109 0.000000 3.244439 0.000 0 0.000
14301.00 1239.90 100.138999 0.0000000000000000 0.000000 245.312425 -1254567.040207 30.866919 126.232056 -22.593199 1401.175356 -9.114 -9.114 0.000000 3.244218 0.000 0 0.000
14201.00 1239.73 100.138999 0.0000000000000000 0.000000 245.312425 -1254875.719939 30.869028 126.237470 -22.599770 1401.098205 -9.120 -9.120 0.000000 3.243996 0.000 0 0.000
14101.00 1239.55 100.138999 0.0000000000000000 0.000000 245.312425 -1255184.420764 30.871138 126.242883 -22.606342 1401.021050 -9.125 -9.125 0.000000 3.243774 0.000 0 0.000
14001.00 1239.37 100.138999 0.0000000000000000 0.000000 245.312425 -1255493.142696 30.873249 126.248293 -22.612915 1400.943890 -9.131 -9.131 0.000000 3.243552 0.000 0 0.000
13901.00 1239.20 100.138999 0.0000000000000000 0.000000 245.312425 -1255801.885744 30.875361 126.253702 -22.619488 1400.866725 -9.136 -9.136 0.000000 3.243330 0.000 0 0.000
13801.00 1239.02 100.138999 0.0000000000000000 0.000000 245.312425 -1256110.649919 30.877474 126.259110 -22.626061 1400.789554 -9.142 -9.142 0.000000 3.243108 0.000 0 0.000
13701.00 1238.84 100.138999 0.0000000000000000 0.000000 245.312425 -1256419.435234 30.879589 126.264515 -22.632635 1400.712378 -9.147 -9.147 0.000000 3.242886 0.000 0 0.000
13601.00 1238.67 100.138999 0.0000000000000000 0.000000 245.312425 -1256728.241698 30.881704 126.269918 -22.639210 1400.635195 -9.153 -9.153 0.000000 3.242664 0.000 0 0.000
13501.00 1238.49 100.138999 0.0000000000000000 0.000000 245.312425 -1257037.069323 30.883821 126.275320 -22.645785 1400.558007 -9.158 -9.158 0.000000 3.242442 0.000 0 0.000
13401.00 1238.31 100.138999 0.0000000000000000 0.000000 245.312425 -1257345.918121 30.885939 126.280720 -22.652361 1400.480812 -9.164 -9.164 0.000000 3.242220 0.000 0 0.000
13301.00 1238.14 100.138999 0.0000000000000000 0.000000 245.312425 -1257654.788102 30.888058 126.286118 -22.658938 1400.403611 -9.169 -9.169 0.000000 3.241997 0.000 0 0.000
13201.00 1237.96 100.138999 0.0000000000000000 0.000000 245.312425 -1257963.679278 30.890178 126.291514 -22.665515 1400.326403 -9.175 -9.175 0.000000 3.241775 0.000 0 0.000
13101.00 1237.78 100.138999 0.0000000000000000 0.000000 245.312425 -1258272.591659 30.892299 126.296909 -22.672093 1400.249188 -9.180 -9.180 0.000000 3.241552 0.000 0 0.000
13001.00 1237.61 100.138999 0.0000000000000000 0.000000 245.312425 -1258581.525258 30.894421 126.302301 -22.678671 1400.171966 -9.186 -9.186 0.000000 3.241330 0.000 0 0.000
12901.00 1237.43 100.138999 0.0000000000000000 0.000000 245.312425 -1258890.480086 30.896545 126.307692 -22.685250 1400.094737 -9.191 -9.191 0.000000 3.241107 0.000 0 0.000
12801.00 1237.25 100.138999 0.0000000000000000 0.000000 245.312425 -1259199.456153 30.898669 126.313081 -22.691830 1400.017500 -9.197 -9.197 0.000000 3.240884 0.000 0 0.000
12701.00 1237.08 100.138999 0.0000000000000000 0.000000 245.312425 -1259508.453472 30.900795 126.318468 -22.698410 1399.940256 -9.202 -9.202 0.000000 3.240661 0.000 0 0.000
12601.00 1236.90 100.138999 0.0000000000000000 0.000000 245.312425 -1259817.472054 30.902922 126.323854 -22.704991 1399.863003 -9.208 -9.208 0.000000 3.240438 0.000 0 0.000
12501.00 1236.72 100.138999 0.0000000000000000 0.000000 245.312425 -1260126.511909 30.905050 126.329237 -22.711572 1399.785742 -9.214 -9.214 0.000000 3.240215 0.000 0 0.000
12401.00 1236.55 100.138999 0.0000000000000000 0.000000 245.312425 -1260435.573050 30.907179 126.334619 -22.718154 1399.708473 -9.219 -9.219 0.000000 3.239992 0.000 0 0.000
12301.00 1236.37 100.138999 0.0000000000000000 0.000000 245.312425 -1260744.655488 30.909309 126.339999 -22.724737 1399.631195 -9.225 -9.225 0.000000 3.239768 0.000 0 0.000
12201.00 1236.19 100.138999 0.0000000000000000 0.000000 245.312425 -1261053.759234 30.911440 126.345377 -22.731321 1399.553908 -9.230 -9.230 0.000000 3.239545 0.000 0 0.000
12101.00 1236.02 100.138999 0.0000000000000000 0.000000 245.312425 -1261362.884300 30.913573 126.350753 -22.737904 1399.476612 -9.236 -9.236 0.000000 3.239321 0.000 0 0.000
12001.00 1235.84 100.138999 0.0000000000000000 0.000000 245.312425 -1261672.030697 30.915707 126.356127 -22.744489 1399.399307 -9.241 -9.241 0.000000 3.239098 0.000 0 0.000
11901.00 1235.66 100.138999 0.0000000000000000 0.000000 245.312425 -1261981.198438 30.917842 126.361500 -22.751074 1399.321992 -9.247 -9.247 0.000000 3.238874 0.000 0 0.000
11801.00 1235.49 100.138999 0.0000000000000000 0.000000 245.312425 -1262290.387533 30.919978 126.366871 -22.757660 1399.244668 -9.252 -9.252 0.000000 3.238650 0.000 0 0.000
11701.00 1235.31 100.138999 0.0000000000000000 0.000000 245.312425 -1262599.597994 30.922115 126.372239 -22.764246 1399.167333 -9.258 -9.258 0.000000 3.238427 0.000 0 0.000
11601.00 1235.13 100.138999 0.0000000000000000 0.000000 245.312425 -1262908.829833 30.924253 126.377607 -22.770834 1399.089988 -9.264 -9.264 0.000000 3.238203 0.000 0 0.000
11501.00 1234.96 100.138999 0.0000000000000000 0.000000 245.312425 -1263218.083062 30.926393 126.382972 -22.777421 1399.012632 -9.269 -9.269 0.000000 3.237979 0.000 0 0.000
11401.00 1234.78 100.138999 0.0000000000000000 0.000000 245.312425 -1263527.357691 30.928533 126.388335 -22.784010 1398.935266 -9.275 -9.275 0.000000 3.237755 0.000 0 0.000
11301.00 1234.60 100.138999 0.0000000000000000 0.000000 245.312425 -1263836.653734 30.930675 126.393697 -22.790599 1398.857888 -9.280 -9.280 0.000000 3.237530 0.000 0 0.000
11201.00 1234.43 100.138999 0.0000000000000000 0.000000 245.312425 -1264145.971201 30.932818 126.399056 -22.797188 1398.780500 -9.286 -9.286 0.000000 3.237306 0.000 0 0.000
11101.00 1234.25 100.138999 0.0000000000000000 0.000000 245.312425 -1264455.310104 30.934963 126.404414 -22.803778 1398.703099 -9.291 -9.291 0.000000 3.237082 0.000 0 0.000
11001.00 1234.07 100.138999 0.0000000000000000 0.000000 245.312425 -1264764.670456 30.937108 126.409770 -22.810369 1398.625687 -9.297 -9.297 0.000000 3.236857 0.000 0 0.000
10901.00 1233.90 100.138999 0.0000000000000000 0.000000 245.312425 -1265074.052267 30.939255 126.415124 -22.816961 1398.548263 -9.302 -9.302 0.000000 3.236633 0.000 0 0.000
10801.00 1233.68 100.138999 0.0001144329346293 0.000140 245.312425 -1265383.456663 30.942195 126.423205 -22.840890 1398.632028 -12.597 -12.597 2.644524 3.236408 2.693 0 0.000
10701.00 1233.35 100.138999 0.0005261632917460 0.000644 245.312425 -1265692.903603 30.947201 126.438360 -22.910081 1399.133991 -12.560 -12.560 2.643776 3.236183 2.706 0 0.000
10601.00 1233.02 100.138999 0.0009445101028165 0.001156 245.312425 -1266002.400868 30.952261 126.453652 -22.980625 1399.644195 -12.523 -12.523 2.643040 3.235958 2.718 0 0.000
10501.00 1232.69 100.138999 0.0013697455497370 0.001677 245.312425 -1266311.948996 30.957374 126.469090 -23.052571 1400.162831 -12.486 -12.486 2.642317 3.235733 2.731 0 0.000
10401.00 1232.36 100.138999 0.0018021564255936 0.002206 245.312425 -1266621.548545 30.962545 126.484679 -23.125970 1400.690102 -12.449 -12.449 2.641607 3.235508 2.743 0 0.000
10301.00 1232.02 100.138999 0.0022420450994507 0.002745 245.312425 -1266931.200092 30.967774 126.500427 -23.200878 1401.226223 -12.411 -12.411 2.640910 3.235283 2.756 0 0.000
10201.00 1231.69 100.138999 0.0026897304997993 0.003294 245.312425 -1267240.904237 30.973065 126.516343 -23.277351 1401.771423 -12.373 -12.373 2.640227 3.235059 2.768 0 0.000
10101.00 1231.35 100.138999 0.0031455492363811 0.003852 245.312425 -1267550.661598 30.978418 126.532434 -23.355450 1402.325944 -12.335 -12.335 2.639559 3.234834 2.780 0 0.000
10001.00 1231.01 100.138999 0.0036098567585659 0.004421 245.312425 -1267860.472821 30.983837 126.548709 -23.435237 1402.890047 -12.296 -12.296 2.638905 3.234609 2.792 0 0.000
9901.00 1230.67 100.138999 0.0040830286055654 0.005001 245.312425 -1268170.338572 30.989324 126.565178 -23.516780 1403.464007 -12.258 -12.258 2.638266 3.234384 2.804 0 0.000
9801.00 1230.32 100.138999 0.0045654617753970 0.005592 245.312425 -1268480.259547 30.994882 126.581851 -23.600150 1404.048118 -12.219 -12.219 2.637642 3.234159 2.816 0 0.000
9701.00 1229.98 100.138999 0.0050575761574099 0.006195 245.312425 -1268790.236465 31.000514 126.598738 -23.685421 1404.642693 -12.179 -12.179 2.637033 3.233935 2.828 0 0.000
9601.00 1229.63 100.138999 0.0055598160997211 0.006811 245.312425 -1269100.270076 31.006222 126.615851 -23.772672 1405.248066 -12.140 -12.140 2.636441 3.233710 2.839 0 0.000
9501.00 1229.28 100.138999 0.0060726520814888 0.007439 245.312425 -1269410.361162 31.012009 126.633201 -23.861985 1405.864591 -12.100 -12.100 2.635865 3.233485 2.851 0 0.000
9401.00 1228.92 100.138999 0.0065965825112330 0.008081 245.312425 -1269720.510534 31.017880 126.650801 -23.953450 1406.492649 -12.059 -12.059 2.635306 3.233260 2.863 0 0.000
9301.00 1228.57 100.138999 0.0071321356585354 0.008737 245.312425 -1270030.719040 31.023836 126.668665 -24.047159 1407.132643 -12.019 -12.019 2.634764 3.233036 2.874 0 0.000
9201.00 1228.21 100.138999 0.0076798717283034 0.009409 245.312425 -1270340.987562 31.029883 126.686806 -24.143210 1407.785004 -11.978 -11.978 2.634239 3.232811 2.885 0 0.000
9101.00 1227.84 100.138999 0.0082403850879898 0.010095 245.312425 -1270651.317022 31.036025 126.705240 -24.241710 1408.450193 -11.937 -11.937 2.633732 3.232586 2.896 0 0.000
9001.00 1227.48 100.138999 0.0088143066573761 0.010798 245.312425 -1270961.708380 31.042264 126.723983 -24.342767 1409.128700 -11.896 -11.896 2.633244 3.232362 2.907 0 0.000
8901.00 1227.11 100.138999 0.0094023064724336 0.011518 245.312425 -1271272.162643 31.048606 126.743052 -24.446501 1409.821049 -11.854 -11.854 2.632774 3.232137 2.918 0 0.000
8801.00 1226.74 100.138999 0.0100050964335822 0.012256 245.312425 -1271582.680861 31.055056 126.762465 -24.553036 1410.527800 -11.812 -11.812 2.632323 3.231912 2.929 0 0.000
8701.00 1226.36 100.138484 0.0106182639624266 0.013007 245.310996 -1271886.798981 31.061421 126.781457 -24.661543 1411.236420 -11.769 -11.769 2.631892 3.231687 2.940 0 0.000
8601.00 1225.98 100.075946 0.0106256058591556 0.013017 245.137727 -1271412.612137 31.044270 126.706418 -24.657114 1410.383274 -11.726 -11.726 2.631483 3.231463 2.950 0 0.000
8501.00 1225.60 100.012706 0.0106332362667247 0.013027 244.962623 -1270928.896187 31.026897 126.630481 -24.652505 1409.520622 -11.683 -11.683 2.631098 3.231238 2.961 0 0.000
8401.00 1225.22 99.948734 0.0106411713759714 0.013038 244.785611 -1270435.291408 31.009295 126.553611 -24.647710 1408.648134 -11.640 -11.640 2.630738 3.231012 2.971 0 0.000
8301.00 1224.84 99.884003 0.0106494284352896 0.013048 244.606613 -1269931.418098 30.991454 126.475772 -24.642722 1407.765461 -11.596 -11.596 2.630403 3.230787 2.981 0 0.000
8201.00 1224.46 99.818480 0.0106580259523684 0.013060 244.425548 -1269416.875286 30.973365 126.396924 -24.637534 1406.872238 -11.552 -11.552 2.630093 3.230562 2.991 0 0.000
8101.00 1224.07 99.752133 0.0106669837347213 0.013071 244.242330 -1268891.239202 30.955017 126.317026 -24.632138 1405.968076 -11.508 -11.508 2.629810 3.230336 3.000 0 0.000
8001.00 1223.68 99.684928 0.0106763230183735 0.013083 244.056868 -1268354.061686 30.936400 126.236036 -24.626527 1405.052570 -11.463 -11.463 2.629555 3.230111 3.010 0 0.000
7901.00 1223.29 99.616828 0.0106860665824564 0.013095 243.869067 -1267804.868461 30.917503 126.153908 -24.620691 1404.125288 -11.418 -11.418 2.629327 3.229885 3.019 0 0.000
7801.00 1223.01 99.547794 0.0102662819791926 0.012580 243.678824 -1267243.158004 30.898999 126.059044 -24.562760 1402.685817 -11.365 -11.365 2.629261 3.229264 3.026 0 0.000
7701.00 1223.09 99.521018 0.0088111978962007 0.010792 243.605088 -1267214.204370 30.898812 125.989385 -24.407450 1400.602881 -11.289 -11.289 2.629683 3.227318 3.029 0 0.000
7601.00 1223.14 99.521018 0.0077592494897974 0.009499 243.605088 -1267523.241017 30.908464 125.964201 -24.317272 1399.337727 -11.214 -11.214 2.630113 3.225519 3.031 0 0.000
7501.00 1223.16 99.521018 0.0068441069828482 0.008375 243.605088 -1267832.372663 30.917821 125.942778 -24.242423 1398.224968 -11.141 -11.141 2.630549 3.223857 3.033 0 0.000
7401.00 1223.14 99.521018 0.0060658166359461 0.007419 243.605088 -1268141.596625 30.926936 125.925094 -24.183292 1397.264812 -11.069 -11.069 2.630989 3.222327 3.036 0 0.000
7301.00 1223.08 99.521018 0.0054245105607456 0.006632 243.605088 -1268450.910740 30.935860 125.911128 -24.140276 1396.457426 -10.999 -10.999 2.631433 3.220921 3.038 0 0.000
7201.00 1222.99 99.521018 0.0049203979077484 0.006013 243.605088 -1268760.313353 30.944644 125.900866 -24.113777 1395.802926 -10.930 -10.930 2.631879 3.219632 3.041 0 0.000
7101.00 1222.86 99.521018 0.0045537555263163 0.005562 243.605088 -1269069.803326 30.953340 125.894293 -24.104207 1395.301370 -10.863 -10.863 2.632326 3.218455 3.044 0 0.000
7001.00 1222.69 99.521018 0.0043249183334882 0.005280 243.605088 -1269379.380026 30.961998 125.891399 -24.111979 1394.952739 -10.797 -10.797 2.632771 3.217383 3.047 0 0.000
6901.00 1222.49 99.521018 0.0042342695110048 0.005167 243.605088 -1269689.043327 30.970669 125.892177 -24.137516 1394.756933 -10.732 -10.732 2.633213 3.216409 3.050 0 0.000
6801.00 1222.25 99.521018 0.0042822307576631 0.005223 243.605088 -1269998.793608 30.979402 125.896620 -24.181241 1394.713758 -10.669 -10.669 2.633650 3.215529 3.053 0 0.000
6701.00 1221.98 99.521018 0.0044692527493934 0.005449 243.605088 -1270308.631746 30.988248 125.904724 -24.243581 1394.822909 -10.607 -10.607 2.634081 3.214737 3.056 0 0.000
6601.00 1221.66 99.521018 0.0047958060865089 0.005845 243.605088 -1270618.559118 30.997257 125.916487 -24.324966 1395.083968 -10.546 -10.546 2.634504 3.214027 3.060 0 0.000
6501.00 1221.32 99.521018 0.0052623729159644 0.006410 243.605088 -1270928.577597 31.006478 125.931908 -24.425827 1395.496388 -10.486 -10.486 2.634915 3.213393 3.063 0 0.000
6401.00 1220.93 99.521018 0.0058694394749404 0.007147 243.605088 -1271238.689542 31.015959 125.950986 -24.546595 1396.059488 -10.428 -10.428 2.635314 3.212831 3.067 0 0.000
6301.00 1220.51 99.521018 0.0066174898218429 0.008054 243.605088 -1271548.897801 31.025749 125.973721 -24.687704 1396.772445 -10.370 -10.370 2.635697 3.212335 3.071 0 0.000
6201.00 1220.05 99.521018 0.0075070009951323 0.009132 243.605088 -1271859.205704 31.035895 126.000114 -24.849586 1397.634291 -10.314 -10.314 2.636063 3.211901 3.075 0 0.000
6101.00 1219.56 99.521018 0.0085384398665158 0.010382 243.605088 -1272169.617054 31.046446 126.030167 -25.032674 1398.643909 -10.259 -10.259 2.636409 3.211523 3.080 0 0.000
6001.00 1219.03 99.521018 0.0097122618672827 0.011803 243.605088 -1272480.136122 31.057447 126.063881 -25.237402 1399.800033 -10.205 -10.205 2.636732 3.211198 3.084 0 0.000
5901.00 1218.46 99.521018 0.0110289121876119 0.013397 243.605088 -1272790.767641 31.068944 126.101257 -25.464203 1401.101250 -10.152 -10.152 2.637031 3.210920 3.089 0 0.000
5801.00 1217.86 99.417586 0.0114507719639898 0.013906 243.324540 -1271784.450178 31.041568 125.984548 -25.513220 1400.085930 -10.100 -10.100 2.637311 3.210698 3.095 0 0.000
5701.00 1217.23 99.271897 0.0115810820237482 0.014061 242.929743 -1270238.873082 30.998488 125.806776 -25.500227 1398.211247 -10.049 -10.049 2.637573 3.210532 3.100 0 0.000
