Title: Depleted MORB Mantle of Workmann & Hart 2005

Phase Masses:
Pressure Temperature mass liquid_0 olivine_0 garnet_0 orthopyroxene_0 clinopyroxene_0 feldspar_0 spinel_0 
44001.00 1499.72 100.138999 0.000000 59.082303 12.524900 13.263005 14.161147 0.000000 1.107644 
43901.00 1499.48 100.138999 0.000000 59.081054 12.511676 13.269808 14.167538 0.000000 1.108923 
43801.00 1499.25 100.138999 0.000000 59.079793 12.498356 13.276651 14.173986 0.000000 1.110213 
43701.00 1499.02 100.138999 0.000000 59.078520 12.484937 13.283535 14.180491 0.000000 1.111516 
43601.00 1498.79 100.138999 0.000000 59.077236 12.471420 13.290459 14.187053 0.000000 1.112831 
43501.00 1498.56 100.138999 0.000000 59.075939 12.457803 13.297424 14.193674 0.000000 1.114159 
43401.00 1498.32 100.138999 0.000000 59.074631 12.444085 13.304431 14.200353 0.000000 1.115499 
43301.00 1498.09 100.138999 0.000000 59.073309 12.430265 13.311480 14.207092 0.000000 1.116853 
43201.00 1497.86 100.138999 0.000000 59.071976 12.416342 13.318571 14.213891 0.000000 1.118219 
43101.00 1497.63 100.138999 0.000000 59.070629 12.402315 13.325705 14.220751 0.000000 1.119599 
43001.00 1497.40 100.138999 0.000000 59.069270 12.388183 13.332882 14.227672 0.000000 1.120992 
42901.00 1497.16 100.138999 0.000000 59.067897 12.373945 13.340104 14.234655 0.000000 1.122399 
42801.00 1496.93 100.138999 0.000000 59.066511 12.359599 13.347369 14.241701 0.000000 1.123819 
42701.00 1496.70 100.138999 0.000000 59.065111 12.345144 13.354680 14.248810 0.000000 1.125254 
42601.00 1496.47 100.138999 0.000000 59.063698 12.330580 13.362035 14.255983 0.000000 1.126703 
42501.00 1496.23 100.138999 0.000000 59.062271 12.315904 13.369436 14.263221 0.000000 1.128167 
42401.00 1496.00 100.138999 0.000000 59.060829 12.301117 13.376884 14.270524 0.000000 1.129646 
42301.00 1495.77 100.138999 0.000000 59.059373 12.286216 13.384378 14.277893 0.000000 1.131139 
42201.00 1495.54 100.138999 0.000000 59.057903 12.271201 13.391919 14.285329 0.000000 1.132648 
42101.00 1495.30 100.138999 0.000000 59.056417 12.256069 13.399509 14.292832 0.000000 1.134172 
42001.00 1495.07 100.138999 0.000000 59.054917 12.240821 13.407146 14.300404 0.000000 1.135711 
41901.00 1494.84 100.138999 0.000000 59.053401 12.225454 13.414833 14.308045 0.000000 1.137267 
41801.00 1494.60 100.138999 0.000000 59.051870 12.209967 13.422569 14.315756 0.000000 1.138838 
41701.00 1494.37 100.138999 0.000000 59.050323 12.194359 13.430354 14.323537 0.000000 1.140427 
41601.00 1494.14 100.138999 0.000000 59.048760 12.178628 13.438191 14.331389 0.000000 1.142031 
41501.00 1493.90 100.138999 0.000000 59.047180 12.162774 13.446078 14.339314 0.000000 1.143653 
41401.00 1493.67 100.138999 0.000000 59.045585 12.146794 13.454017 14.347311 0.000000 1.145292 
41301.00 1493.44 100.138999 0.000000 59.043972 12.130688 13.462009 14.355382 0.000000 1.146948 
41201.00 1493.20 100.138999 0.000000 59.042342 12.114453 13.470053 14.363528 0.000000 1.148622 
41101.00 1492.97 100.138999 0.000000 59.040695 12.098089 13.478151 14.371750 0.000000 1.150314 
41001.00 1492.74 100.138999 0.000000 59.039030 12.081594 13.486303 14.380047 0.000000 1.152024 
40901.00 1492.50 100.138999 0.000000 59.037348 12.064966 13.494510 14.388422 0.000000 1.153753 
40801.00 1492.27 100.138999 0.000000 59.035647 12.048204 13.502773 14.396874 0.000000 1.155501 
40701.00 1492.03 100.138999 0.000000 59.033928 12.031307 13.511091 14.405406 0.000000 1.157268 
40601.00 1491.80 100.138999 0.000000 59.032190 12.014271 13.519467 14.414017 0.000000 1.159054 
40501.00 1491.57 100.138999 0.000000 59.030433 11.997097 13.527899 14.422709 0.000000 1.160860 
40401.00 1491.33 100.138999 0.000000 59.028657 11.979783 13.536391 14.431483 0.000000 1.162687 
40301.00 1491.10 100.138999 0.000000 59.026861 11.962326 13.544941 14.440339 0.000000 1.164533 
40201.00 1490.86 100.138999 0.000000 59.025045 11.944725 13.553551 14.449278 0.000000 1.166401 
40101.00 1490.63 100.138999 0.000000 59.023208 11.926978 13.562221 14.458303 0.000000 1.168289 
40001.00 1490.39 100.138999 0.000000 59.021351 11.909084 13.570952 14.467413 0.000000 1.170199 
39901.00 1490.16 100.138999 0.000000 59.019473 11.891041 13.579745 14.476609 0.000000 1.172131 
39801.00 1489.92 100.138999 0.000000 59.017573 11.872847 13.588602 14.485893 0.000000 1.174085 
39701.00 1489.69 100.138999 0.000000 59.015652 11.854499 13.597521 14.495265 0.000000 1.176062 
39601.00 1489.45 100.138999 0.000000 59.013709 11.835997 13.606505 14.504727 0.000000 1.178061 
39501.00 1489.22 100.138999 0.000000 59.011743 11.817338 13.615554 14.514280 0.000000 1.180084 
39401.00 1488.98 100.138999 0.000000 59.009754 11.798521 13.624669 14.523924 0.000000 1.182130 
39301.00 1488.75 100.138999 0.000000 59.007743 11.779543 13.633851 14.533662 0.000000 1.184201 
39201.00 1488.51 100.138999 0.000000 59.005707 11.760402 13.643101 14.543493 0.000000 1.186296 
39101.00 1488.28 100.138999 0.000000 59.003648 11.741097 13.652419 14.553419 0.000000 1.188416 
39001.00 1488.04 100.138999 0.000000 59.001564 11.721625 13.661807 14.563442 0.000000 1.190561 
38901.00 1487.81 100.138999 0.000000 58.999455 11.701984 13.671266 14.573562 0.000000 1.192732 
38801.00 1487.57 100.138999 0.000000 58.997321 11.682172 13.680796 14.583781 0.000000 1.194929 
38701.00 1487.33 100.138999 0.000000 58.995161 11.662187 13.690398 14.594100 0.000000 1.197153 
38601.00 1487.10 100.138999 0.000000 58.992975 11.642026 13.700074 14.604520 0.000000 1.199404 
38501.00 1486.86 100.138999 0.000000 58.990763 11.621688 13.709824 14.615043 0.000000 1.201682 
38401.00 1486.63 100.138999 0.000000 58.988523 11.601169 13.719649 14.625668 0.000000 1.203989 
38301.00 1486.39 100.138999 0.000000 58.986256 11.580469 13.729551 14.636399 0.000000 1.206324 
38201.00 1486.15 100.138999 0.000000 58.983961 11.559583 13.739530 14.647237 0.000000 1.208688 
38101.00 1485.92 100.138999 0.000000 58.981637 11.538510 13.749588 14.658181 0.000000 1.211082 
38001.00 1485.68 100.138999 0.000000 58.979284 11.517248 13.759726 14.669235 0.000000 1.213506 
37901.00 1485.44 100.138999 0.000000 58.976902 11.495793 13.769944 14.680399 0.000000 1.215961 
37801.00 1485.21 100.138999 0.000000 58.974489 11.474143 13.780245 14.691675 0.000000 1.218446 
37701.00 1484.97 100.138999 0.000000 58.972046 11.452296 13.790628 14.703064 0.000000 1.220964 
37601.00 1484.73 100.138999 0.000000 58.969572 11.430249 13.801096 14.714568 0.000000 1.223514 
37501.00 1484.49 100.138999 0.000000 58.967066 11.407999 13.811650 14.726188 0.000000 1.226096 
37401.00 1484.26 100.138999 0.000000 58.964528 11.385543 13.822290 14.737926 0.000000 1.228712 
37301.00 1484.02 100.138999 0.000000 58.961956 11.362879 13.833018 14.749783 0.000000 1.231362 
37201.00 1483.78 100.138999 0.000000 58.959352 11.340004 13.843836 14.761760 0.000000 1.234047 
37101.00 1483.54 100.138999 0.000000 58.956713 11.316914 13.854744 14.773860 0.000000 1.236767 
37001.00 1483.30 100.138999 0.000000 58.954039 11.293607 13.865745 14.786084 0.000000 1.239524 
36901.00 1483.07 100.138999 0.000000 58.951330 11.270080 13.876838 14.798434 0.000000 1.242316 
36801.00 1482.83 100.138999 0.000000 58.948585 11.246330 13.888027 14.810911 0.000000 1.245146 
36701.00 1482.59 100.138999 0.000000 58.945804 11.222353 13.899312 14.823517 0.000000 1.248015 
36601.00 1482.35 100.138999 0.000000 58.942984 11.198146 13.910694 14.836253 0.000000 1.250921 
36501.00 1482.11 100.138999 0.000000 58.940127 11.173706 13.922176 14.849123 0.000000 1.253868 
36401.00 1481.87 100.138999 0.000000 58.937231 11.149030 13.933758 14.862126 0.000000 1.256854 
36301.00 1481.63 100.138999 0.000000 58.934296 11.124113 13.945443 14.875266 0.000000 1.259881 
36201.00 1481.39 100.138999 0.000000 58.931320 11.098954 13.957231 14.888544 0.000000 1.262950 
36101.00 1481.15 100.138999 0.000000 58.928303 11.073548 13.969125 14.901962 0.000000 1.266062 
36001.00 1480.91 100.138999 0.000000 58.925244 11.047891 13.981126 14.915522 0.000000 1.269216 
35901.00 1480.67 100.138999 0.000000 58.922143 11.021980 13.993236 14.929225 0.000000 1.272415 
35801.00 1480.43 100.138999 0.000000 58.918998 10.995811 14.005457 14.943075 0.000000 1.275659 
35701.00 1480.19 100.138999 0.000000 58.915809 10.969380 14.017789 14.957072 0.000000 1.278949 
35601.00 1479.95 100.138999 0.000000 58.912575 10.942683 14.030236 14.971220 0.000000 1.282285 
35501.00 1479.71 100.138999 0.000000 58.909294 10.915717 14.042799 14.985520 0.000000 1.285669 
35401.00 1479.47 100.138999 0.000000 58.905967 10.888477 14.055480 14.999974 0.000000 1.289101 
35301.00 1479.23 100.138999 0.000000 58.902592 10.860959 14.068280 15.014585 0.000000 1.292583 
35201.00 1478.99 100.138999 0.000000 58.899168 10.833158 14.081203 15.029354 0.000000 1.296115 
35101.00 1478.75 100.138999 0.000000 58.895695 10.805071 14.094249 15.044285 0.000000 1.299699 
35001.00 1478.51 100.138999 0.000000 58.892171 10.776693 14.107420 15.059380 0.000000 1.303335 
34901.00 1478.26 100.138999 0.000000 58.888595 10.748020 14.120720 15.074640 0.000000 1.307025 
34801.00 1478.02 100.138999 0.000000 58.884966 10.719046 14.134150 15.090069 0.000000 1.310769 
34701.00 1477.78 100.138999 0.000000 58.881284 10.689767 14.147712 15.105668 0.000000 1.314569 
34601.00 1477.54 100.138999 0.000000 58.877547 10.660178 14.161408 15.121441 0.000000 1.318425 
34501.00 1477.30 100.138999 0.000000 58.873753 10.630275 14.175241 15.137390 0.000000 1.322339 
34401.00 1477.05 100.138999 0.000000 58.869903 10.600053 14.189213 15.153518 0.000000 1.326313 
34301.00 1476.81 100.138999 0.000000 58.865994 10.569505 14.203327 15.169827 0.000000 1.330346 
34201.00 1476.57 100.138999 0.000000 58.862026 10.538627 14.217585 15.186320 0.000000 1.334441 
34101.00 1476.32 100.138999 0.000000 58.857998 10.507414 14.231989 15.203000 0.000000 1.338599 
34001.00 1476.08 100.138999 0.000000 58.853907 10.475860 14.246542 15.219870 0.000000 1.342820 
33901.00 1475.84 100.138999 0.000000 58.849754 10.443960 14.261246 15.236933 0.000000 1.347107 
33801.00 1475.59 100.138999 0.000000 58.845535 10.411707 14.276105 15.254191 0.000000 1.351460 
33701.00 1475.35 100.138999 0.000000 58.841252 10.379096 14.291121 15.271649 0.000000 1.355882 
33601.00 1475.10 100.138999 0.000000 58.836900 10.346121 14.306297 15.289308 0.000000 1.360372 
33501.00 1474.86 100.138999 0.000000 58.832481 10.312777 14.321636 15.307172 0.000000 1.364934 
33401.00 1474.61 100.138999 0.000000 58.827991 10.279055 14.337140 15.325245 0.000000 1.369567 
33301.00 1474.37 100.138999 0.000000 58.823430 10.244951 14.352812 15.343530 0.000000 1.374275 
33201.00 1474.12 100.138999 0.000000 58.818796 10.210458 14.368657 15.362030 0.000000 1.379058 
33101.00 1473.87 100.138999 0.000000 58.814088 10.175569 14.384676 15.380748 0.000000 1.383918 
33001.00 1473.63 100.138999 0.000000 58.809304 10.140277 14.400873 15.399689 0.000000 1.388856 
32901.00 1473.38 100.138999 0.000000 58.804441 10.104575 14.417252 15.418856 0.000000 1.393875 
32801.00 1473.13 100.138999 0.000000 58.799500 10.068457 14.433815 15.438252 0.000000 1.398975 
32701.00 1472.89 100.138999 0.000000 58.794477 10.031914 14.450567 15.457882 0.000000 1.404159 
32601.00 1472.64 100.138999 0.000000 58.789372 9.994940 14.467510 15.477749 0.000000 1.409429 
32501.00 1472.39 100.138999 0.000000 58.784182 9.957526 14.484648 15.497857 0.000000 1.414786 
32401.00 1472.14 100.138999 0.000000 58.778906 9.919665 14.501986 15.518211 0.000000 1.420232 
32301.00 1471.90 100.138999 0.000000 58.773542 9.881349 14.519526 15.538814 0.000000 1.425769 
32201.00 1471.65 100.138999 0.000000 58.768087 9.842570 14.537273 15.559671 0.000000 1.431399 
32101.00 1471.40 100.138999 0.000000 58.762540 9.803319 14.555230 15.580786 0.000000 1.437124 
32001.00 1471.15 100.138999 0.000000 58.756899 9.763587 14.573402 15.602163 0.000000 1.442947 
31901.00 1470.90 100.138999 0.000000 58.751162 9.723367 14.591793 15.623808 0.000000 1.448869 
31801.00 1470.65 100.138999 0.000000 58.745326 9.682648 14.610408 15.645725 0.000000 1.454893 
31701.00 1470.40 100.138999 0.000000 58.739390 9.641422 14.629249 15.667918 0.000000 1.461020 
31601.00 1470.15 100.138999 0.000000 58.733351 9.599679 14.648323 15.690393 0.000000 1.467253 
31501.00 1469.90 100.138999 0.000000 58.727207 9.557410 14.667633 15.713154 0.000000 1.473595 
31401.00 1469.65 100.138999 0.000000 58.720955 9.514604 14.687185 15.736207 0.000000 1.480048 
31301.00 1469.39 100.138999 0.000000 58.714593 9.471252 14.706983 15.759557 0.000000 1.486614 
31201.00 1469.14 100.138999 0.000000 58.708119 9.427342 14.727032 15.783210 0.000000 1.493296 
31101.00 1468.89 100.138999 0.000000 58.701530 9.382865 14.747337 15.807170 0.000000 1.500097 
31001.00 1468.64 100.138999 0.000000 58.694824 9.337809 14.767904 15.831444 0.000000 1.507019 
30901.00 1468.38 100.138999 0.000000 58.687997 9.292163 14.788737 15.856037 0.000000 1.514065 
30801.00 1468.13 100.138999 0.000000 58.681047 9.245916 14.809843 15.880956 0.000000 1.521238 
30701.00 1467.88 100.138999 0.000000 58.673971 9.199055 14.831226 15.906206 0.000000 1.528541 
30601.00 1467.62 100.138999 0.000000 58.666766 9.151570 14.852893 15.931794 0.000000 1.535976 
30501.00 1467.37 100.138999 0.000000 58.659430 9.103446 14.874849 15.957726 0.000000 1.543548 
30401.00 1467.11 100.138999 0.000000 58.651958 9.054671 14.897102 15.984009 0.000000 1.551259 
30301.00 1466.86 100.138999 0.000000 58.644349 9.005233 14.919655 16.010650 0.000000 1.559112 
30201.00 1466.60 100.138999 0.000000 58.636598 8.955118 14.942518 16.037655 0.000000 1.567111 
30101.00 1466.34 100.138999 0.000000 58.628702 8.904312 14.965695 16.065032 0.000000 1.575259 
30001.00 1466.09 100.138999 0.000000 58.620659 8.852800 14.989193 16.092787 0.000000 1.583560 
29901.00 1465.83 100.138999 0.000000 58.612463 8.800569 15.013020 16.120930 0.000000 1.592017 
29801.00 1465.57 100.138999 0.000000 58.604112 8.747604 15.037183 16.149466 0.000000 1.600634 
29701.00 1465.31 100.138999 0.000000 58.595602 8.693888 15.061689 16.178405 0.000000 1.609415 
29601.00 1465.05 100.138999 0.000000 58.586929 8.639406 15.086545 16.207754 0.000000 1.618365 
29501.00 1464.79 100.138999 0.000000 58.578089 8.584143 15.111759 16.237522 0.000000 1.627486 
29401.00 1464.53 100.138999 0.000000 58.569078 8.528080 15.137339 16.267718 0.000000 1.636784 
29301.00 1464.27 100.138999 0.000000 58.559892 8.471202 15.163294 16.298349 0.000000 1.646262 
29201.00 1464.01 100.138999 0.000000 58.550526 8.413490 15.189631 16.329426 0.000000 1.655925 
29101.00 1463.75 100.138999 0.000000 58.540977 8.354927 15.216360 16.360958 0.000000 1.665778 
29001.00 1463.49 100.138999 0.000000 58.531238 8.295493 15.243489 16.392954 0.000000 1.675825 
28901.00 1463.22 100.138999 0.000000 58.521306 8.235169 15.271027 16.425425 0.000000 1.686072 
28801.00 1462.96 100.138999 0.000000 58.511176 8.173937 15.298984 16.458380 0.000000 1.696523 
28701.00 1462.70 100.138999 0.000000 58.500842 8.111774 15.327370 16.491830 0.000000 1.707183 
28601.00 1462.43 100.138999 0.000000 58.490299 8.048661 15.356194 16.525787 0.000000 1.718058 
28501.00 1462.17 100.138999 0.000000 58.479543 7.984575 15.385467 16.560260 0.000000 1.729154 
28401.00 1461.90 100.138999 0.000000 58.468567 7.919495 15.415199 16.595262 0.000000 1.740475 
28301.00 1461.63 100.138999 0.000000 58.457367 7.853397 15.445402 16.630805 0.000000 1.752029 
28201.00 1461.37 100.138999 0.000000 58.445935 7.786259 15.476086 16.666900 0.000000 1.763820 
28101.00 1461.10 100.138999 0.000000 58.434265 7.718054 15.507263 16.703561 0.000000 1.775856 
28001.00 1460.83 100.138999 0.000000 58.422353 7.648759 15.538945 16.740800 0.000000 1.788142 
27901.00 1460.56 100.138999 0.000000 58.410190 7.578348 15.571145 16.778630 0.000000 1.800686 
27801.00 1460.29 100.138999 0.000000 58.397771 7.506793 15.603875 16.817067 0.000000 1.813493 
27701.00 1460.02 100.138999 0.000000 58.385089 7.434067 15.637148 16.856123 0.000000 1.826572 
27601.00 1459.75 100.138999 0.000000 58.372135 7.360142 15.670978 16.895814 0.000000 1.839930 
27501.00 1459.48 100.138999 0.000000 58.358904 7.284988 15.705379 16.936154 0.000000 1.853574 
27401.00 1459.20 100.138999 0.000000 58.345386 7.208574 15.740366 16.977160 0.000000 1.867512 
27301.00 1458.93 100.138999 0.000000 58.331575 7.130870 15.775953 17.018848 0.000000 1.881753 
27201.00 1458.66 100.138999 0.000000 58.317462 7.051842 15.812156 17.061235 0.000000 1.896304 
27101.00 1458.38 100.138999 0.000000 58.303039 6.971458 15.848990 17.104338 0.000000 1.911174 
27001.00 1458.10 100.138999 0.000000 58.288297 6.889682 15.886473 17.148174 0.000000 1.926373 
26901.00 1457.83 100.138999 0.000000 58.273226 6.806478 15.924622 17.192763 0.000000 1.941910 
26801.00 1457.55 100.138999 0.000000 58.257817 6.721810 15.963454 17.238124 0.000000 1.957794 
26701.00 1457.27 100.138999 0.000000 58.242061 6.635638 16.002987 17.284277 0.000000 1.974036 
26601.00 1456.99 100.138999 0.000000 58.225948 6.547923 16.043241 17.331242 0.000000 1.990645 
26501.00 1456.71 100.138999 0.000000 58.209466 6.458624 16.084235 17.379041 0.000000 2.007633 
26401.00 1456.43 100.138999 0.000000 58.192606 6.367698 16.125989 17.427695 0.000000 2.025011 
26301.00 1456.14 100.138999 0.000000 58.175355 6.275100 16.168526 17.477228 0.000000 2.042790 
26201.00 1455.86 100.138999 0.000000 58.157702 6.180784 16.211866 17.527664 0.000000 2.060983 
26101.00 1455.58 100.138999 0.000000 58.139635 6.084704 16.256032 17.579027 0.000000 2.079602 
26001.00 1455.29 100.138999 0.000000 58.121141 5.986808 16.301048 17.631342 0.000000 2.098660 
25901.00 1455.00 100.138999 0.000000 58.102207 5.887046 16.346938 17.684637 0.000000 2.118170 
25801.00 1454.71 100.138999 0.000000 58.082819 5.785365 16.393729 17.738939 0.000000 2.138147 
25701.00 1454.42 100.138999 0.000000 58.062963 5.681709 16.441445 17.794277 0.000000 2.158605 
25601.00 1454.13 100.138999 0.000000 58.042625 5.576020 16.490115 17.850680 0.000000 2.179559 
25501.00 1453.84 100.138999 0.000000 58.021788 5.468239 16.539767 17.908180 0.000000 2.201026 
25401.00 1453.55 100.138999 0.000000 58.000437 5.358303 16.590431 17.966808 0.000000 2.223020 
25301.00 1453.25 100.138999 0.000000 57.978556 5.246148 16.642137 18.026598 0.000000 2.245561 
25201.00 1452.96 100.138999 0.000000 57.956127 5.131705 16.694918 18.087584 0.000000 2.268664 
25101.00 1452.66 100.138999 0.000000 57.933131 5.014906 16.748807 18.149804 0.000000 2.292350 
25001.00 1452.36 100.138999 0.000000 57.909550 4.895677 16.803839 18.213295 0.000000 2.316637 
24901.00 1452.06 100.138999 0.000000 57.885365 4.773942 16.860050 18.278097 0.000000 2.341545 
24801.00 1451.76 100.138999 0.000000 57.860554 4.649622 16.917477 18.344250 0.000000 2.367096 
24701.00 1451.45 100.138999 0.000604 57.834670 4.523184 16.977362 18.409953 0.000000 2.393226 
24601.00 1451.10 100.138999 0.011354 57.801055 4.403263 17.058573 18.446171 0.000000 2.418583 
24501.00 1450.75 100.138999 0.022276 57.766820 4.280715 17.141192 18.483420 0.000000 2.444577 
24401.00 1450.40 100.138999 0.033372 57.731945 4.155457 17.225257 18.521740 0.000000 2.471228 
24301.00 1450.04 100.138999 0.044645 57.696411 4.027399 17.310807 18.561177 0.000000 2.498560 
24201.00 1449.69 100.138999 0.056096 57.660198 3.896449 17.397885 18.601775 0.000000 2.526597 
24101.00 1449.33 100.138999 0.067727 57.623285 3.762510 17.486533 18.643583 0.000000 2.555362 
24001.00 1448.96 100.138999 0.079539 57.585650 3.625482 17.576796 18.686651 0.000000 2.584881 
23901.00 1448.60 100.138999 0.091534 57.547270 3.485259 17.668722 18.731031 0.000000 2.615183 
23801.00 1448.23 100.138999 0.103714 57.508119 3.341731 17.762360 18.776780 0.000000 2.646294 
23701.00 1447.86 100.138999 0.116080 57.468174 3.194784 17.857761 18.823956 0.000000 2.678245 
23601.00 1447.49 100.138999 0.128633 57.427406 3.044295 17.954979 18.872619 0.000000 2.711067 
23501.00 1447.12 100.138999 0.141373 57.385788 2.890140 18.054071 18.922836 0.000000 2.744792 
23401.00 1446.74 100.138999 0.154303 57.343290 2.732185 18.155094 18.974672 0.000000 2.779454 
23301.00 1446.36 100.138999 0.167422 57.299882 2.570292 18.258112 19.028201 0.000000 2.815089 
23201.00 1445.98 100.138999 0.180731 57.255531 2.404316 18.363188 19.083497 0.000000 2.851736 
23101.00 1445.59 100.138999 0.194230 57.210203 2.234103 18.470391 19.140640 0.000000 2.889432 
23001.00 1445.20 100.138999 0.207920 57.163861 2.059493 18.579790 19.199714 0.000000 2.928221 
22901.00 1444.81 100.138999 0.221798 57.116468 1.880318 18.691461 19.260808 0.000000 2.968146 
22801.00 1444.42 100.138999 0.235865 57.067984 1.696401 18.805481 19.324015 0.000000 3.009252 
22701.00 1444.02 100.138999 0.250120 57.018367 1.507556 18.921933 19.389435 0.000000 3.051590 
22601.00 1443.62 100.138999 0.264560 56.967572 1.313586 19.040901 19.457171 0.000000 3.095208 
22501.00 1443.21 100.138999 0.279185 56.915554 1.114285 19.162477 19.527337 0.000000 3.140162 
22401.00 1442.81 100.138999 0.293990 56.862261 0.909436 19.286755 19.600048 0.000000 3.186509 
22301.00 1442.39 100.138999 0.308973 56.807643 0.698810 19.413835 19.675431 0.000000 3.234307 
22201.00 1441.98 100.138999 0.324130 56.751644 0.482164 19.543821 19.753618 0.000000 3.283622 
22101.00 1441.56 100.138999 0.339456 56.694206 0.259245 19.676824 19.834749 0.000000 3.334519 
22001.00 1441.14 100.138999 0.354946 56.635267 0.029781 19.812960 19.918976 0.000000 3.387070 
21901.00 1440.75 100.138999 0.388259 56.608790 0.000000 19.852567 19.895573 0.000000 3.393810 
21801.00 1440.37 100.138999 0.424659 56.587358 0.000000 19.877629 19.855707 0.000000 3.393645 
21701.00 1439.99 100.138999 0.461598 56.566108 0.000000 19.902529 19.815349 0.000000 3.393415 
21601.00 1439.61 100.138999 0.499090 56.545043 0.000000 19.927264 19.774484 0.000000 3.393117 
21501.00 1439.23 100.138999 0.537149 56.524170 0.000000 19.951835 19.733094 0.000000 3.392751 
21401.00 1438.84 100.138999 0.575791 56.503492 0.000000 19.976240 19.691163 0.000000 3.392313 
21301.00 1438.45 100.138999 0.615029 56.483016 0.000000 20.000479 19.648671 0.000000 3.391803 
21201.00 1438.06 100.138999 0.654881 56.462746 0.000000 20.024552 19.605601 0.000000 3.391218 
21101.00 1437.67 100.138999 0.695363 56.442688 0.000000 20.048458 19.561933 0.000000 3.390557 
21001.00 1437.27 100.138999 0.736491 56.422848 0.000000 20.072197 19.517647 0.000000 3.389817 
20901.00 1436.88 100.138999 0.778282 56.403232 0.000000 20.095768 19.472722 0.000000 3.388996 
20801.00 1436.48 100.138999 0.820753 56.383845 0.000000 20.119173 19.427136 0.000000 3.388092 
20701.00 1436.08 100.138999 0.863925 56.364695 0.000000 20.142410 19.380867 0.000000 3.387102 
20601.00 1435.67 100.138999 0.907814 56.345787 0.000000 20.165481 19.333892 0.000000 3.386025 
20501.00 1435.27 100.138999 0.952440 56.327129 0.000000 20.188385 19.286186 0.000000 3.384859 
20401.00 1434.86 100.138999 0.997823 56.308728 0.000000 20.211124 19.237725 0.000000 3.383599 
20301.00 1434.45 100.138999 1.043983 56.290591 0.000000 20.233697 19.188483 0.000000 3.382245 
20201.00 1434.03 100.095976 1.047563 56.272600 0.000000 20.256179 19.138795 0.000000 3.380838 
20101.00 1433.62 100.048901 1.047514 56.254749 0.000000 20.278575 19.088683 0.000000 3.379380 
20001.00 1433.20 100.001401 1.047469 56.237041 0.000000 20.300885 19.038135 0.000000 3.377871 
19901.00 1432.79 99.953467 1.047427 56.219477 0.000000 20.323111 18.987143 0.000000 3.376308 
19801.00 1432.37 99.905090 1.047389 56.202060 0.000000 20.345254 18.935694 0.000000 3.374693 
19701.00 1431.95 99.856263 1.047355 56.184794 0.000000 20.367313 18.883779 0.000000 3.373022 
19601.00 1431.53 99.806978 1.047326 56.167682 0.000000 20.389290 18.831385 0.000000 3.371295 
19501.00 1431.10 99.757224 1.047300 56.150727 0.000000 20.411187 18.778500 0.000000 3.369511 
19401.00 1430.68 99.706994 1.047279 56.133931 0.000000 20.433003 18.725112 0.000000 3.367668 
19301.00 1430.25 99.656277 1.047263 56.117298 0.000000 20.454742 18.671209 0.000000 3.365766 
19201.00 1429.83 99.605065 1.047251 56.100831 0.000000 20.476403 18.616777 0.000000 3.363803 
19101.00 1429.40 99.553347 1.047245 56.084534 0.000000 20.497990 18.561801 0.000000 3.361778 
19001.00 1428.97 99.501114 1.047243 56.068409 0.000000 20.519503 18.506269 0.000000 3.359689 
18901.00 1428.53 99.448354 1.047247 56.052462 0.000000 20.540945 18.450165 0.000000 3.357535 
18801.00 1428.10 99.395057 1.047257 56.036695 0.000000 20.562318 18.393474 0.000000 3.355314 
18701.00 1427.66 99.341213 1.047272 56.021112 0.000000 20.583624 18.336179 0.000000 3.353026 
18601.00 1427.22 99.286809 1.047293 56.005717 0.000000 20.604866 18.278265 0.000000 3.350668 
18501.00 1426.78 99.231834 1.047321 55.990514 0.000000 20.626046 18.219714 0.000000 3.348239 
18401.00 1426.34 99.176276 1.047355 55.975507 0.000000 20.647168 18.160509 0.000000 3.345737 
18301.00 1425.90 99.120123 1.047395 55.960700 0.000000 20.668234 18.100631 0.000000 3.343162 
18201.00 1425.45 99.063361 1.047443 55.946099 0.000000 20.689248 18.040061 0.000000 3.340510 
18101.00 1425.00 99.005978 1.047498 55.931706 0.000000 20.710214 17.978780 0.000000 3.337781 
18001.00 1424.55 98.947960 1.047560 55.917528 0.000000 20.731134 17.916766 0.000000 3.334972 
17901.00 1424.10 98.889293 1.047630 55.903568 0.000000 20.752014 17.854000 0.000000 3.332082 
17801.00 1423.65 98.829963 1.047708 55.889833 0.000000 20.772857 17.790457 0.000000 3.329108 
17701.00 1423.19 98.769955 1.047794 55.876326 0.000000 20.793669 17.726117 0.000000 3.326049 
17601.00 1422.73 98.709253 1.047889 55.863053 0.000000 20.814453 17.660954 0.000000 3.322903 
17501.00 1422.27 98.647842 1.047993 55.850021 0.000000 20.835215 17.594945 0.000000 3.319668 
17401.00 1421.81 98.585706 1.048107 55.837233 0.000000 20.855960 17.528064 0.000000 3.316341 
17301.00 1421.34 98.522828 1.048230 55.824697 0.000000 20.876695 17.460285 0.000000 3.312921 
17201.00 1420.87 98.459190 1.048363 55.812419 0.000000 20.897424 17.391580 0.000000 3.309404 
17101.00 1420.40 98.394774 1.048507 55.800404 0.000000 20.918153 17.321921 0.000000 3.305789 
17001.00 1419.93 98.329563 1.048661 55.788660 0.000000 20.938891 17.251278 0.000000 3.302073 
16901.00 1419.45 98.263538 1.048827 55.777193 0.000000 20.959643 17.179621 0.000000 3.298254 
16801.00 1418.97 98.196678 1.049004 55.766010 0.000000 20.980416 17.106919 0.000000 3.294329 
16701.00 1418.49 98.128963 1.049194 55.755118 0.000000 21.001218 17.033138 0.000000 3.290295 
16601.00 1418.00 98.060373 1.049396 55.744526 0.000000 21.022056 16.958245 0.000000 3.286150 
16501.00 1417.51 97.990886 1.049611 55.734240 0.000000 21.042940 16.882204 0.000000 3.281890 
16401.00 1417.02 97.920479 1.049840 55.724269 0.000000 21.063876 16.804980 0.000000 3.277514 
16301.00 1416.53 97.849130 1.050083 55.714622 0.000000 21.084874 16.726534 0.000000 3.273016 
16201.00 1416.03 97.776815 1.050341 55.705307 0.000000 21.105943 16.646828 0.000000 3.268396 
16101.00 1415.53 97.703509 1.050614 55.696333 0.000000 21.127092 16.565822 0.000000 3.263648 
16001.00 1415.03 97.629187 1.050903 55.687710 0.000000 21.148331 16.483473 0.000000 3.258771 
15901.00 1414.52 97.553823 1.051208 55.679448 0.000000 21.169669 16.399739 0.000000 3.253759 
15801.00 1414.01 97.477389 1.051530 55.671557 0.000000 21.191116 16.314575 0.000000 3.248611 
15701.00 1413.49 97.399857 1.051870 55.664048 0.000000 21.212683 16.227935 0.000000 3.243321 
15601.00 1412.97 97.321199 1.052228 55.656932 0.000000 21.234380 16.139773 0.000000 3.237886 
15501.00 1412.45 97.241385 1.052606 55.650220 0.000000 21.256218 16.050038 0.000000 3.232303 
15401.00 1411.93 97.160383 1.053003 55.643924 0.000000 21.278208 15.958682 0.000000 3.226566 
15301.00 1411.40 97.078161 1.053421 55.638058 0.000000 21.300359 15.865651 0.000000 3.220672 
15201.00 1410.86 96.994686 1.053861 55.632633 0.000000 21.322683 15.770893 0.000000 3.214616 
15101.00 1410.32 96.909925 1.054323 55.627665 0.000000 21.345190 15.674353 0.000000 3.208393 
15001.00 1409.78 96.823840 1.054808 55.623166 0.000000 21.367891 15.575975 0.000000 3.201999 
14901.00 1409.23 96.736397 1.055317 55.619153 0.000000 21.390796 15.475702 0.000000 3.195430 
14801.00 1408.68 96.647556 1.055850 55.615639 0.000000 21.413915 15.373473 0.000000 3.188678 
14701.00 1408.12 96.557278 1.056410 55.612642 0.000000 21.437257 15.269229 0.000000 3.181740 
14601.00 1407.56 96.465523 1.056997 55.610178 0.000000 21.460830 15.162908 0.000000 3.174610 
14501.00 1406.99 96.372249 1.057611 55.608265 0.000000 21.484643 15.054448 0.000000 3.167282 
14401.00 1406.42 96.277412 1.058255 55.606920 0.000000 21.508702 14.943785 0.000000 3.159750 
14301.00 1405.84 96.180967 1.058928 55.606164 0.000000 21.533012 14.830854 0.000000 3.152009 
14201.00 1405.26 96.082867 1.059633 55.606016 0.000000 21.557580 14.715588 0.000000 3.144051 
14101.00 1404.67 95.983065 1.060370 55.606496 0.000000 21.582406 14.597923 0.000000 3.135870 
14001.00 1404.08 95.881511 1.061140 55.607627 0.000000 21.607492 14.477792 0.000000 3.127460 
13901.00 1403.48 95.778152 1.061945 55.609432 0.000000 21.632836 14.355126 0.000000 3.118813 
13801.00 1402.87 95.672937 1.062786 55.611933 0.000000 21.658436 14.229860 0.000000 3.109923 
13701.00 1402.26 95.565809 1.063664 55.615155 0.000000 21.684283 14.101926 0.000000 3.100781 
13601.00 1401.64 95.456712 1.064581 55.619125 0.000000 21.710369 13.971258 0.000000 3.091379 
13501.00 1401.01 95.345587 1.065537 55.623869 0.000000 21.736681 13.837790 0.000000 3.081710 
13401.00 1400.38 95.232373 1.066535 55.629415 0.000000 21.763200 13.701457 0.000000 3.071766 
13301.00 1399.74 95.117008 1.067575 55.635793 0.000000 21.789907 13.562197 0.000000 3.061537 
13201.00 1399.09 94.999428 1.068659 55.643033 0.000000 21.816773 13.419948 0.000000 3.051015 
13101.00 1398.44 94.879564 1.069788 55.651166 0.000000 21.843769 13.274651 0.000000 3.040190 
13001.00 1397.77 94.757350 1.070964 55.660228 0.000000 21.870856 13.126249 0.000000 3.029053 
12901.00 1397.10 94.632713 1.072188 55.670251 0.000000 21.897992 12.974688 0.000000 3.017594 
12801.00 1396.42 94.505581 1.073461 55.681272 0.000000 21.925127 12.819918 0.000000 3.005803 
12701.00 1395.73 94.375879 1.074785 55.693329 0.000000 21.952203 12.661892 0.000000 2.993670 
12601.00 1395.03 94.243529 1.076161 55.706462 0.000000 21.979157 12.500567 0.000000 2.981183 
12501.00 1394.33 94.108453 1.077590 55.720710 0.000000 22.005917 12.335905 0.000000 2.968332 
12401.00 1393.61 93.970569 1.079073 55.736116 0.000000 22.032402 12.167872 0.000000 2.955105 
12301.00 1392.88 93.829793 1.080613 55.752726 0.000000 22.058523 11.996440 0.000000 2.941491 
12201.00 1392.15 93.686041 1.082209 55.770584 0.000000 22.084185 11.821585 0.000000 2.927478 
12101.00 1391.40 93.539225 1.083862 55.789738 0.000000 22.109281 11.643290 0.000000 2.913054 
12001.00 1390.64 93.389255 1.085574 55.810238 0.000000 22.133696 11.461541 0.000000 2.898205 
11901.00 1389.87 93.236041 1.087345 55.832136 0.000000 22.157307 11.276332 0.000000 2.882920 
11801.00 1389.09 93.079491 1.089176 55.855484 0.000000 22.179983 11.087662 0.000000 2.867186 
11701.00 1388.30 92.919510 1.091066 55.880337 0.000000 22.201582 10.895535 0.000000 2.850990 
11601.00 1387.49 92.756004 1.093016 55.906753 0.000000 22.221957 10.699960 0.000000 2.834318 
11501.00 1386.67 92.588876 1.095026 55.934789 0.000000 22.240951 10.500952 0.000000 2.817158 
11401.00 1385.84 92.418030 1.097094 55.964507 0.000000 22.258402 10.298531 0.000000 2.799496 
11301.00 1385.00 92.243370 1.099220 55.995968 0.000000 22.274141 10.092723 0.000000 2.781319 
11201.00 1384.14 92.064798 1.101401 56.029235 0.000000 22.287992 9.883556 0.000000 2.762614 
11101.00 1383.26 91.882219 1.103635 56.064374 0.000000 22.299776 9.671066 0.000000 2.743368 
11001.00 1382.38 91.695539 1.105920 56.101451 0.000000 22.309308 9.455290 0.000000 2.723570 
10901.00 1381.47 91.504666 1.108252 56.140534 0.000000 22.316403 9.236271 0.000000 2.703206 
10801.00 1380.56 91.309509 1.110625 56.181689 0.000000 22.320872 9.014058 0.000000 2.682265 
10701.00 1379.62 91.109984 1.113034 56.224986 0.000000 22.322525 8.788701 0.000000 2.660738 
10601.00 1378.67 90.906010 1.115473 56.270494 0.000000 22.321173 8.560258 0.000000 2.638613 
10501.00 1377.70 90.697512 1.117932 56.318280 0.000000 22.316628 8.328790 0.000000 2.615882 
10401.00 1376.72 90.484425 1.120402 56.368411 0.000000 22.308708 8.094366 0.000000 2.592538 
10301.00 1375.72 90.266689 1.122873 56.420954 0.000000 22.297230 7.857058 0.000000 2.568574 
10201.00 1374.70 90.044259 1.125330 56.475972 0.000000 22.282020 7.616949 0.000000 2.543987 
10101.00 1373.67 89.817100 1.127761 56.533526 0.000000 22.262911 7.374127 0.000000 2.518775 
10001.00 1372.62 89.585191 1.130147 56.593672 0.000000 22.239745 7.128691 0.000000 2.492937 
9901.00 1371.55 89.348530 1.132471 56.656461 0.000000 22.212373 6.880749 0.000000 2.466476 
9801.00 1370.46 89.107130 1.134712 56.721941 0.000000 22.180659 6.630421 0.000000 2.439397 
9701.00 1369.36 88.861029 1.136848 56.790150 0.000000 22.144482 6.377839 0.000000 2.411710 
9601.00 1368.24 88.610284 1.138855 56.861120 0.000000 22.103735 6.123148 0.000000 2.383426 
9501.00 1367.10 88.354978 1.140708 56.934872 0.000000 22.058329 5.866509 0.000000 2.354560 
9401.00 1365.94 88.095222 1.142380 57.011419 0.000000 22.008195 5.608097 0.000000 2.325132 
9301.00 1364.77 87.831154 1.143842 57.090761 0.000000 21.953285 5.348101 0.000000 2.295165 
9201.00 1363.59 87.562942 1.145067 57.172885 0.000000 21.893574 5.086729 0.000000 2.264686 
9101.00 1362.39 87.290783 1.146025 57.257768 0.000000 21.829061 4.824202 0.000000 2.233728 
9001.00 1361.18 87.014907 1.146688 57.345370 0.000000 21.759768 4.560757 0.000000 2.202324 
8901.00 1359.95 86.735575 1.147030 57.435637 0.000000 21.685747 4.296646 0.000000 2.170515 
8801.00 1358.71 86.453075 1.147025 57.528502 0.000000 21.607074 4.032132 0.000000 2.138343 
8701.00 1357.47 86.167727 1.146649 57.623881 0.000000 21.523852 3.767490 0.000000 2.105855 
8601.00 1356.21 85.879877 1.145882 57.721677 0.000000 21.436212 3.503004 0.000000 2.073102 
8501.00 1354.94 85.589894 1.144707 57.821777 0.000000 21.344310 3.238965 0.000000 2.040135 
8401.00 1353.67 85.298169 1.143109 57.924057 0.000000 21.248326 2.975668 0.000000 2.007008 
8301.00 1352.40 85.005110 1.141081 58.028379 0.000000 21.148463 2.713408 0.000000 1.973780 
8201.00 1351.12 84.711141 1.138615 58.134592 0.000000 21.044948 2.452480 0.000000 1.940507 
8101.00 1349.84 84.416693 1.135711 58.242537 0.000000 20.938023 2.193176 0.000000 1.907247 
8001.00 1348.55 84.122205 1.132371 58.352046 0.000000 20.827950 1.935778 0.000000 1.874060 
7901.00 1347.27 83.828115 1.128602 58.462943 0.000000 20.715004 1.680563 0.000000 1.841002 
7801.00 1346.00 83.534861 1.124415 58.575046 0.000000 20.599472 1.427794 0.000000 1.808133 
7701.00 1344.73 83.242875 1.119823 58.688169 0.000000 20.481651 1.177725 0.000000 1.775508 
7601.00 1343.46 82.952578 1.114841 58.802122 0.000000 20.361843 0.930591 0.000000 1.743180 
7501.00 1342.20 82.664381 1.109489 58.916715 0.000000 20.240356 0.686617 0.000000 1.711204 
7401.00 1340.95 82.378679 1.103786 59.031755 0.000000 20.117499 0.446010 0.000000 1.679629 
7301.00 1339.71 82.095851 1.097756 59.147052 0.000000 19.993582 0.208960 0.000000 1.648503 
7201.00 1338.55 81.816258 1.075382 59.256395 0.000000 19.865195 0.000000 0.000000 1.619286 
7101.00 1337.98 81.556440 0.933058 59.313636 0.000000 19.707138 0.000000 0.000000 1.602608 
7001.00 1337.41 81.437760 0.931609 59.371425 0.000000 19.548618 0.000000 0.000000 1.586108 
6901.00 1336.83 81.319344 0.930207 59.429783 0.000000 19.389575 0.000000 0.000000 1.569780 
6801.00 1336.26 81.201149 0.928851 59.488733 0.000000 19.229948 0.000000 0.000000 1.553617 
6701.00 1335.69 81.083129 0.927541 59.548294 0.000000 19.069679 0.000000 0.000000 1.537615 
6601.00 1335.12 80.965240 0.926275 59.608489 0.000000 18.908709 0.000000 0.000000 1.521768 
6501.00 1334.55 80.847440 0.925050 59.669340 0.000000 18.746979 0.000000 0.000000 1.506071 
6401.00 1333.98 80.729687 0.923866 59.730868 0.000000 18.584433 0.000000 0.000000 1.490520 
6301.00 1333.41 80.611941 0.922720 59.793095 0.000000 18.421016 0.000000 0.000000 1.475110 
6201.00 1332.84 80.494163 0.921609 59.856042 0.000000 18.256674 0.000000 0.000000 1.459838 
6101.00 1332.27 80.376317 0.920533 59.919729 0.000000 18.091356 0.000000 0.000000 1.444699 
6001.00 1331.70 80.258367 0.919488 59.984177 0.000000 17.925012 0.000000 0.000000 1.429691 
5901.00 1331.13 80.140282 0.918471 60.049404 0.000000 17.757597 0.000000 0.000000 1.414810 
5801.00 1330.56 80.022032 0.917480 60.115429 0.000000 17.589067 0.000000 0.000000 1.400056 
5701.00 1329.98 79.903588 0.916511 60.182268 0.000000 17.419383 0.000000 0.000000 1.385425 
5601.00 1329.41 79.784926 0.915561 60.249938 0.000000 17.248510 0.000000 0.000000 1.370917 
5501.00 1328.84 79.666025 0.914626 60.318451 0.000000 17.076417 0.000000 0.000000 1.356531 
5401.00 1328.26 79.546867 0.913703 60.387819 0.000000 16.903079 0.000000 0.000000 1.342266 
5301.00 1327.68 79.427439 0.912787 60.458053 0.000000 16.728477 0.000000 0.000000 1.328123 
5201.00 1327.10 79.307730 0.911873 60.529158 0.000000 16.552597 0.000000 0.000000 1.314103 
5101.00 1326.52 79.187734 0.910957 60.601139 0.000000 16.375432 0.000000 0.000000 1.300206 
5001.00 1325.94 79.067451 0.910035 60.673997 0.000000 16.196983 0.000000 0.000000 1.286436 
4901.00 1325.36 78.946885 0.909101 60.747730 0.000000 16.017260 0.000000 0.000000 1.272794 
4801.00 1324.77 78.826045 0.908149 60.822332 0.000000 15.836280 0.000000 0.000000 1.259284 
4701.00 1324.19 78.704946 0.907174 60.897793 0.000000 15.654068 0.000000 0.000000 1.245910 
4601.00 1323.60 78.583608 0.906171 60.974099 0.000000 15.470661 0.000000 0.000000 1.232676 
4501.00 1323.01 78.462057 0.905135 61.051232 0.000000 15.286105 0.000000 0.000000 1.219586 
4401.00 1322.43 78.340325 0.904058 61.129167 0.000000 15.100454 0.000000 0.000000 1.206646 
4301.00 1321.84 78.218452 0.902937 61.207879 0.000000 14.913775 0.000000 0.000000 1.193861 
4201.00 1321.25 78.096479 0.901765 61.287334 0.000000 14.726142 0.000000 0.000000 1.181238 
4101.00 1320.65 77.974459 0.900539 61.367495 0.000000 14.537641 0.000000 0.000000 1.168784 
4001.00 1320.06 77.852444 0.899252 61.448320 0.000000 14.348368 0.000000 0.000000 1.156505 
3901.00 1319.47 77.730497 0.897901 61.529762 0.000000 14.158427 0.000000 0.000000 1.144407 
3801.00 1318.88 77.503391 0.789400 61.609907 0.000000 13.971495 0.000000 0.000000 1.132588 
3701.00 1318.29 77.488880 0.895083 61.692476 0.000000 13.780451 0.000000 0.000000 1.120868 
3601.00 1317.70 77.367471 0.893518 61.775498 0.000000 13.589103 0.000000 0.000000 1.109352 
3501.00 1317.11 77.246417 0.891880 61.858910 0.000000 13.397581 0.000000 0.000000 1.098046 
3401.00 1316.51 77.125795 0.890169 61.942651 0.000000 13.206020 0.000000 0.000000 1.086955 
3301.00 1315.92 77.005683 0.888385 62.026655 0.000000 13.014556 0.000000 0.000000 1.076087 
3201.00 1315.34 76.886160 0.886531 62.110857 0.000000 12.823326 0.000000 0.000000 1.065445 
3101.00 1314.75 76.767302 0.884609 62.195190 0.000000 12.632467 0.000000 0.000000 1.055036 
3001.00 1314.16 76.649185 0.882622 62.279589 0.000000 12.442111 0.000000 0.000000 1.044863 
2901.00 1313.58 76.531882 0.880577 62.363989 0.000000 12.252386 0.000000 0.000000 1.034929 
2801.00 1313.00 76.415459 0.878478 62.448329 0.000000 12.063415 0.000000 0.000000 1.025238 
2701.00 1312.42 76.299981 0.876331 62.532549 0.000000 11.875311 0.000000 0.000000 1.015790 
2601.00 1311.84 76.185505 0.874145 62.616594 0.000000 11.688179 0.000000 0.000000 1.006587 
2501.00 1311.27 76.072081 0.871926 62.700412 0.000000 11.502114 0.000000 0.000000 0.997628 
2401.00 1310.70 75.959753 0.869683 62.783957 0.000000 11.317199 0.000000 0.000000 0.988914 
2301.00 1310.13 75.848555 0.867424 62.867186 0.000000 11.133502 0.000000 0.000000 0.980443 
2201.00 1309.56 75.738517 0.865159 62.950066 0.000000 10.951080 0.000000 0.000000 0.972212 
2101.00 1309.00 75.629655 0.862895 63.032565 0.000000 10.769975 0.000000 0.000000 0.964219 
2001.00 1308.44 75.521979 0.860644 63.114662 0.000000 10.590214 0.000000 0.000000 0.956459 
1901.00 1307.89 75.415490 0.858413 63.196340 0.000000 10.411808 0.000000 0.000000 0.948929 
1801.00 1307.33 75.310179 0.856211 63.277590 0.000000 10.234753 0.000000 0.000000 0.941624 
1701.00 1306.78 75.206028 0.854049 63.358410 0.000000 10.059030 0.000000 0.000000 0.934539 
1601.00 1306.23 75.103010 0.851934 63.438806 0.000000 9.884602 0.000000 0.000000 0.927668 
1501.00 1305.69 75.001086 0.849876 63.518789 0.000000 9.711417 0.000000 0.000000 0.921004 
1401.00 1305.14 74.900212 0.847884 63.598381 0.000000 9.539404 0.000000 0.000000 0.914543 
1301.00 1304.60 74.800331 0.845967 63.677609 0.000000 9.368480 0.000000 0.000000 0.908276 
1201.00 1304.06 74.701378 0.844133 63.756510 0.000000 9.198538 0.000000 0.000000 0.902197 
1101.00 1303.52 74.603278 0.842391 63.835129 0.000000 9.029459 0.000000 0.000000 0.896300 
1001.00 1302.98 74.505947 0.840752 63.913518 0.000000 8.861100 0.000000 0.000000 0.890576 
901.00 1302.45 74.409288 0.839225 63.991741 0.000000 8.693302 0.000000 0.000000 0.885020 
801.00 1301.91 74.313195 0.837820 64.069870 0.000000 8.525882 0.000000 0.000000 0.879623 
701.00 1301.37 74.217551 0.836549 64.147989 0.000000 8.358635 0.000000 0.000000 0.874378 
601.00 1300.83 74.122224 0.835424 64.226191 0.000000 8.191330 0.000000 0.000000 0.869279 
501.00 1300.29 74.027071 0.834460 64.304586 0.000000 8.023708 0.000000 0.000000 0.864317 
401.00 1299.75 73.931930 0.833672 64.383295 0.000000 7.855478 0.000000 0.000000 0.859485 
301.00 1299.20 73.836624 0.833078 64.462458 0.000000 7.686312 0.000000 0.000000 0.854775 
201.00 1298.65 73.740956 0.832699 64.542234 0.000000 7.515842 0.000000 0.000000 0.850181 
101.00 1298.10 73.644704 0.832560 64.622802 0.000000 7.343647 0.000000 0.000000 0.845694 
1.00 1297.54 73.547620 0.832690 64.704370 0.000000 7.169253 0.000000 0.000000 0.841307 
