Title: Depleted MORB Mantle of Workmann & Hart 2005

Liquid Composition:
Pressure Temperature mass SiO2 TiO2 Al2O3 Fe2O3 Cr2O3 FeO MnO MgO NiO CaO Na2O 
44001.00 1558.52 1.107284 40.1207 1.5999 1.34921 0.61768 0.552994 17.7984 0.173742 26.2166 0.116007 4.04028 7.4145
43901.00 1558.30 0.996169 40.1266 1.60036 1.37044 0.61701 0.554079 17.7754 0.173396 26.1959 0.115747 4.04686 7.42419
43801.00 1558.08 0.992098 40.1324 1.60079 1.39195 0.616347 0.555148 17.7524 0.173046 26.1752 0.115484 4.05351 7.43371
43701.00 1557.85 0.988105 40.1383 1.6012 1.41374 0.615691 0.5562 17.7293 0.17269 26.1544 0.115217 4.06022 7.44306
43601.00 1557.63 0.984191 40.1441 1.60157 1.43582 0.61504 0.557235 17.7062 0.172329 26.1336 0.114948 4.06699 7.45222
43501.00 1557.41 0.980356 40.1498 1.60192 1.45818 0.614397 0.558252 17.6831 0.171964 26.1127 0.114675 4.07382 7.46121
43401.00 1557.19 0.976600 40.1556 1.60223 1.48083 0.613759 0.559252 17.6599 0.171593 26.0917 0.114399 4.08072 7.47002
43301.00 1556.96 0.972923 40.1613 1.60252 1.50378 0.613128 0.560234 17.6367 0.171217 26.0707 0.11412 4.08769 7.47864
43201.00 1556.74 0.969326 40.167 1.60278 1.52701 0.612504 0.561198 17.6134 0.170837 26.0496 0.113837 4.09472 7.48707
43101.00 1556.51 0.965808 40.1726 1.603 1.55054 0.611886 0.562143 17.5901 0.170451 26.0285 0.113552 4.10182 7.49532
43001.00 1556.29 0.962369 40.1783 1.6032 1.57436 0.611274 0.56307 17.5668 0.17006 26.0074 0.113263 4.10899 7.50338
42901.00 1556.06 0.959010 40.1839 1.60336 1.59848 0.61067 0.563977 17.5434 0.169664 25.9861 0.112971 4.11622 7.51126
42801.00 1555.83 0.955731 40.1894 1.60349 1.6229 0.610072 0.564865 17.52 0.169264 25.9648 0.112676 4.12353 7.51893
42701.00 1555.61 0.952531 40.195 1.60359 1.64762 0.60948 0.565734 17.4965 0.168858 25.9435 0.112378 4.1309 7.52642
42601.00 1555.38 0.949412 40.2005 1.60366 1.67265 0.608895 0.566582 17.473 0.168447 25.9221 0.112076 4.13835 7.53371
42501.00 1555.15 0.946373 40.206 1.6037 1.69798 0.608317 0.56741 17.4495 0.168031 25.9006 0.111771 4.14587 7.5408
42401.00 1554.92 0.943414 40.2114 1.60371 1.72362 0.607746 0.568218 17.426 0.16761 25.8791 0.111463 4.15345 7.5477
42301.00 1554.69 0.940535 40.2168 1.60368 1.74956 0.607181 0.569004 17.4023 0.167183 25.8575 0.111152 4.16112 7.55439
42201.00 1554.46 0.937737 40.2222 1.60362 1.77582 0.606624 0.56977 17.3787 0.166752 25.8359 0.110838 4.16885 7.56088
42101.00 1554.23 0.935020 40.2276 1.60353 1.80239 0.606073 0.570514 17.355 0.166316 25.8142 0.11052 4.17667 7.56717
42001.00 1554.00 0.932384 40.2329 1.6034 1.82927 0.605528 0.571236 17.3313 0.165874 25.7925 0.110199 4.18455 7.57325
41901.00 1553.77 0.929829 40.2382 1.60325 1.85647 0.604991 0.571936 17.3075 0.165428 25.7706 0.109875 4.19251 7.57913
41801.00 1553.54 0.927356 40.2435 1.60305 1.88398 0.604461 0.572614 17.2837 0.164977 25.7488 0.109548 4.20055 7.58479
41701.00 1553.31 0.924964 40.2488 1.60283 1.91181 0.603937 0.573269 17.2599 0.16452 25.7268 0.109218 4.20867 7.59025
41601.00 1553.07 0.922655 40.254 1.60257 1.93996 0.60342 0.573901 17.236 0.164058 25.7048 0.108884 4.21687 7.59549
41501.00 1552.84 0.920428 40.2592 1.60228 1.96843 0.60291 0.574509 17.2121 0.163592 25.6828 0.108548 4.22514 7.60052
41401.00 1552.61 0.918283 40.2643 1.60195 1.99723 0.602408 0.575094 17.1882 0.16312 25.6607 0.108208 4.2335 7.60533
41301.00 1552.37 0.916222 40.2695 1.60159 2.02634 0.601912 0.575655 17.1642 0.162644 25.6385 0.107865 4.24194 7.60992
41201.00 1552.14 0.914243 40.2746 1.60119 2.05578 0.601423 0.576192 17.1401 0.162162 25.6163 0.107519 4.25045 7.6143
41101.00 1551.90 0.912348 40.2797 1.60076 2.08555 0.600941 0.576704 17.1161 0.161676 25.594 0.10717 4.25906 7.61845
41001.00 1551.67 0.910537 40.2847 1.60029 2.11564 0.600465 0.577192 17.092 0.161184 25.5716 0.106817 4.26774 7.62239
40901.00 1551.43 0.908810 40.2897 1.59979 2.14607 0.599997 0.577654 17.0678 0.160688 25.5492 0.106462 4.27651 7.62609
40801.00 1551.19 0.907167 40.2947 1.59925 2.17682 0.599536 0.578091 17.0436 0.160186 25.5267 0.106103 4.28536 7.62957
40701.00 1550.95 0.905609 40.2997 1.59868 2.2079 0.599082 0.578502 17.0194 0.15968 25.5042 0.105742 4.2943 7.63283
40601.00 1550.72 0.904137 40.3046 1.59807 2.23931 0.598635 0.578887 16.9952 0.159169 25.4815 0.105377 4.30333 7.63585
40501.00 1550.48 0.902750 40.3096 1.59743 2.27105 0.598195 0.579245 16.9709 0.158653 25.4589 0.10501 4.31245 7.63865
40401.00 1550.24 0.901449 40.3145 1.59674 2.30313 0.597761 0.579577 16.9466 0.158132 25.4361 0.104639 4.32165 7.64121
40301.00 1550.00 0.900235 40.3193 1.59602 2.33553 0.597335 0.579881 16.9222 0.157606 25.4134 0.104265 4.33094 7.64354
40201.00 1549.76 0.899108 40.3242 1.59527 2.36828 0.596916 0.580159 16.8978 0.157076 25.3905 0.103889 4.34033 7.64563
40101.00 1549.51 0.898068 40.329 1.59448 2.40135 0.596504 0.580408 16.8734 0.15654 25.3676 0.103509 4.3498 7.64748
40001.00 1549.27 0.897116 40.3338 1.59365 2.43477 0.596098 0.58063 16.8489 0.156001 25.3446 0.103127 4.35937 7.64909
39901.00 1549.03 0.896252 40.3386 1.59278 2.46852 0.5957 0.580823 16.8244 0.155456 25.3215 0.102741 4.36903 7.65047
39801.00 1548.79 0.895477 40.3433 1.59188 2.5026 0.595309 0.580988 16.7998 0.154907 25.2984 0.102353 4.37879 7.6516
39701.00 1548.54 0.894791 40.348 1.59093 2.53702 0.594924 0.581124 16.7753 0.154353 25.2753 0.101962 4.38864 7.65249
39601.00 1548.30 0.894196 40.3527 1.58995 2.57178 0.594547 0.581231 16.7506 0.153794 25.252 0.101568 4.39858 7.65313
39501.00 1548.05 0.893690 40.3574 1.58894 2.60687 0.594176 0.581308 16.726 0.153231 25.2287 0.101171 4.40863 7.65353
39401.00 1547.81 0.893276 40.3621 1.58788 2.64231 0.593813 0.581356 16.7013 0.152663 25.2054 0.100772 4.41877 7.65367
39301.00 1547.56 0.892953 40.3667 1.58678 2.67808 0.593456 0.581374 16.6766 0.152091 25.1819 0.100369 4.42901 7.65357
39201.00 1547.32 0.892722 40.3714 1.58565 2.71419 0.593106 0.581361 16.6518 0.151515 25.1585 0.0999644 4.43934 7.65322
39101.00 1547.07 0.892584 40.376 1.58448 2.75064 0.592763 0.581317 16.627 0.150934 25.1349 0.0995567 4.44978 7.65261
39001.00 1546.82 0.892539 40.3806 1.58327 2.78742 0.592427 0.581243 16.6022 0.150349 25.1113 0.0991462 4.46033 7.65175
38901.00 1546.57 0.892588 40.3851 1.58202 2.82454 0.592097 0.581137 16.5774 0.149759 25.0876 0.0987331 4.47097 7.65063
38801.00 1546.32 0.892732 40.3897 1.58073 2.86201 0.591775 0.581 16.5525 0.149165 25.0639 0.0983174 4.48172 7.64925
38701.00 1546.07 0.892971 40.3942 1.5794 2.8998 0.591459 0.58083 16.5276 0.148567 25.0401 0.0978992 4.49257 7.64762
38601.00 1545.82 0.893306 40.3988 1.57803 2.93794 0.59115 0.580629 16.5026 0.147965 25.0162 0.0974783 4.50353 7.64572
38501.00 1545.57 0.893738 40.4033 1.57662 2.97642 0.590847 0.580395 16.4776 0.147358 24.9923 0.097055 4.51459 7.64356
38401.00 1545.32 0.894267 40.4078 1.57517 3.01523 0.590551 0.580129 16.4526 0.146747 24.9683 0.0966291 4.52576 7.64114
38301.00 1545.07 0.894895 40.4123 1.57368 3.05437 0.590262 0.57983 16.4275 0.146133 24.9442 0.0962009 4.53704 7.63846
38201.00 1544.81 0.895621 40.4167 1.57216 3.09386 0.589979 0.579497 16.4024 0.145514 24.9201 0.0957702 4.54843 7.63551
38101.00 1544.56 0.896447 40.4212 1.57059 3.13368 0.589703 0.579131 16.3773 0.144892 24.8959 0.0953371 4.55993 7.63229
38001.00 1544.31 0.897374 40.4257 1.56898 3.17383 0.589433 0.578731 16.3522 0.144265 24.8717 0.0949016 4.57155 7.6288
37901.00 1544.05 0.898402 40.4301 1.56733 3.21432 0.589169 0.578297 16.327 0.143635 24.8474 0.0944639 4.58327 7.62504
37801.00 1543.79 0.899532 40.4346 1.56564 3.25514 0.588912 0.577829 16.3018 0.143001 24.823 0.0940239 4.59511 7.62101
37701.00 1543.54 0.900765 40.439 1.5639 3.2963 0.588661 0.577326 16.2765 0.142363 24.7986 0.0935817 4.60706 7.61671
37601.00 1543.28 0.902102 40.4434 1.56213 3.33779 0.588417 0.576788 16.2513 0.141722 24.7741 0.0931372 4.61913 7.61213
37501.00 1543.02 0.903544 40.4479 1.56032 3.37961 0.588178 0.576215 16.226 0.141077 24.7495 0.0926906 4.63132 7.60728
37401.00 1542.76 0.905092 40.4523 1.55846 3.42176 0.587946 0.575607 16.2006 0.140428 24.7249 0.0922419 4.64362 7.60215
37301.00 1542.51 0.906746 40.4567 1.55657 3.46424 0.58772 0.574964 16.1753 0.139776 24.7002 0.0917912 4.65605 7.59674
37201.00 1542.25 0.908509 40.4611 1.55463 3.50705 0.587499 0.574284 16.1499 0.139121 24.6754 0.0913383 4.66859 7.59105
37101.00 1541.98 0.910380 40.4655 1.55265 3.55018 0.587285 0.573568 16.1245 0.138462 24.6506 0.0908835 4.68125 7.58508
37001.00 1541.72 0.912360 40.4699 1.55063 3.59364 0.587076 0.572816 16.099 0.137799 24.6258 0.0904268 4.69404 7.57883
36901.00 1541.46 0.914451 40.4744 1.54857 3.63743 0.586873 0.572028 16.0735 0.137134 24.6008 0.0899681 4.70695 7.5723
36801.00 1541.20 0.916655 40.4788 1.54646 3.68154 0.586675 0.571203 16.048 0.136465 24.5758 0.0895076 4.71999 7.56549
36701.00 1540.93 0.918971 40.4832 1.54432 3.72597 0.586483 0.57034 16.0225 0.135794 24.5508 0.0890453 4.73315 7.55838
36601.00 1540.67 0.921401 40.4876 1.54213 3.77072 0.586297 0.569441 15.997 0.135119 24.5257 0.0885811 4.74643 7.551
36501.00 1540.41 0.923946 40.4921 1.5399 3.8158 0.586116 0.568504 15.9714 0.134441 24.5005 0.0881153 4.75985 7.54332
36401.00 1540.14 0.926608 40.4965 1.53762 3.86119 0.58594 0.56753 15.9458 0.133761 24.4753 0.0876477 4.77339 7.53536
36301.00 1539.87 0.929387 40.501 1.53531 3.9069 0.585769 0.566518 15.9201 0.133077 24.45 0.0871786 4.78707 7.52711
36201.00 1539.61 0.932285 40.5055 1.53295 3.95292 0.585603 0.565467 15.8945 0.132391 24.4246 0.0867078 4.80087 7.51856
36101.00 1539.34 0.935302 40.5099 1.53055 3.99925 0.585442 0.564379 15.8688 0.131702 24.3992 0.0862354 4.81481 7.50973
36001.00 1539.07 0.938442 40.5144 1.5281 4.0459 0.585286 0.563252 15.8431 0.13101 24.3737 0.0857616 4.82888 7.5006
35901.00 1538.80 0.941703 40.5189 1.52562 4.09286 0.585134 0.562087 15.8174 0.130316 24.3481 0.0852863 4.84309 7.49118
35801.00 1538.53 0.945089 40.5234 1.52309 4.14013 0.584987 0.560883 15.7916 0.129619 24.3225 0.0848096 4.85743 7.48147
35701.00 1538.26 0.948600 40.528 1.52052 4.1877 0.584844 0.55964 15.7658 0.12892 24.2969 0.0843315 4.87191 7.47146
35601.00 1537.98 0.952238 40.5325 1.5179 4.23557 0.584706 0.558359 15.74 0.128218 24.2712 0.0838521 4.88653 7.46116
35501.00 1537.71 0.956004 40.5371 1.51525 4.28375 0.584572 0.557038 15.7142 0.127515 24.2454 0.0833714 4.90129 7.45056
35401.00 1537.44 0.959899 40.5417 1.51254 4.33223 0.584441 0.555677 15.6883 0.126808 24.2195 0.0828895 4.91619 7.43966
35301.00 1537.16 0.963925 40.5463 1.5098 4.38101 0.584314 0.554278 15.6625 0.1261 24.1936 0.0824064 4.93123 7.42846
35201.00 1536.89 0.968085 40.5509 1.50701 4.43008 0.584191 0.552839 15.6366 0.12539 24.1677 0.0819222 4.94641 7.41696
35101.00 1536.61 0.972378 40.5556 1.50418 4.47945 0.584072 0.55136 15.6107 0.124678 24.1416 0.0814369 4.96174 7.40517
35001.00 1536.33 0.976807 40.5603 1.50131 4.5291 0.583955 0.549841 15.5847 0.123964 24.1155 0.0809506 4.97722 7.39307
34901.00 1536.05 0.981373 40.565 1.49839 4.57905 0.583842 0.548283 15.5588 0.123248 24.0894 0.0804633 4.99284 7.38067
34801.00 1535.78 0.986079 40.5698 1.49543 4.62929 0.583731 0.546684 15.5328 0.12253 24.0632 0.0799751 5.00861 7.36797
34701.00 1535.50 0.990925 40.5745 1.49243 4.67981 0.583624 0.545046 15.5068 0.12181 24.0369 0.079486 5.02453 7.35497
34601.00 1535.21 0.995914 40.5793 1.48938 4.73061 0.583519 0.543367 15.4808 0.121089 24.0106 0.078996 5.0406 7.34167
34501.00 1534.93 1.001047 40.5842 1.48629 4.7817 0.583416 0.541648 15.4548 0.120366 23.9842 0.0785053 5.05682 7.32806
34401.00 1534.65 1.005591 40.5891 1.48316 4.83306 0.583315 0.539889 15.4287 0.119642 23.9578 0.0780138 5.07319 7.31415
34301.00 1534.37 1.005676 40.594 1.47998 4.8847 0.583217 0.53809 15.4027 0.118916 23.9313 0.0775216 5.08973 7.29993
34201.00 1534.08 1.005761 40.5989 1.47675 4.93661 0.58312 0.536249 15.3766 0.118189 23.9047 0.0770288 5.10641 7.2854
34101.00 1533.80 1.005846 40.6039 1.47349 4.98878 0.583026 0.534368 15.3505 0.117461 23.8781 0.0765353 5.12326 7.27056
34001.00 1533.51 1.005931 40.6089 1.47018 5.04123 0.582934 0.532446 15.3244 0.116732 23.8515 0.0760413 5.14027 7.25541
33901.00 1533.22 1.006015 40.614 1.46682 5.09394 0.582844 0.530484 15.2982 0.116001 23.8247 0.0755468 5.15744 7.23995
33801.00 1532.93 1.006100 40.6191 1.46342 5.14691 0.582755 0.52848 15.2721 0.115269 23.798 0.0750519 5.17477 7.22418
33701.00 1532.64 1.006184 40.6243 1.45998 5.20014 0.582667 0.526436 15.2459 0.114537 23.7711 0.0745565 5.19227 7.2081
33601.00 1532.35 1.006268 40.6295 1.45649 5.25363 0.58258 0.524351 15.2197 0.113803 23.7442 0.0740608 5.20993 7.1917
33501.00 1532.06 1.006352 40.6347 1.45296 5.30737 0.582494 0.522224 15.1936 0.113068 23.7173 0.0735647 5.22776 7.175
33401.00 1531.77 1.006436 40.64 1.44938 5.36136 0.582408 0.520057 15.1674 0.112333 23.6903 0.0730684 5.24576 7.15797
33301.00 1531.48 1.006520 40.6454 1.44576 5.4156 0.582323 0.51785 15.1411 0.111597 23.6632 0.0725719 5.26393 7.14064
33201.00 1531.18 1.006603 40.6508 1.4421 5.47008 0.582238 0.515601 15.1149 0.110861 23.6361 0.0720752 5.28227 7.12299
33101.00 1530.89 1.006687 40.6562 1.43839 5.52481 0.582153 0.513312 15.0887 0.110123 23.6089 0.0715784 5.30078 7.10502
33001.00 1530.59 1.006770 40.6617 1.43464 5.57977 0.582068 0.510982 15.0624 0.109386 23.5817 0.0710815 5.31947 7.08674
32901.00 1530.29 1.006854 40.6673 1.43084 5.63497 0.581982 0.508611 15.0362 0.108648 23.5544 0.0705846 5.33833 7.06814
32801.00 1529.99 1.006937 40.6729 1.427 5.6904 0.581895 0.5062 15.0099 0.107909 23.5271 0.0700877 5.35738 7.04922
32701.00 1529.69 1.007020 40.6786 1.42312 5.74606 0.581806 0.503748 14.9836 0.107171 23.4997 0.0695908 5.3766 7.02999
32601.00 1529.39 1.007103 40.6843 1.41919 5.80194 0.581717 0.501256 14.9573 0.106432 23.4723 0.0690941 5.39601 7.01044
32501.00 1529.09 1.007186 40.6901 1.41521 5.85805 0.581625 0.498724 14.9311 0.105693 23.4448 0.0685976 5.41559 6.99057
32401.00 1528.79 1.007269 40.696 1.4112 5.91438 0.581531 0.496152 14.9048 0.104954 23.4172 0.0681012 5.43537 6.97038
32301.00 1528.48 1.007352 40.7019 1.40713 5.97092 0.581435 0.49354 14.8785 0.104215 23.3896 0.0676051 5.45532 6.94988
32201.00 1528.18 1.007435 40.7079 1.40303 6.02768 0.581337 0.490888 14.8521 0.103476 23.362 0.0671093 5.47547 6.92905
32101.00 1527.87 1.007517 40.7139 1.39888 6.08464 0.581235 0.488196 14.8258 0.102737 23.3342 0.0666138 5.4958 6.90791
32001.00 1527.57 1.007600 40.72 1.39468 6.14181 0.58113 0.485465 14.7995 0.101999 23.3065 0.0661187 5.51633 6.88645
31901.00 1527.26 1.007683 40.7262 1.39044 6.19919 0.581021 0.482695 14.7732 0.10126 23.2786 0.0656241 5.53705 6.86467
31801.00 1526.95 1.007766 40.7325 1.38616 6.25676 0.580908 0.479885 14.7469 0.100523 23.2508 0.0651299 5.55796 6.84257
31701.00 1526.64 1.007849 40.7388 1.38184 6.31454 0.58079 0.477037 14.7205 0.0997853 23.2228 0.0646363 5.57907 6.82015
31601.00 1526.32 1.007931 40.7452 1.37747 6.3725 0.580668 0.47415 14.6942 0.0990484 23.1948 0.0641432 5.60038 6.79741
31501.00 1526.01 1.008014 40.7517 1.37305 6.43065 0.58054 0.471225 14.6679 0.0983121 23.1668 0.0636507 5.62188 6.77435
31401.00 1525.70 1.008097 40.7582 1.36859 6.48899 0.580407 0.468261 14.6415 0.0975765 23.1387 0.0631589 5.64359 6.75097
31301.00 1525.38 1.008180 40.7649 1.36409 6.54751 0.580268 0.46526 14.6152 0.0968416 23.1105 0.0626678 5.6655 6.72727
31201.00 1525.06 1.008263 40.7716 1.35955 6.60622 0.580123 0.462222 14.5889 0.0961075 23.0823 0.0621774 5.68761 6.70326
31101.00 1524.75 1.008346 40.7784 1.35496 6.66509 0.57997 0.459146 14.5625 0.0953742 23.054 0.0616879 5.70993 6.67892
31001.00 1524.43 1.008429 40.7852 1.35032 6.72414 0.57981 0.456033 14.5362 0.0946418 23.0257 0.0611991 5.73246 6.65427
30901.00 1524.10 1.008512 40.7922 1.34564 6.78336 0.579643 0.452884 14.5099 0.0939105 22.9973 0.0607112 5.7552 6.62929
30801.00 1523.78 1.008595 40.7992 1.34092 6.84274 0.579467 0.449699 14.4835 0.0931802 22.9689 0.0602242 5.77815 6.604
30701.00 1523.46 1.008678 40.8063 1.33616 6.90228 0.579283 0.446477 14.4572 0.0924509 22.9404 0.0597382 5.80131 6.57839
30601.00 1523.13 1.008762 40.8135 1.33135 6.96198 0.579089 0.443221 14.4309 0.0917229 22.9118 0.0592531 5.82469 6.55246
30501.00 1522.81 1.008845 40.8208 1.3265 7.02183 0.578886 0.439929 14.4046 0.0909961 22.8832 0.0587691 5.84829 6.52622
30401.00 1522.48 1.008929 40.8282 1.32161 7.08184 0.578672 0.436602 14.3783 0.0902706 22.8545 0.0582861 5.8721 6.49966
30301.00 1522.15 1.009013 40.8356 1.31667 7.14199 0.578448 0.433242 14.352 0.0895465 22.8258 0.0578043 5.89614 6.47278
30201.00 1521.82 1.009097 40.8432 1.31169 7.20228 0.578212 0.429847 14.3257 0.0888238 22.797 0.0573236 5.92039 6.44558
30101.00 1521.49 1.009181 40.8508 1.30666 7.26272 0.577965 0.42642 14.2994 0.0881027 22.7682 0.0568441 5.94487 6.41807
30001.00 1521.16 1.009266 40.8585 1.30159 7.32329 0.577705 0.422959 14.2731 0.087383 22.7392 0.0563658 5.96958 6.39024
29901.00 1520.82 1.009350 40.8664 1.29648 7.38399 0.577433 0.419466 14.2468 0.086665 22.7103 0.0558888 5.99452 6.3621
29801.00 1520.49 1.009435 40.8743 1.29133 7.44482 0.577147 0.415942 14.2205 0.0859486 22.6812 0.0554131 6.01968 6.33365
29701.00 1520.15 1.009520 40.8823 1.28613 7.50578 0.576846 0.412386 14.1943 0.085234 22.6521 0.0549387 6.04508 6.30488
29601.00 1519.81 1.009606 40.8904 1.28089 7.56685 0.576531 0.408799 14.168 0.0845212 22.623 0.0544657 6.07071 6.2758
29501.00 1519.47 1.009691 40.8986 1.27561 7.62805 0.576201 0.405182 14.1418 0.0838102 22.5937 0.0539941 6.09658 6.24641
29401.00 1519.13 1.009777 40.9069 1.27028 7.68936 0.575854 0.401535 14.1156 0.0831011 22.5645 0.053524 6.12268 6.2167
29301.00 1518.78 1.009864 40.9153 1.26491 7.75078 0.575491 0.39786 14.0894 0.0823939 22.5351 0.0530553 6.14902 6.18669
29201.00 1518.44 1.009950 40.9239 1.2595 7.8123 0.57511 0.394156 14.0632 0.0816888 22.5057 0.0525882 6.1756 6.15637
29101.00 1518.09 1.010037 40.9325 1.25405 7.87393 0.574712 0.390424 14.037 0.0809858 22.4762 0.0521226 6.20243 6.12574
29001.00 1517.74 1.010124 40.9412 1.24855 7.93566 0.574294 0.386665 14.0108 0.0802849 22.4466 0.0516586 6.2295 6.09481
28901.00 1517.39 1.010212 40.95 1.24301 7.99748 0.573857 0.382879 13.9846 0.0795861 22.417 0.0511962 6.25682 6.06356
28801.00 1517.04 1.010300 40.9589 1.23743 8.05939 0.5734 0.379068 13.9585 0.0788896 22.3873 0.0507354 6.28438 6.03202
28701.00 1516.69 1.010388 40.9679 1.23181 8.1214 0.572921 0.375231 13.9323 0.0781954 22.3575 0.0502764 6.3122 6.00017
28601.00 1516.33 1.010477 40.9771 1.22614 8.18348 0.572421 0.37137 13.9062 0.0775036 22.3277 0.049819 6.34027 5.96802
28501.00 1515.98 1.010566 40.9863 1.22044 8.24565 0.571898 0.367485 13.8801 0.0768141 22.2978 0.0493635 6.36859 5.93556
28401.00 1515.62 1.010656 40.9956 1.21469 8.3079 0.571352 0.363577 13.854 0.076127 22.2678 0.0489096 6.39717 5.90281
28301.00 1515.26 1.010746 41.0051 1.20889 8.37022 0.570781 0.359647 13.828 0.0754425 22.2377 0.0484577 6.426 5.86976
28201.00 1514.90 1.010837 41.0147 1.20306 8.4326 0.570185 0.355695 13.8019 0.0747605 22.2076 0.0480075 6.4551 5.83642
28101.00 1514.53 1.010928 41.0243 1.19718 8.49506 0.569564 0.351723 13.7759 0.074081 22.1774 0.0475592 6.48446 5.80278
28001.00 1514.17 1.011020 41.0341 1.19127 8.55758 0.568915 0.34773 13.7499 0.0734042 22.1471 0.0471128 6.51408 5.76884
27901.00 1513.80 1.011113 41.044 1.18531 8.62015 0.568239 0.343719 13.7239 0.0727301 22.1167 0.0466684 6.54397 5.73462
27801.00 1513.43 1.011205 41.054 1.17931 8.68279 0.567533 0.339689 13.6979 0.0720587 22.0863 0.0462259 6.57412 5.7001
27701.00 1513.06 1.011299 41.0642 1.17327 8.74547 0.566799 0.335642 13.6719 0.0713901 22.0557 0.0457853 6.60454 5.6653
27601.00 1512.68 1.011393 41.0744 1.16718 8.8082 0.566033 0.331578 13.646 0.0707244 22.0251 0.0453468 6.63524 5.63021
27501.00 1512.31 1.011488 41.0848 1.16106 8.87098 0.565236 0.327498 13.6201 0.0700615 21.9944 0.0449104 6.6662 5.59484
27401.00 1511.93 1.011583 41.0952 1.15489 8.9338 0.564407 0.323404 13.5942 0.0694014 21.9636 0.044476 6.69744 5.55918
27301.00 1511.55 1.011679 41.1058 1.14869 8.99666 0.563543 0.319295 13.5683 0.0687444 21.9327 0.0440437 6.72896 5.52324
27201.00 1511.17 1.011776 41.1165 1.14244 9.05955 0.562645 0.315174 13.5425 0.0680903 21.9017 0.0436135 6.76075 5.48703
27101.00 1510.79 1.011873 41.1273 1.13615 9.12247 0.561712 0.31104 13.5167 0.0674393 21.8706 0.0431855 6.79283 5.45054
27001.00 1510.40 1.011971 41.1383 1.12982 9.18542 0.560741 0.306895 13.4909 0.0667914 21.8394 0.0427596 6.82518 5.41378
26901.00 1510.01 1.012070 41.1494 1.12345 9.24839 0.559733 0.30274 13.4651 0.0661466 21.8081 0.0423359 6.85782 5.37675
26801.00 1509.62 1.012170 41.1605 1.11704 9.31138 0.558685 0.298576 13.4394 0.0655049 21.7768 0.0419145 6.89075 5.33944
26701.00 1509.23 1.012270 41.1719 1.11058 9.37439 0.557597 0.294403 13.4137 0.0648665 21.7453 0.0414953 6.92396 5.30188
26601.00 1508.83 1.012371 41.1833 1.10409 9.43742 0.556468 0.290223 13.388 0.0642313 21.7137 0.0410783 6.95746 5.26405
26501.00 1508.44 1.012473 41.1948 1.09756 9.50045 0.555297 0.286037 13.3623 0.0635994 21.682 0.0406637 6.99124 5.22595
26401.00 1508.04 1.012576 41.2065 1.09098 9.56349 0.554081 0.281846 13.3367 0.0629707 21.6502 0.0402513 7.02532 5.1876
26301.00 1507.63 1.012680 41.2183 1.08437 9.62654 0.55282 0.27765 13.3111 0.0623455 21.6183 0.0398413 7.0597 5.149
26201.00 1507.23 1.012784 41.2303 1.07771 9.68958 0.551514 0.27345 13.2855 0.0617236 21.5863 0.0394337 7.09436 5.11014
26101.00 1506.82 1.012889 41.2423 1.07102 9.75262 0.550159 0.269249 13.26 0.0611051 21.5541 0.0390284 7.12933 5.07104
26001.00 1506.41 1.012995 41.2545 1.06428 9.81566 0.548756 0.265046 13.2345 0.0604902 21.5219 0.0386255 7.16458 5.03169
25901.00 1506.00 1.013102 41.2668 1.0575 9.87869 0.547302 0.260844 13.209 0.0598787 21.4895 0.0382251 7.20014 4.99209
25801.00 1505.59 1.013210 41.2793 1.05069 9.9417 0.545797 0.256642 13.1836 0.0592707 21.457 0.037827 7.236 4.95226
25701.00 1505.17 1.013318 41.2918 1.04383 10.0047 0.544239 0.252442 13.1582 0.0586663 21.4243 0.0374315 7.27216 4.91219
25601.00 1504.75 1.013427 41.3045 1.03694 10.0677 0.542627 0.248245 13.1328 0.0580655 21.3915 0.0370384 7.30862 4.87189
25501.00 1504.33 1.013538 41.3174 1.03 10.1306 0.540959 0.244053 13.1075 0.0574683 21.3586 0.0366478 7.34538 4.83136
25401.00 1503.90 1.013649 41.3303 1.02302 10.1936 0.539234 0.239865 13.0822 0.0568748 21.3256 0.0362597 7.38245 4.79061
25301.00 1503.47 1.013760 41.3434 1.01601 10.2565 0.53745 0.235684 13.0569 0.0562849 21.2924 0.0358742 7.41983 4.74963
25201.00 1503.04 1.013873 41.3567 1.00895 10.3194 0.535607 0.231511 13.0317 0.0556988 21.2591 0.0354912 7.45751 4.70844
25101.00 1502.61 1.013986 41.3701 1.00186 10.3822 0.533701 0.227346 13.0065 0.0551165 21.2256 0.0351108 7.49549 4.66704
25001.00 1502.17 1.014100 41.3836 0.994719 10.445 0.531733 0.22319 12.9813 0.0545379 21.192 0.0347329 7.53379 4.62542
24901.00 1501.73 1.014215 41.3972 0.987544 10.5078 0.5297 0.219046 12.9562 0.0539631 21.1582 0.0343577 7.5724 4.5836
24801.00 1501.28 1.014330 41.411 0.980328 10.5705 0.527601 0.214913 12.9311 0.0533922 21.1242 0.0339851 7.61131 4.54159
24701.00 1500.84 1.014446 41.4249 0.973073 10.6332 0.525434 0.210793 12.9061 0.0528251 21.0901 0.0336151 7.65053 4.49937
24601.00 1500.39 1.014563 41.439 0.965778 10.6958 0.523198 0.206687 12.8811 0.052262 21.0558 0.0332477 7.69007 4.45697
24501.00 1499.93 1.014680 41.4532 0.958444 10.7584 0.520891 0.202597 12.8562 0.0517027 21.0214 0.0328831 7.72991 4.41437
24401.00 1499.48 1.014797 41.4676 0.951069 10.8209 0.518511 0.198523 12.8313 0.0511474 20.9867 0.0325211 7.77007 4.3716
24301.00 1499.02 1.014915 41.4821 0.943655 10.8834 0.516057 0.194466 12.8065 0.0505961 20.9519 0.0321618 7.81053 4.32865
24201.00 1498.55 1.015033 41.4967 0.936201 10.9458 0.513528 0.190428 12.7817 0.0500488 20.9169 0.0318052 7.85131 4.28553
24101.00 1498.08 1.015151 41.5115 0.928708 11.0082 0.51092 0.18641 12.7569 0.0495055 20.8817 0.0314514 7.8924 4.24224
24001.00 1497.61 1.015269 41.5264 0.921174 11.0705 0.508234 0.182413 12.7322 0.0489663 20.8464 0.0311003 7.9338 4.1988
23901.00 1497.14 1.015386 41.5415 0.913601 11.1327 0.505466 0.178437 12.7076 0.0484312 20.8108 0.030752 7.9755 4.15519
23801.00 1496.66 1.015504 41.5568 0.905988 11.1948 0.502616 0.174485 12.683 0.0479001 20.775 0.0304064 8.01752 4.11144
23701.00 1496.18 1.015621 41.5722 0.898336 11.2569 0.499682 0.170556 12.6585 0.0473732 20.739 0.0300636 8.05985 4.06755
23601.00 1495.69 1.015737 41.5877 0.890643 11.319 0.496662 0.166653 12.634 0.0468505 20.7027 0.0297236 8.10248 4.02352
23501.00 1495.20 1.015852 41.6034 0.88291 11.3809 0.493554 0.162776 12.6096 0.0463319 20.6663 0.0293865 8.14542 3.97936
23401.00 1494.70 1.015966 41.6193 0.875138 11.4428 0.490356 0.158927 12.5853 0.0458176 20.6296 0.0290521 8.18866 3.93507
23301.00 1494.20 1.016079 41.6353 0.867325 11.5045 0.487067 0.155106 12.561 0.0453075 20.5927 0.0287206 8.2322 3.89066
23201.00 1493.70 1.016190 41.6515 0.859473 11.5662 0.483685 0.151314 12.5368 0.0448016 20.5556 0.028392 8.27605 3.84615
23101.00 1493.19 1.016298 41.6678 0.85158 11.6279 0.480209 0.147553 12.5127 0.0443 20.5181 0.0280662 8.3202 3.80153
23001.00 1492.67 1.016405 41.6843 0.843647 11.6894 0.476636 0.143824 12.4887 0.0438028 20.4805 0.0277434 8.36464 3.75681
22901.00 1492.16 1.016508 41.701 0.835674 11.7508 0.472964 0.140127 12.4647 0.0433098 20.4426 0.0274234 8.40938 3.712
22801.00 1491.63 1.016608 41.7179 0.82766 11.8122 0.469193 0.136465 12.4408 0.0428213 20.4044 0.0271063 8.4544 3.66711
22701.00 1491.11 1.016704 41.7349 0.819606 11.8734 0.465321 0.132836 12.417 0.0423371 20.3659 0.0267922 8.49972 3.62214
22601.00 1490.57 1.016796 41.7521 0.811511 11.9346 0.461345 0.129244 12.3933 0.0418573 20.3271 0.026481 8.54532 3.57711
22501.00 1490.03 1.016883 41.7694 0.803376 11.9957 0.457264 0.125688 12.3697 0.041382 20.2881 0.0261727 8.5912 3.53202
22401.00 1489.51 1.021233 41.7907 0.797026 12.0478 0.454578 0.122909 12.3438 0.0409475 20.2506 0.0258904 8.63589 3.48984
22301.00 1489.03 1.034310 41.8234 0.79617 12.0732 0.456394 0.122379 12.3106 0.0406255 20.2186 0.025679 8.67642 3.45653
22201.00 1488.55 1.034299 41.8563 0.795285 12.0985 0.458218 0.121844 12.2773 0.0403041 20.1865 0.0254681 8.7172 3.42304
22101.00 1488.07 1.034291 41.8894 0.794371 12.1237 0.46005 0.121305 12.244 0.0399835 20.1543 0.0252577 8.75824 3.38938
22001.00 1487.59 1.034286 41.9226 0.793427 12.1489 0.46189 0.120761 12.2107 0.0396636 20.122 0.0250479 8.79953 3.35554
21901.00 1487.11 1.034286 41.956 0.792454 12.1739 0.463738 0.120213 12.1773 0.0393444 20.0895 0.0248387 8.84107 3.32153
21801.00 1486.62 1.034289 41.9896 0.791451 12.1989 0.465594 0.119661 12.1439 0.0390261 20.057 0.02463 8.88287 3.28735
21701.00 1486.13 1.034296 42.0234 0.790416 12.2239 0.467456 0.119105 12.1104 0.0387085 20.0243 0.024422 8.92493 3.25301
21601.00 1485.64 1.034308 42.0573 0.789351 12.2487 0.469325 0.118545 12.0769 0.0383917 19.9915 0.0242145 8.96724 3.2185
21501.00 1485.15 1.034323 42.0914 0.788253 12.2735 0.471201 0.117981 12.0434 0.0380757 19.9585 0.0240076 9.00981 3.18383
21401.00 1484.65 1.034343 42.1257 0.787124 12.2982 0.473083 0.117414 12.0098 0.0377606 19.9255 0.0238014 9.05263 3.14901
21301.00 1484.15 1.034368 42.1601 0.785961 12.3229 0.47497 0.116844 11.9762 0.0374463 19.8923 0.0235958 9.09571 3.11403
21201.00 1483.65 1.034397 42.1947 0.784765 12.3474 0.476863 0.11627 11.9425 0.0371329 19.859 0.0233908 9.13905 3.07891
21101.00 1483.15 1.034431 42.2295 0.783535 12.3719 0.478761 0.115692 11.9088 0.0368204 19.8255 0.0231865 9.18264 3.04364
21001.00 1482.65 1.034471 42.2645 0.78227 12.3963 0.480664 0.115112 11.875 0.0365088 19.792 0.0229828 9.22649 3.00822
20901.00 1482.14 1.034515 42.2996 0.78097 12.4206 0.48257 0.11453 11.8412 0.036198 19.7582 0.0227798 9.27059 2.97267
20801.00 1481.63 1.034565 42.335 0.779634 12.4449 0.484481 0.113944 11.8073 0.0358883 19.7244 0.0225775 9.31494 2.93699
20701.00 1481.11 1.034620 42.3705 0.778262 12.4691 0.486394 0.113356 11.7734 0.0355794 19.6904 0.0223759 9.35955 2.90117
20601.00 1480.60 1.034682 42.4062 0.776852 12.4932 0.488311 0.112766 11.7394 0.0352716 19.6563 0.0221749 9.40441 2.86523
20501.00 1480.08 1.034749 42.442 0.775405 12.5172 0.490229 0.112173 11.7053 0.0349647 19.622 0.0219747 9.44953 2.82917
20401.00 1479.56 1.034822 42.4781 0.773919 12.5411 0.492149 0.111579 11.6712 0.0346588 19.5876 0.0217752 9.4949 2.79299
20301.00 1479.03 1.034902 42.5143 0.772394 12.565 0.494071 0.110982 11.6371 0.0343539 19.553 0.0215764 9.54052 2.75669
20201.00 1478.51 1.034989 42.5508 0.770829 12.5888 0.495993 0.110384 11.6028 0.0340501 19.5183 0.0213783 9.58638 2.72029
20101.00 1477.98 1.035082 42.5874 0.769223 12.6125 0.497915 0.109785 11.5685 0.0337473 19.4834 0.0211811 9.6325 2.68379
20001.00 1477.44 1.035183 42.6243 0.767576 12.6362 0.499836 0.109184 11.5342 0.0334455 19.4483 0.0209845 9.67886 2.64718
19901.00 1476.91 1.035290 42.6613 0.765886 12.6597 0.501756 0.108583 11.4998 0.0331449 19.4131 0.0207887 9.72548 2.61048
19801.00 1476.37 1.035406 42.6985 0.764153 12.6832 0.503674 0.10798 11.4653 0.0328453 19.3778 0.0205938 9.77233 2.57369
19701.00 1475.82 1.035529 42.736 0.762377 12.7066 0.505589 0.107377 11.4307 0.0325469 19.3422 0.0203996 9.81943 2.53682
19601.00 1475.28 1.035660 42.7736 0.760555 12.7299 0.507501 0.106773 11.396 0.0322496 19.3065 0.0202062 9.86677 2.49986
19501.00 1474.73 1.035799 42.8115 0.758688 12.7532 0.509409 0.106169 11.3613 0.0319534 19.2706 0.0200136 9.91435 2.46284
19401.00 1474.18 1.035948 42.8495 0.756774 12.7763 0.511312 0.105565 11.3265 0.0316584 19.2346 0.0198218 9.96216 2.42574
19301.00 1473.62 1.036105 42.8878 0.754813 12.7994 0.513209 0.104961 11.2916 0.0313646 19.1984 0.0196309 10.0102 2.38858
19201.00 1473.06 1.036271 42.9263 0.752804 12.8225 0.5151 0.104357 11.2566 0.031072 19.162 0.0194408 10.0585 2.35137
19101.00 1472.50 1.036447 42.9651 0.750745 12.8454 0.516983 0.103754 11.2215 0.0307806 19.1254 0.0192515 10.107 2.31411
19001.00 1471.93 1.036632 43.004 0.748635 12.8683 0.518858 0.103152 11.1864 0.0304904 19.0886 0.0190631 10.1558 2.2768
18901.00 1471.36 1.036828 43.0432 0.746474 12.891 0.520724 0.10255 11.1511 0.0302015 19.0516 0.0188756 10.2047 2.23945
18801.00 1470.79 1.037034 43.0827 0.744261 12.9137 0.522579 0.10195 11.1158 0.0299138 19.0144 0.018689 10.2539 2.20207
18701.00 1470.21 1.037251 43.1224 0.741994 12.9364 0.524424 0.101351 11.0803 0.0296275 18.9771 0.0185033 10.3033 2.16467
18601.00 1469.63 1.037479 43.1623 0.739673 12.9589 0.526256 0.100754 11.0448 0.0293424 18.9395 0.0183184 10.3529 2.12724
18501.00 1469.05 1.037719 43.2025 0.737296 12.9814 0.528074 0.100159 11.0091 0.0290586 18.9018 0.0181345 10.4028 2.08981
18401.00 1468.46 1.037970 43.2429 0.734862 13.0038 0.529879 0.0995663 10.9733 0.0287762 18.8638 0.0179515 10.4528 2.05237
18301.00 1467.86 1.038234 43.2836 0.73237 13.0261 0.531668 0.0989758 10.9375 0.0284952 18.8256 0.0177694 10.503 2.01493
18201.00 1467.27 1.038510 43.3246 0.729819 13.0483 0.53344 0.0983879 10.9015 0.0282155 18.7872 0.0175883 10.5535 1.9775
18101.00 1466.66 1.038800 43.3659 0.727207 13.0704 0.535195 0.0978029 10.8653 0.0279372 18.7486 0.0174081 10.6041 1.94009
18001.00 1466.06 1.039102 43.4075 0.724534 13.0925 0.536931 0.0972211 10.8291 0.0276603 18.7097 0.0172289 10.6549 1.90271
17901.00 1465.45 1.039419 43.4493 0.721797 13.1145 0.538646 0.0966428 10.7927 0.0273848 18.6706 0.0170507 10.7059 1.86536
17801.00 1464.83 1.039750 43.4915 0.718997 13.1364 0.54034 0.0960681 10.7562 0.0271108 18.6313 0.0168735 10.7571 1.82805
17701.00 1464.21 1.040095 43.5339 0.716131 13.1583 0.542011 0.0954974 10.7196 0.0268382 18.5918 0.0166972 10.8085 1.79079
17601.00 1463.59 1.040456 43.5767 0.713198 13.18 0.543658 0.0949309 10.6828 0.0265671 18.552 0.016522 10.86 1.75359
17501.00 1462.96 1.040832 43.6198 0.710197 13.2017 0.545279 0.094369 10.6459 0.0262976 18.512 0.0163478 10.9117 1.71645
17401.00 1462.32 1.041224 43.6632 0.707126 13.2233 0.546872 0.0938119 10.6088 0.0260295 18.4717 0.0161746 10.9635 1.67939
17301.00 1461.68 1.041633 43.707 0.703984 13.2448 0.548438 0.0932599 10.5716 0.0257629 18.4312 0.0160024 11.0155 1.64242
17201.00 1461.04 1.042058 43.7511 0.700769 13.2662 0.549973 0.0927134 10.5343 0.0254979 18.3904 0.0158313 11.0676 1.60554
17101.00 1460.39 1.042501 43.7956 0.697481 13.2876 0.551477 0.0921725 10.4967 0.0252345 18.3494 0.0156613 11.1199 1.56877
17001.00 1459.73 1.042962 43.8405 0.694117 13.3089 0.552947 0.0916377 10.459 0.0249727 18.3081 0.0154923 11.1722 1.53211
16901.00 1459.07 1.043441 43.8858 0.690676 13.3301 0.554383 0.0911093 10.4212 0.0247125 18.2665 0.0153244 11.2247 1.49558
16801.00 1458.40 1.043939 43.9314 0.687157 13.3512 0.555782 0.0905875 10.3831 0.0244538 18.2247 0.0151576 11.2773 1.45918
16701.00 1457.73 1.044456 43.9775 0.683558 13.3722 0.557143 0.0900728 10.3449 0.0241969 18.1826 0.0149919 11.33 1.42293
16601.00 1457.05 1.044993 44.024 0.679877 13.3931 0.558465 0.0895654 10.3065 0.0239416 18.1401 0.0148273 11.3828 1.38684
16501.00 1456.37 1.045550 44.0709 0.676113 13.414 0.559744 0.0890657 10.2679 0.023688 18.0975 0.0146639 11.4356 1.35092
16401.00 1455.68 1.046128 44.1183 0.672265 13.4347 0.560981 0.088574 10.2291 0.0234361 18.0545 0.0145016 11.4885 1.31517
16301.00 1454.98 1.046727 44.1661 0.66833 13.4554 0.562172 0.0880908 10.1901 0.0231859 18.0112 0.0143404 11.5415 1.27962
16201.00 1454.28 1.047348 44.2144 0.664307 13.476 0.563316 0.0876164 10.1509 0.0229375 17.9676 0.0141804 11.5945 1.24427
16101.00 1453.57 1.047990 44.2632 0.660195 13.4965 0.564411 0.0871511 10.1115 0.0226908 17.9237 0.0140216 11.6475 1.20914
16001.00 1452.85 1.048655 44.3125 0.655993 13.5169 0.565456 0.0866955 10.0718 0.0224459 17.8795 0.013864 11.7006 1.17423
15901.00 1452.13 1.049343 44.3624 0.651697 13.5372 0.566448 0.0862498 10.032 0.0222028 17.835 0.0137075 11.7536 1.13957
15801.00 1451.40 1.050054 44.4128 0.647308 13.5574 0.567385 0.0858144 9.99185 0.0219615 17.7902 0.0135523 11.8067 1.10517
15701.00 1450.66 1.050788 44.4637 0.642822 13.5775 0.568266 0.0853899 9.95151 0.0217221 17.745 0.0133983 11.8597 1.07104
15601.00 1449.92 1.051546 44.5152 0.63824 13.5975 0.569089 0.0849766 9.91092 0.0214846 17.6995 0.0132455 11.9127 1.03718
15501.00 1449.16 1.052328 44.5673 0.633559 13.6174 0.569851 0.084575 9.87007 0.0212489 17.6537 0.013094 11.9656 1.00363
15401.00 1448.40 1.053133 44.6201 0.628777 13.6372 0.57055 0.0841856 9.82897 0.0210152 17.6075 0.0129437 12.0184 0.970391
15301.00 1447.63 1.053963 44.6734 0.623894 13.6568 0.571186 0.0838087 9.78761 0.0207834 17.561 0.0127947 12.0712 0.937479
15201.00 1446.86 1.054817 44.7275 0.618908 13.6764 0.571755 0.0834449 9.74596 0.0205536 17.5141 0.012647 12.1238 0.904909
15101.00 1446.07 1.055694 44.7822 0.613817 13.6958 0.572256 0.0830947 9.70404 0.0203257 17.4669 0.0125006 12.1764 0.872699
15001.00 1445.28 1.056595 44.8376 0.608621 13.7151 0.572687 0.0827586 9.66183 0.0200999 17.4193 0.0123555 12.2287 0.840863
14901.00 1444.48 1.057520 44.8938 0.603318 13.7343 0.573046 0.0824371 9.61932 0.0198761 17.3714 0.0122117 12.2809 0.809418
14801.00 1443.67 1.058467 44.9506 0.597907 13.7534 0.573331 0.0821307 9.57651 0.0196543 17.3231 0.0120693 12.3329 0.778381
14701.00 1442.85 1.059436 45.0083 0.592386 13.7723 0.573541 0.08184 9.53339 0.0194346 17.2744 0.0119282 12.3847 0.747768
14601.00 1442.02 1.060426 45.0668 0.586756 13.791 0.573673 0.0815656 9.48994 0.0192171 17.2253 0.0117885 12.4363 0.717597
14501.00 1441.19 1.061437 45.1261 0.581015 13.8096 0.573725 0.081308 9.44618 0.0190016 17.1759 0.0116501 12.4876 0.687884
14401.00 1440.34 1.062466 45.1862 0.575162 13.8281 0.573698 0.0810677 9.40208 0.0187884 17.1261 0.0115132 12.5387 0.658648
14301.00 1439.48 1.063513 45.2473 0.569197 13.8463 0.573587 0.0808455 9.35763 0.0185773 17.0759 0.0113777 12.5894 0.629906
14201.00 1438.62 1.064575 45.3092 0.56312 13.8644 0.573393 0.0806419 9.31284 0.0183684 17.0253 0.0112436 12.6398 0.601677
14101.00 1437.74 1.065650 45.3721 0.55693 13.8823 0.573114 0.0804576 9.2677 0.0181618 16.9743 0.0111109 12.6898 0.573977
14001.00 1436.85 1.066736 45.4359 0.550627 13.9 0.572748 0.0802931 9.22218 0.0179574 16.9229 0.0109798 12.7395 0.546825
13901.00 1435.96 1.067829 45.5008 0.544213 13.9175 0.572295 0.0801491 9.1763 0.0177554 16.8712 0.0108501 12.7887 0.52024
13801.00 1435.05 1.068927 45.5666 0.537686 13.9348 0.571754 0.0800264 9.13004 0.0175557 16.819 0.0107218 12.8376 0.494239
13701.00 1434.13 1.070025 45.6335 0.531048 13.9518 0.571123 0.0799255 9.0834 0.0173583 16.7664 0.0105951 12.8859 0.46884
13601.00 1433.20 1.071118 45.7015 0.5243 13.9686 0.570402 0.0798471 9.03636 0.0171634 16.7135 0.01047 12.9338 0.444061
13501.00 1432.26 1.072202 45.7706 0.517444 13.9851 0.569591 0.0797918 8.98892 0.0169708 16.6601 0.0103463 12.9811 0.419919
13401.00 1431.31 1.073271 45.8409 0.51048 14.0014 0.568689 0.0797605 8.94108 0.0167807 16.6064 0.0102243 13.0279 0.39643
13301.00 1430.35 1.074319 45.9124 0.503412 14.0173 0.567697 0.0797536 8.89283 0.0165932 16.5523 0.0101038 13.0741 0.373612
13201.00 1429.37 1.075339 45.985 0.496242 14.0329 0.566614 0.0797719 8.84416 0.0164081 16.4978 0.00998492 13.1197 0.351479
13101.00 1428.39 1.076323 46.0589 0.488972 14.0482 0.565442 0.079816 8.79507 0.0162256 16.4429 0.00986765 13.1646 0.330048
13001.00 1427.39 1.077263 46.134 0.481607 14.0631 0.564181 0.0798865 8.74556 0.0160456 16.3876 0.00975202 13.2089 0.309331
12901.00 1426.38 1.078151 46.2105 0.474149 14.0777 0.562832 0.079984 8.69561 0.0158683 16.3319 0.00963804 13.2524 0.289342
12801.00 1425.37 1.078977 46.2883 0.466604 14.0918 0.561396 0.0801091 8.64523 0.0156936 16.276 0.00952573 13.2953 0.270091
12701.00 1424.33 1.079731 46.3674 0.458976 14.1056 0.559876 0.0802623 8.59442 0.0155216 16.2196 0.00941511 13.3374 0.25159
12601.00 1423.29 1.080406 46.4479 0.45127 14.1188 0.558274 0.0804441 8.54317 0.0153524 16.1629 0.00930619 13.3787 0.233846
12501.00 1422.24 1.080990 46.5297 0.443492 14.1316 0.556591 0.0806548 8.49149 0.0151858 16.1059 0.00919899 13.4192 0.216865
12401.00 1421.17 1.081475 46.613 0.435649 14.1439 0.554832 0.080895 8.43937 0.015022 16.0486 0.00909352 13.4589 0.200653
12301.00 1420.10 1.081851 46.6978 0.427746 14.1557 0.552999 0.0811648 8.38683 0.014861 15.991 0.00898981 13.4978 0.185211
12201.00 1419.01 1.082113 46.7839 0.419791 14.1669 0.551095 0.0814646 8.33386 0.0147029 15.9331 0.00888786 13.5358 0.17054
12101.00 1417.92 1.082251 46.8716 0.411791 14.1775 0.549125 0.0817945 8.28049 0.0145476 15.8749 0.00878769 13.5729 0.156637
12001.00 1416.81 1.082259 46.9606 0.403753 14.1874 0.547093 0.0821547 8.22672 0.0143951 15.8165 0.00868931 13.6091 0.143496
11901.00 1415.69 1.082133 47.0512 0.395685 14.1967 0.545004 0.0825451 8.17257 0.0142456 15.7579 0.00859274 13.6445 0.131109
11801.00 1414.56 1.081866 47.1432 0.387595 14.2052 0.542863 0.0829657 8.11806 0.0140989 15.6991 0.00849798 13.6789 0.119468
11701.00 1413.43 1.081455 47.2367 0.379489 14.213 0.540675 0.0834164 8.06323 0.0139552 15.6401 0.00840505 13.7124 0.108558
11601.00 1412.28 1.080895 47.3317 0.371375 14.22 0.538446 0.083897 8.00808 0.0138145 15.581 0.00831396 13.745 0.0983638
11501.00 1411.13 1.080183 47.4281 0.363262 14.2262 0.536182 0.0844073 7.95267 0.0136767 15.5218 0.00822473 13.7767 0.0888685
11401.00 1409.97 1.079314 47.5259 0.355156 14.2315 0.533888 0.0849467 7.89701 0.0135419 15.4624 0.00813735 13.8074 0.0800516
11301.00 1408.80 1.078285 47.6252 0.347066 14.2358 0.53157 0.085515 7.84115 0.0134101 15.403 0.00805185 13.8373 0.0718912
11201.00 1407.62 1.077093 47.7258 0.338998 14.2392 0.529235 0.0861115 7.78514 0.0132813 15.3436 0.00796823 13.8663 0.0643635
11101.00 1406.44 1.075735 47.8279 0.33096 14.2415 0.526889 0.0867356 7.729 0.0131556 15.2841 0.0078865 13.8944 0.0574428
11001.00 1405.25 1.074207 47.9313 0.322958 14.2427 0.524538 0.0873866 7.67278 0.0130329 15.2247 0.00780669 13.9217 0.0511023
10901.00 1404.06 1.072506 48.036 0.315 14.2428 0.522188 0.0880636 7.61653 0.0129133 15.1654 0.00772879 13.948 0.0453139
10801.00 1402.86 1.070631 48.1421 0.307093 14.2417 0.519845 0.088766 7.56029 0.0127968 15.1061 0.00765282 13.9736 0.0400485
10701.00 1401.66 1.068580 48.2494 0.299243 14.2394 0.517514 0.0894925 7.50411 0.0126834 15.047 0.00757879 13.9984 0.0352765
10601.00 1400.46 1.066352 48.3579 0.291455 14.2357 0.515202 0.0902423 7.44803 0.0125732 14.988 0.00750673 14.0223 0.0309677
10501.00 1399.26 1.063947 48.4677 0.283738 14.2307 0.512913 0.0910141 7.3921 0.0124662 14.9293 0.00743664 14.0455 0.0270919
10401.00 1398.27 1.013049 48.5809 0.276888 14.2274 0.511638 0.0919694 7.34859 0.0123828 14.902 0.00738123 14.0166 0.0242153
10301.00 1397.67 0.924170 48.6993 0.27155 14.2291 0.512192 0.0932431 7.32725 0.0123382 14.9319 0.00734993 13.8931 0.0226429
10201.00 1397.07 0.923199 48.819 0.266321 14.2302 0.512782 0.0945438 7.30601 0.0122951 14.9628 0.00731942 13.7676 0.0211567
10101.00 1396.47 0.922251 48.9399 0.261198 14.2308 0.513407 0.095872 7.28489 0.0122532 14.9947 0.00728971 13.64 0.0197525
10001.00 1395.87 0.921325 49.062 0.256177 14.2309 0.514066 0.0972283 7.26387 0.0122126 15.0275 0.00726078 13.5103 0.0184267
9901.00 1395.27 0.920422 49.1853 0.251256 14.2305 0.514759 0.0986132 7.24295 0.0121733 15.0613 0.00723263 13.3786 0.0171756
9801.00 1394.67 0.919543 49.31 0.246433 14.2296 0.515484 0.100027 7.22212 0.0121353 15.0961 0.00720526 13.2449 0.0159957
9701.00 1394.07 0.918688 49.4358 0.241704 14.2281 0.516241 0.101471 7.20139 0.0120986 15.1319 0.00717867 13.1092 0.0148837
9601.00 1393.47 0.917857 49.563 0.237068 14.226 0.517028 0.102945 7.18074 0.0120632 15.1686 0.00715285 12.9716 0.0138363
9501.00 1392.86 0.917050 49.6914 0.232522 14.2233 0.517844 0.104449 7.16018 0.0120291 15.2063 0.00712781 12.832 0.0128505
9401.00 1392.26 0.916267 49.8211 0.228063 14.22 0.518688 0.105985 7.13969 0.0119963 15.2449 0.00710355 12.6906 0.0119234
9301.00 1391.65 0.915509 49.9521 0.223689 14.216 0.519558 0.107553 7.11928 0.0119648 15.2844 0.00708006 12.5473 0.011052
9201.00 1391.05 0.914776 50.0844 0.219399 14.2114 0.520454 0.109154 7.09894 0.0119346 15.3249 0.00705736 12.4021 0.0102338
9101.00 1390.44 0.914067 50.2181 0.215189 14.2061 0.521373 0.110787 7.07866 0.0119058 15.3662 0.00703543 12.2552 0.00946607
9001.00 1389.83 0.913382 50.353 0.211058 14.2001 0.522314 0.112454 7.05844 0.0118782 15.4084 0.0070143 12.1066 0.00874632
8901.00 1389.22 0.912722 50.4893 0.207004 14.1933 0.523275 0.114155 7.03827 0.011852 15.4515 0.00699395 11.9563 0.00807217
8801.00 1388.60 0.912085 50.6269 0.203025 14.1858 0.524254 0.115891 7.01816 0.0118272 15.4954 0.00697441 11.8043 0.00744133
8701.00 1387.99 0.911472 50.7659 0.199119 14.1775 0.525249 0.117662 6.99809 0.0118037 15.5401 0.00695567 11.6508 0.00685159
8601.00 1387.37 0.910882 50.9062 0.195284 14.1683 0.526259 0.119468 6.97805 0.0117817 15.5857 0.00693774 11.4957 0.00630084
8501.00 1386.75 0.910315 51.0479 0.191518 14.1583 0.52728 0.121311 6.95805 0.011761 15.632 0.00692064 11.3392 0.00578703
8401.00 1386.13 0.909769 51.191 0.18782 14.1474 0.528311 0.12319 6.93808 0.0117417 15.6791 0.00690438 11.1812 0.00530823
8301.00 1385.50 0.909244 51.3354 0.184188 14.1355 0.529348 0.125107 6.91813 0.011724 15.7269 0.00688896 11.0219 0.00486256
8201.00 1384.88 0.908739 51.4813 0.18062 14.1227 0.53039 0.127061 6.8982 0.0117076 15.7754 0.0068744 10.8613 0.00444823
8101.00 1384.25 0.908253 51.6285 0.177116 14.1089 0.531433 0.129052 6.87827 0.0116928 15.8246 0.00686072 10.6996 0.00406351
8001.00 1383.61 0.907784 51.7772 0.173672 14.094 0.532475 0.131082 6.85835 0.0116796 15.8744 0.00684793 10.5367 0.00370675
7901.00 1382.98 0.907331 51.9272 0.17029 14.078 0.533512 0.13315 6.83843 0.0116679 15.9248 0.00683605 10.3727 0.00337636
7801.00 1382.34 0.906893 52.0787 0.166965 14.0609 0.534542 0.135256 6.8185 0.0116578 15.9757 0.0068251 10.2079 0.00307082
7701.00 1381.70 0.906468 52.2316 0.163699 14.0426 0.53556 0.137401 6.79856 0.0116494 16.0272 0.0068151 10.0422 0.00278866
7601.00 1381.05 0.906052 52.3859 0.160488 14.0231 0.536564 0.139584 6.7786 0.0116427 16.0792 0.00680608 9.87568 0.00252848
7501.00 1380.40 0.905645 52.5416 0.157333 14.0022 0.537549 0.141806 6.75861 0.0116377 16.1316 0.00679807 9.70857 0.00228895
7401.00 1379.75 0.905244 52.6988 0.154231 13.98 0.538512 0.144065 6.73859 0.0116345 16.1844 0.00679108 9.54092 0.00206877
7301.00 1379.09 0.904845 52.8574 0.151183 13.9565 0.53945 0.146363 6.71854 0.0116331 16.2375 0.00678515 9.37285 0.00186671
7201.00 1378.43 0.904446 53.0174 0.148186 13.9314 0.540358 0.148698 6.69845 0.0116337 16.2909 0.00678032 9.20448 0.0016816
7101.00 1377.77 0.904044 53.1789 0.14524 13.9048 0.541232 0.151069 6.67832 0.0116362 16.3445 0.00677662 9.03594 0.00151231
7001.00 1377.10 0.903633 53.3418 0.142344 13.8767 0.542068 0.153476 6.65813 0.0116408 16.3983 0.00677409 8.86735 0.00135777
6901.00 1376.43 0.903212 53.5062 0.139496 13.8469 0.542862 0.155918 6.6379 0.0116475 16.4523 0.00677276 8.69887 0.00121694
6801.00 1375.76 0.902775 53.672 0.136697 13.8153 0.54361 0.158394 6.61761 0.0116564 16.5063 0.0067727 8.53062 0.00108886
6701.00 1375.08 0.902318 53.8392 0.133945 13.782 0.544308 0.160903 6.59727 0.0116676 16.5602 0.00677394 8.36275 0.000972584
6601.00 1374.40 0.901836 54.0079 0.131239 13.7468 0.544951 0.163443 6.57687 0.0116812 16.6142 0.00677654 8.19541 0.00086724
6501.00 1373.71 0.901324 54.1779 0.12858 13.7096 0.545535 0.166012 6.55641 0.0116972 16.668 0.00678055 8.02876 0.000771988
6401.00 1373.02 0.900777 54.3494 0.125965 13.6704 0.546057 0.168608 6.53589 0.0117159 16.7216 0.00678603 7.86294 0.000686035
6301.00 1372.33 0.900189 54.5223 0.123394 13.6291 0.546512 0.17123 6.51532 0.0117372 16.7749 0.00679306 7.69812 0.00060863
6201.00 1371.63 0.899554 54.6965 0.120867 13.5856 0.546896 0.173875 6.49471 0.0117614 16.828 0.00680169 7.53446 0.000539067
6101.00 1370.93 0.898868 54.8722 0.118382 13.5398 0.547206 0.17654 6.47404 0.0117885 16.8806 0.00681201 7.37212 0.000476681
6001.00 1370.23 0.898124 55.0492 0.11594 13.4917 0.547439 0.179223 6.45334 0.0118188 16.9329 0.00682409 7.21125 0.000420848
5901.00 1369.53 0.897317 55.2276 0.11354 13.4411 0.547591 0.181921 6.43261 0.0118523 16.9846 0.00683802 7.05202 0.000370983
5801.00 1368.83 0.779201 55.4069 0.111141 13.3883 0.547776 0.184625 6.41236 0.0118893 17.0372 0.00685393 6.89294 0
5701.00 1368.12 0.895591 55.5879 0.108821 13.3325 0.547751 0.187345 6.39157 0.0119298 17.0878 0.00687186 6.73739 0
5601.00 1367.40 0.894556 55.7703 0.106542 13.2741 0.547638 0.190068 6.37078 0.0119741 17.1378 0.00689192 6.58393 0
5501.00 1366.69 0.893438 55.9539 0.104301 13.2128 0.547435 0.192792 6.35002 0.0120224 17.1871 0.00691421 6.43272 0
5401.00 1365.97 0.892233 56.1387 0.102099 13.1486 0.547141 0.195512 6.3293 0.0120748 17.2357 0.00693886 6.28389 0
5301.00 1365.25 0.890937 56.3248 0.0999348 13.0815 0.546753 0.198225 6.30864 0.0121315 17.2835 0.00696598 6.13757 0
5201.00 1364.53 0.889548 56.512 0.0978074 13.0113 0.54627 0.200926 6.28805 0.0121929 17.3306 0.00699569 5.99386 0
5101.00 1363.81 0.888064 56.7003 0.0957163 12.938 0.545694 0.20361 6.26757 0.012259 17.3769 0.00702813 5.85289 0
5001.00 1363.09 0.886484 56.8898 0.0936606 12.8614 0.545022 0.206274 6.24722 0.0123303 17.4225 0.00706345 5.71474 0
4901.00 1362.37 0.884808 57.0804 0.0916397 12.7815 0.544256 0.208914 6.22703 0.0124069 17.4672 0.00710178 5.57951 0
4801.00 1361.66 0.883037 57.272 0.0896526 12.6983 0.543395 0.211524 6.20701 0.0124891 17.5112 0.00714328 5.44727 0
4701.00 1360.94 0.881172 57.4647 0.0876986 12.6116 0.54244 0.214102 6.18721 0.0125772 17.5544 0.0071881 5.31807 0
4601.00 1360.22 0.879217 57.6584 0.0857768 12.5214 0.541393 0.216643 6.16766 0.0126715 17.5969 0.00723643 5.19196 0
4501.00 1359.50 0.877175 57.853 0.0838863 12.4276 0.540254 0.219143 6.14838 0.0127723 17.6387 0.00728844 5.06899 0
4401.00 1358.79 0.875052 58.0485 0.0820261 12.3301 0.539025 0.221599 6.12941 0.01288 17.6799 0.0073443 4.94916 0
4301.00 1358.08 0.872854 58.245 0.0801952 12.229 0.537706 0.224007 6.11079 0.0129949 17.7205 0.00740422 4.8325 0
4201.00 1357.37 0.870586 58.4423 0.0783929 12.124 0.536301 0.226364 6.09255 0.0131174 17.7605 0.0074684 4.719 0
4101.00 1356.66 0.868257 58.6404 0.0766179 12.0153 0.534809 0.228667 6.07472 0.0132479 17.8001 0.00753706 4.60864 0
4001.00 1355.96 0.865874 58.8394 0.0748694 11.9027 0.533232 0.230914 6.05734 0.0133867 17.8392 0.00761041 4.50139 0
3901.00 1355.26 0.863445 59.0391 0.0731463 11.7861 0.531572 0.233103 6.04045 0.0135343 17.878 0.00768871 4.39723 0
3801.00 1354.56 0.860980 59.2396 0.0714477 11.6656 0.529829 0.235231 6.02408 0.0136912 17.9166 0.0077722 4.2961 0
3701.00 1353.87 0.858489 59.4409 0.0697725 11.541 0.528006 0.237297 6.00828 0.0138579 17.9551 0.00786115 4.19794 0
3601.00 1353.18 0.855979 59.6428 0.0681199 11.4124 0.526102 0.239301 5.99307 0.0140349 17.9935 0.00795585 4.10271 0
3501.00 1352.50 0.853462 59.8455 0.0664887 11.2797 0.524118 0.241241 5.97849 0.0142227 18.0319 0.00805659 4.01031 0
3401.00 1351.81 0.850946 60.0488 0.0648781 11.1428 0.522054 0.243117 5.96458 0.0144219 18.0705 0.00816371 3.92068 0
3301.00 1351.14 0.848441 60.2528 0.0632871 11.0017 0.51991 0.24493 5.95137 0.0146331 18.1093 0.00827754 3.83374 0
3201.00 1350.46 0.845958 60.4575 0.0617149 10.8563 0.517685 0.246679 5.9389 0.0148571 18.1485 0.00839845 3.7494 0
3101.00 1349.79 0.843504 60.6628 0.0601606 10.7066 0.515379 0.248365 5.92721 0.0150946 18.1882 0.00852685 3.66757 0
3001.00 1349.12 0.841090 60.8688 0.0586234 10.5526 0.512991 0.249989 5.91633 0.0153462 18.2285 0.00866316 3.58816 0
2901.00 1348.46 0.838725 61.0755 0.0571023 10.3941 0.510517 0.251554 5.9063 0.015613 18.2695 0.00880785 3.51107 0
2801.00 1347.80 0.836418 61.2827 0.0555968 10.2311 0.507957 0.25306 5.89716 0.0158957 18.3113 0.00896141 3.43621 0
2701.00 1347.14 0.834178 61.4907 0.054106 10.0635 0.505307 0.254509 5.88893 0.0161954 18.3541 0.00912438 3.36348 0
2601.00 1346.49 0.832013 61.6993 0.0526293 9.89132 0.502564 0.255905 5.88166 0.0165132 18.398 0.00929736 3.29279 0
2501.00 1345.84 0.829934 61.9086 0.0511658 9.71438 0.499723 0.257249 5.87538 0.0168502 18.4431 0.00948098 3.22404 0
2401.00 1345.19 0.827949 62.1186 0.049715 9.53261 0.496781 0.258545 5.87014 0.0172077 18.4896 0.00967594 3.15713 0
2301.00 1344.54 0.826067 62.3293 0.0482762 9.34593 0.493731 0.259796 5.86597 0.0175871 18.5376 0.009883 3.09196 0
2201.00 1343.89 0.824299 62.5407 0.0468488 9.15421 0.490568 0.261005 5.86291 0.0179899 18.5872 0.010103 3.02845 0
2101.00 1343.24 0.822655 62.753 0.045432 8.95735 0.487284 0.262176 5.861 0.0184177 18.6385 0.0103368 2.9665 0
2001.00 1342.60 0.821146 62.966 0.0440253 8.75522 0.483872 0.263314 5.86029 0.0188724 18.6918 0.0105855 2.90601 0
1901.00 1341.95 0.819784 63.1798 0.0426279 8.54769 0.480322 0.264422 5.86081 0.019356 18.7472 0.0108501 2.84689 0
1801.00 1341.30 0.818583 63.3945 0.0412392 8.3346 0.476624 0.265506 5.86262 0.0198707 18.8048 0.0111318 2.78906 0
1701.00 1340.65 0.817558 63.6101 0.0398584 8.1158 0.472768 0.26657 5.86576 0.0204189 18.8648 0.011432 2.73242 0
1601.00 1340.00 0.816725 63.8267 0.0384848 7.89112 0.468739 0.26762 5.87028 0.0210032 18.9274 0.011752 2.67689 0
1501.00 1339.34 0.816105 64.0443 0.0371176 7.66038 0.464523 0.268661 5.87623 0.0216266 18.9927 0.0120936 2.62238 0
1401.00 1338.67 0.815718 64.2629 0.0357558 7.4234 0.460104 0.269699 5.88366 0.0222923 19.0609 0.0124585 2.5688 0
1301.00 1338.00 0.815593 64.4826 0.0343985 7.17998 0.455463 0.270742 5.89261 0.0230038 19.1323 0.0128485 2.51607 0
1201.00 1337.33 0.815760 64.7035 0.0330447 6.92991 0.450578 0.271795 5.90315 0.0237651 19.2068 0.013266 2.4641 0
1101.00 1336.64 0.816254 64.9257 0.0316932 6.673 0.445426 0.272868 5.91531 0.0245804 19.2849 0.013713 2.4128 0
1001.00 1335.94 0.817121 65.1492 0.0303428 6.40904 0.439977 0.273967 5.92915 0.0254545 19.3666 0.0141924 2.3621 0
901.00 1335.23 0.818412 65.374 0.0289922 6.13784 0.434201 0.275101 5.94471 0.0263923 19.4522 0.0147067 2.3119 0
801.00 1334.50 0.820191 65.6003 0.0276398 5.85922 0.428061 0.276281 5.96201 0.0273995 19.5417 0.0152591 2.26211 0
701.00 1333.76 0.822533 65.8281 0.0262843 5.57307 0.421514 0.277516 5.98109 0.0284819 19.6355 0.0158527 2.21265 0
601.00 1332.99 0.825532 66.0575 0.0249239 5.27929 0.414513 0.278817 6.00192 0.0296456 19.7335 0.0164909 2.16343 0
501.00 1332.19 0.829300 66.2885 0.0235569 4.97792 0.407002 0.280195 6.02449 0.030897 19.8359 0.0171771 2.11435 0
401.00 1331.37 0.833973 66.5213 0.022182 4.66909 0.398919 0.281664 6.04872 0.0322422 19.9427 0.0179147 2.06532 0
301.00 1330.51 0.839718 66.7558 0.0207975 4.35316 0.390191 0.283234 6.07446 0.0336869 20.0537 0.0187065 2.01626 0
201.00 1329.60 0.846730 66.992 0.0194025 4.03074 0.380738 0.284919 6.10149 0.0352351 20.1689 0.0195549 1.96707 0
101.00 1328.65 0.855241 67.2299 0.0179967 3.70285 0.370471 0.286729 6.12947 0.036889 20.2876 0.0204609 1.91768 0
1.00 1327.63 0.865511 67.4694 0.0165809 3.37101 0.359299 0.288673 6.15789 0.0386465 20.4091 0.0214232 1.868 0