Title: Depleted MORB Mantle of Workmann & Hart 2005

System Thermodynamic Data:
Pressure Temperature mass F phi S H V Cp dVdP*10^6 dVdT*10^6 fO2(absolute) fO2(absolute) rhol rhos viscosity aH2O chisqr
44001.00 1225.13 100.138999 0.0000000000000000 0.000000 239.099859 -1173832.552495 29.918470 123.461952 -19.849972 1363.696703 -7.207 -7.207 0.000000 3.347063 0.000 0 0.000
43901.00 1224.95 100.138999 0.0000000000000000 0.000000 239.099859 -1174131.746750 29.920381 123.467664 -19.856855 1363.634007 -7.211 -7.211 0.000000 3.346849 0.000 0 0.000
43801.00 1224.78 100.138999 0.0000000000000000 0.000000 239.099859 -1174430.960119 29.922293 123.473376 -19.863742 1363.571424 -7.216 -7.216 0.000000 3.346635 0.000 0 0.000
43701.00 1224.60 100.138999 0.0000000000000000 0.000000 239.099859 -1174730.192619 29.924207 123.479087 -19.870633 1363.508955 -7.220 -7.220 0.000000 3.346421 0.000 0 0.000
43601.00 1224.43 100.138999 0.0000000000000000 0.000000 239.099859 -1175029.444269 29.926123 123.484798 -19.877528 1363.446600 -7.225 -7.225 0.000000 3.346207 0.000 0 0.000
43501.00 1224.25 100.138999 0.0000000000000000 0.000000 239.099859 -1175328.715087 29.928041 123.490509 -19.884427 1363.384361 -7.230 -7.230 0.000000 3.345992 0.000 0 0.000
43401.00 1224.07 100.138999 0.0000000000000000 0.000000 239.099859 -1175628.005091 29.929960 123.496219 -19.891329 1363.322238 -7.234 -7.234 0.000000 3.345778 0.000 0 0.000
43301.00 1223.90 100.138999 0.0000000000000000 0.000000 239.099859 -1175927.314300 29.931882 123.501929 -19.898235 1363.260233 -7.239 -7.239 0.000000 3.345563 0.000 0 0.000
43201.00 1223.72 100.138999 0.0000000000000000 0.000000 239.099859 -1176226.642733 29.933805 123.507639 -19.905145 1363.198346 -7.244 -7.244 0.000000 3.345348 0.000 0 0.000
43101.00 1223.54 100.138999 0.0000000000000000 0.000000 239.099859 -1176525.990407 29.935730 123.513349 -19.912059 1363.136578 -7.248 -7.248 0.000000 3.345133 0.000 0 0.000
43001.00 1223.37 100.138999 0.0000000000000000 0.000000 239.099859 -1176825.357341 29.937657 123.519058 -19.918977 1363.074931 -7.253 -7.253 0.000000 3.344918 0.000 0 0.000
42901.00 1223.19 100.138999 0.0000000000000000 0.000000 239.099859 -1177124.743554 29.939586 123.524768 -19.925899 1363.013405 -7.258 -7.258 0.000000 3.344702 0.000 0 0.000
42801.00 1223.02 100.138999 0.0000000000000000 0.000000 239.099859 -1177424.149066 29.941517 123.530477 -19.932825 1362.952000 -7.262 -7.262 0.000000 3.344487 0.000 0 0.000
42701.00 1222.84 100.138999 0.0000000000000000 0.000000 239.099859 -1177723.573894 29.943449 123.536185 -19.939755 1362.890719 -7.267 -7.267 0.000000 3.344271 0.000 0 0.000
42601.00 1222.66 100.138999 0.0000000000000000 0.000000 239.099859 -1178023.018059 29.945384 123.541894 -19.946689 1362.829562 -7.272 -7.272 0.000000 3.344055 0.000 0 0.000
42501.00 1222.49 100.138999 0.0000000000000000 0.000000 239.099859 -1178322.481579 29.947320 123.547603 -19.953628 1362.768530 -7.276 -7.276 0.000000 3.343838 0.000 0 0.000
42401.00 1222.31 100.138999 0.0000000000000000 0.000000 239.099859 -1178621.964474 29.949259 123.553311 -19.960570 1362.707624 -7.281 -7.281 0.000000 3.343622 0.000 0 0.000
42301.00 1222.13 100.138999 0.0000000000000000 0.000000 239.099859 -1178921.466763 29.951199 123.559019 -19.967517 1362.646845 -7.286 -7.286 0.000000 3.343405 0.000 0 0.000
42201.00 1221.96 100.138999 0.0000000000000000 0.000000 239.099859 -1179220.988466 29.953142 123.564728 -19.974468 1362.586194 -7.291 -7.291 0.000000 3.343189 0.000 0 0.000
42101.00 1221.78 100.138999 0.0000000000000000 0.000000 239.099859 -1179520.529602 29.955086 123.570436 -19.981423 1362.525672 -7.295 -7.295 0.000000 3.342972 0.000 0 0.000
42001.00 1221.60 100.138999 0.0000000000000000 0.000000 239.099859 -1179820.090191 29.957032 123.576144 -19.988382 1362.465280 -7.300 -7.300 0.000000 3.342754 0.000 0 0.000
41901.00 1221.43 100.138999 0.0000000000000000 0.000000 239.099859 -1180119.670254 29.958981 123.581852 -19.995346 1362.405020 -7.305 -7.305 0.000000 3.342537 0.000 0 0.000
41801.00 1221.25 100.138999 0.0000000000000000 0.000000 239.099859 -1180419.269809 29.960931 123.587560 -20.002314 1362.344892 -7.310 -7.310 0.000000 3.342319 0.000 0 0.000
41701.00 1221.07 100.138999 0.0000000000000000 0.000000 239.099859 -1180718.888878 29.962883 123.593267 -20.009287 1362.284898 -7.315 -7.315 0.000000 3.342102 0.000 0 0.000
41601.00 1220.90 100.138999 0.0000000000000000 0.000000 239.099859 -1181018.527481 29.964838 123.598975 -20.016264 1362.225038 -7.319 -7.319 0.000000 3.341884 0.000 0 0.000
41501.00 1220.72 100.138999 0.0000000000000000 0.000000 239.099859 -1181318.185637 29.966794 123.604683 -20.023246 1362.165314 -7.324 -7.324 0.000000 3.341665 0.000 0 0.000
41401.00 1220.54 100.138999 0.0000000000000000 0.000000 239.099859 -1181617.863369 29.968753 123.610391 -20.030232 1362.105727 -7.329 -7.329 0.000000 3.341447 0.000 0 0.000
41301.00 1220.37 100.138999 0.0000000000000000 0.000000 239.099859 -1181917.560695 29.970713 123.616099 -20.037223 1362.046279 -7.334 -7.334 0.000000 3.341228 0.000 0 0.000
41201.00 1220.19 100.138999 0.0000000000000000 0.000000 239.099859 -1182217.277638 29.972676 123.621807 -20.044218 1361.986969 -7.339 -7.339 0.000000 3.341010 0.000 0 0.000
41101.00 1220.01 100.138999 0.0000000000000000 0.000000 239.099859 -1182517.014217 29.974641 123.627515 -20.051218 1361.927800 -7.344 -7.344 0.000000 3.340791 0.000 0 0.000
41001.00 1219.84 100.138999 0.0000000000000000 0.000000 239.099859 -1182816.770455 29.976607 123.633223 -20.058223 1361.868772 -7.349 -7.349 0.000000 3.340571 0.000 0 0.000
40901.00 1219.66 100.138999 0.0000000000000000 0.000000 239.099859 -1183116.546372 29.978576 123.638931 -20.065233 1361.809887 -7.354 -7.354 0.000000 3.340352 0.000 0 0.000
40801.00 1219.48 100.138999 0.0000000000000000 0.000000 239.099859 -1183416.341989 29.980547 123.644639 -20.072247 1361.751147 -7.359 -7.359 0.000000 3.340132 0.000 0 0.000
40701.00 1219.31 100.138999 0.0000000000000000 0.000000 239.099859 -1183716.157329 29.982521 123.650348 -20.079267 1361.692551 -7.363 -7.363 0.000000 3.339913 0.000 0 0.000
40601.00 1219.13 100.138999 0.0000000000000000 0.000000 239.099859 -1184015.992412 29.984496 123.656056 -20.086291 1361.634103 -7.368 -7.368 0.000000 3.339693 0.000 0 0.000
40501.00 1218.95 100.138999 0.0000000000000000 0.000000 239.099859 -1184315.847261 29.986474 123.661765 -20.093320 1361.575802 -7.373 -7.373 0.000000 3.339472 0.000 0 0.000
40401.00 1218.78 100.138999 0.0000000000000000 0.000000 239.099859 -1184615.721897 29.988454 123.667474 -20.100354 1361.517651 -7.378 -7.378 0.000000 3.339252 0.000 0 0.000
40301.00 1218.60 100.138999 0.0000000000000000 0.000000 239.099859 -1184915.616343 29.990436 123.673183 -20.107394 1361.459650 -7.383 -7.383 0.000000 3.339031 0.000 0 0.000
40201.00 1218.42 100.138999 0.0000000000000000 0.000000 239.099859 -1185215.530621 29.992420 123.678892 -20.114438 1361.401801 -7.388 -7.388 0.000000 3.338810 0.000 0 0.000
40101.00 1218.25 100.138999 0.0000000000000000 0.000000 239.099859 -1185515.464752 29.994407 123.684602 -20.121488 1361.344106 -7.393 -7.393 0.000000 3.338589 0.000 0 0.000
40001.00 1218.07 100.138999 0.0000000000000000 0.000000 239.099859 -1185815.418761 29.996395 123.690312 -20.128542 1361.286565 -7.398 -7.398 0.000000 3.338368 0.000 0 0.000
39901.00 1217.89 100.138999 0.0000000000000000 0.000000 239.099859 -1186115.392668 29.998386 123.696022 -20.135602 1361.229181 -7.404 -7.404 0.000000 3.338146 0.000 0 0.000
39801.00 1217.72 100.138999 0.0000000000000000 0.000000 239.099859 -1186415.386498 30.000380 123.701732 -20.142668 1361.171953 -7.409 -7.409 0.000000 3.337924 0.000 0 0.000
39701.00 1217.54 100.138999 0.0000000000000000 0.000000 239.099859 -1186715.400273 30.002376 123.707443 -20.149738 1361.114885 -7.414 -7.414 0.000000 3.337702 0.000 0 0.000
39601.00 1217.36 100.138999 0.0000000000000000 0.000000 239.099859 -1187015.434016 30.004373 123.713154 -20.156814 1361.057978 -7.419 -7.419 0.000000 3.337480 0.000 0 0.000
39501.00 1217.18 100.138999 0.0000000000000000 0.000000 239.099859 -1187315.487750 30.006374 123.718866 -20.163896 1361.001232 -7.424 -7.424 0.000000 3.337258 0.000 0 0.000
39401.00 1217.01 100.138999 0.0000000000000000 0.000000 239.099859 -1187615.561500 30.008377 123.724578 -20.170983 1360.944650 -7.429 -7.429 0.000000 3.337035 0.000 0 0.000
39301.00 1216.83 100.138999 0.0000000000000000 0.000000 239.099859 -1187915.655289 30.010382 123.730290 -20.178075 1360.888232 -7.434 -7.434 0.000000 3.336812 0.000 0 0.000
39201.00 1216.65 100.138999 0.0000000000000000 0.000000 239.099859 -1188215.769140 30.012389 123.736003 -20.185174 1360.831981 -7.439 -7.439 0.000000 3.336589 0.000 0 0.000
39101.00 1216.48 100.138999 0.0000000000000000 0.000000 239.099859 -1188515.903078 30.014399 123.741716 -20.192277 1360.775899 -7.445 -7.445 0.000000 3.336365 0.000 0 0.000
39001.00 1216.30 100.138999 0.0000000000000000 0.000000 239.099859 -1188816.057126 30.016411 123.747430 -20.199387 1360.719986 -7.450 -7.450 0.000000 3.336142 0.000 0 0.000
38901.00 1216.12 100.138999 0.0000000000000000 0.000000 239.099859 -1189116.231310 30.018426 123.753144 -20.206502 1360.664244 -7.455 -7.455 0.000000 3.335918 0.000 0 0.000
38801.00 1215.94 100.138999 0.0000000000000000 0.000000 239.099859 -1189416.425653 30.020443 123.758859 -20.213624 1360.608675 -7.460 -7.460 0.000000 3.335694 0.000 0 0.000
38701.00 1215.77 100.138999 0.0000000000000000 0.000000 239.099859 -1189716.640181 30.022463 123.764574 -20.220751 1360.553281 -7.465 -7.465 0.000000 3.335469 0.000 0 0.000
38601.00 1215.59 100.138999 0.0000000000000000 0.000000 239.099859 -1190016.874919 30.024485 123.770290 -20.227884 1360.498063 -7.471 -7.471 0.000000 3.335245 0.000 0 0.000
38501.00 1215.41 100.138999 0.0000000000000000 0.000000 239.099859 -1190317.129890 30.026510 123.776007 -20.235023 1360.443023 -7.476 -7.476 0.000000 3.335020 0.000 0 0.000
38401.00 1215.23 100.138999 0.0000000000000000 0.000000 239.099859 -1190617.405122 30.028537 123.781724 -20.242168 1360.388163 -7.481 -7.481 0.000000 3.334794 0.000 0 0.000
38301.00 1215.06 100.138999 0.0000000000000000 0.000000 239.099859 -1190917.700639 30.030567 123.787442 -20.249319 1360.333485 -7.486 -7.486 0.000000 3.334569 0.000 0 0.000
38201.00 1214.88 100.138999 0.0000000000000000 0.000000 239.099859 -1191218.016467 30.032599 123.793160 -20.256477 1360.278990 -7.492 -7.492 0.000000 3.334343 0.000 0 0.000
38101.00 1214.70 100.138999 0.0000000000000000 0.000000 239.099859 -1191518.352631 30.034634 123.798879 -20.263641 1360.224680 -7.497 -7.497 0.000000 3.334117 0.000 0 0.000
38001.00 1214.52 100.138999 0.0000000000000000 0.000000 239.099859 -1191818.709159 30.036672 123.804599 -20.270811 1360.170557 -7.502 -7.502 0.000000 3.333891 0.000 0 0.000
37901.00 1214.35 100.138999 0.0000000000000000 0.000000 239.099859 -1192119.086076 30.038712 123.810320 -20.277988 1360.116623 -7.508 -7.508 0.000000 3.333665 0.000 0 0.000
37801.00 1214.17 100.138999 0.0000000000000000 0.000000 239.099859 -1192419.483409 30.040755 123.816042 -20.285171 1360.062879 -7.513 -7.513 0.000000 3.333438 0.000 0 0.000
37701.00 1213.99 100.138999 0.0000000000000000 0.000000 239.099859 -1192719.901185 30.042801 123.821764 -20.292360 1360.009329 -7.518 -7.518 0.000000 3.333211 0.000 0 0.000
37601.00 1213.81 100.138999 0.0000000000000000 0.000000 239.099859 -1193020.339430 30.044849 123.827487 -20.299556 1359.955973 -7.524 -7.524 0.000000 3.332984 0.000 0 0.000
37501.00 1213.64 100.138999 0.0000000000000000 0.000000 239.099859 -1193320.798171 30.046900 123.833212 -20.306759 1359.902814 -7.529 -7.529 0.000000 3.332756 0.000 0 0.000
37401.00 1213.46 100.138999 0.0000000000000000 0.000000 239.099859 -1193621.277437 30.048954 123.838937 -20.313969 1359.849854 -7.535 -7.535 0.000000 3.332529 0.000 0 0.000
37301.00 1213.28 100.138999 0.0000000000000000 0.000000 239.099859 -1193921.777255 30.051010 123.844663 -20.321185 1359.797095 -7.540 -7.540 0.000000 3.332301 0.000 0 0.000
37201.00 1213.10 100.138999 0.0000000000000000 0.000000 239.099859 -1194222.297653 30.053070 123.850390 -20.328409 1359.744538 -7.546 -7.546 0.000000 3.332072 0.000 0 0.000
37101.00 1212.92 100.138999 0.0000000000000000 0.000000 239.099859 -1194522.838658 30.055132 123.856118 -20.335639 1359.692187 -7.551 -7.551 0.000000 3.331844 0.000 0 0.000
37001.00 1212.75 100.138999 0.0000000000000000 0.000000 239.099859 -1194823.400299 30.057197 123.861847 -20.342876 1359.640043 -7.557 -7.557 0.000000 3.331615 0.000 0 0.000
36901.00 1212.57 100.138999 0.0000000000000000 0.000000 239.099859 -1195123.982605 30.059265 123.867577 -20.350121 1359.588108 -7.562 -7.562 0.000000 3.331386 0.000 0 0.000
36801.00 1212.39 100.138999 0.0000000000000000 0.000000 239.099859 -1195424.585605 30.061336 123.873308 -20.357372 1359.536385 -7.568 -7.568 0.000000 3.331156 0.000 0 0.000
36701.00 1212.21 100.138999 0.0000000000000000 0.000000 239.099859 -1195725.209327 30.063409 123.879040 -20.364631 1359.484875 -7.573 -7.573 0.000000 3.330926 0.000 0 0.000
36601.00 1212.03 100.138999 0.0000000000000000 0.000000 239.099859 -1196025.853801 30.065486 123.884774 -20.371898 1359.433582 -7.579 -7.579 0.000000 3.330696 0.000 0 0.000
36501.00 1211.86 100.138999 0.0000000000000000 0.000000 239.099859 -1196326.519057 30.067566 123.890509 -20.379171 1359.382508 -7.584 -7.584 0.000000 3.330466 0.000 0 0.000
36401.00 1211.68 100.138999 0.0000000000000000 0.000000 239.099859 -1196627.205124 30.069648 123.896245 -20.386452 1359.331655 -7.590 -7.590 0.000000 3.330235 0.000 0 0.000
36301.00 1211.50 100.138999 0.0000000000000000 0.000000 239.099859 -1196927.912033 30.071734 123.901982 -20.393741 1359.281025 -7.595 -7.595 0.000000 3.330004 0.000 0 0.000
36201.00 1211.32 100.138999 0.0000000000000000 0.000000 239.099859 -1197228.639814 30.073823 123.907721 -20.401038 1359.230621 -7.601 -7.601 0.000000 3.329773 0.000 0 0.000
36101.00 1211.14 100.138999 0.0000000000000000 0.000000 239.099859 -1197529.388497 30.075915 123.913461 -20.408342 1359.180445 -7.607 -7.607 0.000000 3.329541 0.000 0 0.000
36001.00 1210.96 100.138999 0.0000000000000000 0.000000 239.099859 -1197830.158115 30.078009 123.919203 -20.415654 1359.130500 -7.612 -7.612 0.000000 3.329309 0.000 0 0.000
35901.00 1210.78 100.138999 0.0000000000000000 0.000000 239.099859 -1198130.948697 30.080108 123.924946 -20.422974 1359.080789 -7.618 -7.618 0.000000 3.329077 0.000 0 0.000
35801.00 1210.61 100.138999 0.0000000000000000 0.000000 239.099859 -1198431.760275 30.082209 123.930690 -20.430302 1359.031314 -7.624 -7.624 0.000000 3.328845 0.000 0 0.000
35701.00 1210.43 100.138999 0.0000000000000000 0.000000 239.099859 -1198732.592882 30.084313 123.936436 -20.437638 1358.982078 -7.629 -7.629 0.000000 3.328612 0.000 0 0.000
35601.00 1210.25 100.138999 0.0000000000000000 0.000000 239.099859 -1199033.446550 30.086421 123.942184 -20.444983 1358.933084 -7.635 -7.635 0.000000 3.328379 0.000 0 0.000
35501.00 1210.07 100.138999 0.0000000000000000 0.000000 239.099859 -1199334.321311 30.088532 123.947933 -20.452336 1358.884334 -7.641 -7.641 0.000000 3.328145 0.000 0 0.000
35401.00 1209.89 100.138999 0.0000000000000000 0.000000 239.099859 -1199635.217197 30.090646 123.953684 -20.459697 1358.835831 -7.647 -7.647 0.000000 3.327911 0.000 0 0.000
35301.00 1209.71 100.138999 0.0000000000000000 0.000000 239.099859 -1199936.134242 30.092764 123.959437 -20.467066 1358.787578 -7.652 -7.652 0.000000 3.327677 0.000 0 0.000
35201.00 1209.53 100.138999 0.0000000000000000 0.000000 239.099859 -1200237.072480 30.094884 123.965191 -20.474445 1358.739579 -7.658 -7.658 0.000000 3.327443 0.000 0 0.000
35101.00 1209.35 100.138999 0.0000000000000000 0.000000 239.099859 -1200538.031943 30.097009 123.970947 -20.481832 1358.691835 -7.664 -7.664 0.000000 3.327208 0.000 0 0.000
35001.00 1209.18 100.138999 0.0000000000000000 0.000000 239.099859 -1200839.012667 30.099137 123.976705 -20.489227 1358.644351 -7.670 -7.670 0.000000 3.326972 0.000 0 0.000
34901.00 1209.00 100.138999 0.0000000000000000 0.000000 239.099859 -1201140.014685 30.101268 123.982465 -20.496632 1358.597129 -7.676 -7.676 0.000000 3.326737 0.000 0 0.000
34801.00 1208.82 100.138999 0.0000000000000000 0.000000 239.099859 -1201441.038032 30.103402 123.988227 -20.504046 1358.550172 -7.682 -7.682 0.000000 3.326501 0.000 0 0.000
34701.00 1208.64 100.138999 0.0000000000000000 0.000000 239.099859 -1201742.082744 30.105541 123.993991 -20.511468 1358.503484 -7.688 -7.688 0.000000 3.326265 0.000 0 0.000
34601.00 1208.46 100.138999 0.0000000000000000 0.000000 239.099859 -1202043.148856 30.107682 123.999757 -20.518900 1358.457067 -7.693 -7.693 0.000000 3.326028 0.000 0 0.000
34501.00 1208.28 100.138999 0.0000000000000000 0.000000 239.099859 -1202344.236404 30.109828 124.005526 -20.526342 1358.410926 -7.699 -7.699 0.000000 3.325791 0.000 0 0.000
34401.00 1208.10 100.138999 0.0000000000000000 0.000000 239.099859 -1202645.345424 30.111977 124.011296 -20.533793 1358.365063 -7.705 -7.705 0.000000 3.325554 0.000 0 0.000
34301.00 1207.92 100.138999 0.0000000000000000 0.000000 239.099859 -1202946.475953 30.114130 124.017069 -20.541253 1358.319483 -7.711 -7.711 0.000000 3.325316 0.000 0 0.000
34201.00 1207.74 100.138999 0.0000000000000000 0.000000 239.099859 -1203247.628027 30.116286 124.022844 -20.548723 1358.274188 -7.717 -7.717 0.000000 3.325078 0.000 0 0.000
34101.00 1207.56 100.138999 0.0000000000000000 0.000000 239.099859 -1203548.801685 30.118446 124.028621 -20.556203 1358.229182 -7.723 -7.723 0.000000 3.324839 0.000 0 0.000
34001.00 1207.38 100.138999 0.0000000000000000 0.000000 239.099859 -1203849.996964 30.120610 124.034400 -20.563693 1358.184469 -7.729 -7.729 0.000000 3.324601 0.000 0 0.000
33901.00 1207.20 100.138999 0.0000000000000000 0.000000 239.099859 -1204151.213901 30.122778 124.040183 -20.571193 1358.140053 -7.735 -7.735 0.000000 3.324361 0.000 0 0.000
33801.00 1207.02 100.138999 0.0000000000000000 0.000000 239.099859 -1204452.452537 30.124950 124.045967 -20.578703 1358.095937 -7.741 -7.741 0.000000 3.324122 0.000 0 0.000
33701.00 1206.84 100.138999 0.0000000000000000 0.000000 239.099859 -1204753.712910 30.127125 124.051755 -20.586223 1358.052125 -7.748 -7.748 0.000000 3.323882 0.000 0 0.000
33601.00 1206.66 100.138999 0.0000000000000000 0.000000 239.099859 -1205054.995059 30.129305 124.057544 -20.593754 1358.008622 -7.754 -7.754 0.000000 3.323641 0.000 0 0.000
33501.00 1206.48 100.138999 0.0000000000000000 0.000000 239.099859 -1205356.299025 30.131489 124.063337 -20.601296 1357.965430 -7.760 -7.760 0.000000 3.323400 0.000 0 0.000
33401.00 1206.30 100.138999 0.0000000000000000 0.000000 239.099859 -1205657.624848 30.133676 124.069133 -20.608848 1357.922556 -7.766 -7.766 0.000000 3.323159 0.000 0 0.000
33301.00 1206.12 100.138999 0.0000000000000000 0.000000 239.099859 -1205958.972569 30.135868 124.074931 -20.616411 1357.880002 -7.772 -7.772 0.000000 3.322917 0.000 0 0.000
33201.00 1205.94 100.138999 0.0000000000000000 0.000000 239.099859 -1206260.342229 30.138064 124.080732 -20.623985 1357.837773 -7.778 -7.778 0.000000 3.322675 0.000 0 0.000
33101.00 1205.76 100.138999 0.0000000000000000 0.000000 239.099859 -1206561.733869 30.140265 124.086537 -20.631570 1357.795873 -7.785 -7.785 0.000000 3.322433 0.000 0 0.000
33001.00 1205.58 100.138999 0.0000000000000000 0.000000 239.099859 -1206863.147534 30.142469 124.092344 -20.639166 1357.754307 -7.791 -7.791 0.000000 3.322190 0.000 0 0.000
32901.00 1205.40 100.138999 0.0000000000000000 0.000000 239.099859 -1207164.583265 30.144678 124.098155 -20.646774 1357.713079 -7.797 -7.797 0.000000 3.321946 0.000 0 0.000
32801.00 1205.22 100.138999 0.0000000000000000 0.000000 239.099859 -1207466.041105 30.146891 124.103969 -20.654393 1357.672195 -7.803 -7.803 0.000000 3.321702 0.000 0 0.000
32701.00 1205.04 100.138999 0.0000000000000000 0.000000 239.099859 -1207767.521099 30.149109 124.109786 -20.662025 1357.631658 -7.810 -7.810 0.000000 3.321458 0.000 0 0.000
32601.00 1204.86 100.138999 0.0000000000000000 0.000000 239.099859 -1208069.023291 30.151331 124.115606 -20.669668 1357.591473 -7.816 -7.816 0.000000 3.321213 0.000 0 0.000
32501.00 1204.68 100.138999 0.0000000000000000 0.000000 239.099859 -1208370.547726 30.153557 124.121430 -20.677323 1357.551647 -7.822 -7.822 0.000000 3.320968 0.000 0 0.000
32401.00 1204.50 100.138999 0.0000000000000000 0.000000 239.099859 -1208672.094449 30.155788 124.127258 -20.684990 1357.512183 -7.829 -7.829 0.000000 3.320722 0.000 0 0.000
32301.00 1204.31 100.138999 0.0000000000000000 0.000000 239.099859 -1208973.663507 30.158024 124.133089 -20.692670 1357.473087 -7.835 -7.835 0.000000 3.320476 0.000 0 0.000
32201.00 1204.13 100.138999 0.0000000000000000 0.000000 239.099859 -1209275.254947 30.160265 124.138925 -20.700362 1357.434364 -7.842 -7.842 0.000000 3.320229 0.000 0 0.000
32101.00 1203.95 100.138999 0.0000000000000000 0.000000 239.099859 -1209576.868815 30.162510 124.144764 -20.708067 1357.396020 -7.848 -7.848 0.000000 3.319982 0.000 0 0.000
32001.00 1203.77 100.138999 0.0000000000000000 0.000000 239.099859 -1209878.505160 30.164760 124.150607 -20.715785 1357.358059 -7.854 -7.854 0.000000 3.319735 0.000 0 0.000
31901.00 1203.59 100.138999 0.0000000000000000 0.000000 239.099859 -1210180.164030 30.167015 124.156454 -20.723516 1357.320489 -7.861 -7.861 0.000000 3.319487 0.000 0 0.000
31801.00 1203.41 100.138999 0.0000000000000000 0.000000 239.099859 -1210481.845474 30.169275 124.162305 -20.731260 1357.283314 -7.868 -7.868 0.000000 3.319238 0.000 0 0.000
31701.00 1203.23 100.138999 0.0000000000000000 0.000000 239.099859 -1210783.549542 30.171540 124.168160 -20.739018 1357.246540 -7.874 -7.874 0.000000 3.318989 0.000 0 0.000
31601.00 1203.04 100.138999 0.0000000000000000 0.000000 239.099859 -1211085.276285 30.173810 124.174020 -20.746789 1357.210174 -7.881 -7.881 0.000000 3.318739 0.000 0 0.000
31501.00 1202.86 100.138999 0.0000000000000000 0.000000 239.099859 -1211387.025754 30.176085 124.179884 -20.754574 1357.174221 -7.887 -7.887 0.000000 3.318489 0.000 0 0.000
31401.00 1202.68 100.138999 0.0000000000000000 0.000000 239.099859 -1211688.798001 30.178365 124.185753 -20.762374 1357.138689 -7.894 -7.894 0.000000 3.318238 0.000 0 0.000
31301.00 1202.50 100.138999 0.0000000000000000 0.000000 239.099859 -1211990.593077 30.180651 124.191626 -20.770187 1357.103583 -7.900 -7.900 0.000000 3.317987 0.000 0 0.000
31201.00 1202.31 100.138999 0.0000000000000000 0.000000 239.099859 -1212292.411038 30.182942 124.197505 -20.778015 1357.068910 -7.907 -7.907 0.000000 3.317735 0.000 0 0.000
31101.00 1202.13 100.138999 0.0000000000000000 0.000000 239.099859 -1212594.251936 30.185239 124.203388 -20.785858 1357.034677 -7.914 -7.914 0.000000 3.317482 0.000 0 0.000
31001.00 1201.95 100.138999 0.0000000000000000 0.000000 239.099859 -1212896.115827 30.187541 124.209276 -20.793715 1357.000890 -7.921 -7.921 0.000000 3.317229 0.000 0 0.000
30901.00 1201.77 100.138999 0.0000000000000000 0.000000 239.099859 -1213198.002765 30.189848 124.215170 -20.801588 1356.967557 -7.927 -7.927 0.000000 3.316976 0.000 0 0.000
30801.00 1201.58 100.138999 0.0000000000000000 0.000000 239.099859 -1213499.912809 30.192161 124.221068 -20.809476 1356.934686 -7.934 -7.934 0.000000 3.316722 0.000 0 0.000
30701.00 1201.40 100.138999 0.0000000000000000 0.000000 239.099859 -1213801.846014 30.194481 124.226972 -20.817380 1356.902283 -7.941 -7.941 0.000000 3.316467 0.000 0 0.000
30601.00 1201.22 100.138999 0.0000000000000000 0.000000 239.099859 -1214103.802439 30.196805 124.232882 -20.825299 1356.870356 -7.948 -7.948 0.000000 3.316212 0.000 0 0.000
30501.00 1201.04 100.138999 0.0000000000000000 0.000000 239.099859 -1214405.782143 30.199136 124.238798 -20.833235 1356.838913 -7.955 -7.955 0.000000 3.315956 0.000 0 0.000
30401.00 1200.85 100.138999 0.0000000000000000 0.000000 239.099859 -1214707.785185 30.201473 124.244719 -20.841187 1356.807962 -7.962 -7.962 0.000000 3.315699 0.000 0 0.000
30301.00 1200.67 100.138999 0.0000000000000000 0.000000 239.099859 -1215009.811627 30.203816 124.250646 -20.849155 1356.777511 -7.968 -7.968 0.000000 3.315442 0.000 0 0.000
30201.00 1200.49 100.138999 0.0000000000000000 0.000000 239.099859 -1215311.861530 30.206165 124.256580 -20.857141 1356.747569 -7.975 -7.975 0.000000 3.315184 0.000 0 0.000
30101.00 1200.30 100.138999 0.0000000000000000 0.000000 239.099859 -1215613.934957 30.208521 124.262520 -20.865143 1356.718144 -7.982 -7.982 0.000000 3.314926 0.000 0 0.000
30001.00 1200.12 100.138999 0.0000000000000000 0.000000 239.099859 -1215916.031970 30.210883 124.268466 -20.873163 1356.689245 -7.989 -7.989 0.000000 3.314666 0.000 0 0.000
29901.00 1199.93 100.138999 0.0000000000000000 0.000000 239.099859 -1216218.152636 30.213251 124.274419 -20.881201 1356.660880 -7.996 -7.996 0.000000 3.314407 0.000 0 0.000
29801.00 1199.75 100.138999 0.0000000000000000 0.000000 239.099859 -1216520.297018 30.215626 124.280378 -20.889256 1356.633060 -8.003 -8.003 0.000000 3.314146 0.000 0 0.000
29701.00 1199.57 100.138999 0.0000000000000000 0.000000 239.099859 -1216822.465185 30.218008 124.286345 -20.897330 1356.605794 -8.011 -8.011 0.000000 3.313885 0.000 0 0.000
29601.00 1199.38 100.138999 0.0000000000000000 0.000000 239.099859 -1217124.657204 30.220397 124.292319 -20.905422 1356.579091 -8.018 -8.018 0.000000 3.313623 0.000 0 0.000
29501.00 1199.20 100.138999 0.0000000000000000 0.000000 239.099859 -1217426.873142 30.222792 124.298300 -20.913533 1356.552962 -8.025 -8.025 0.000000 3.313360 0.000 0 0.000
29401.00 1199.01 100.138999 0.0000000000000000 0.000000 239.099859 -1217729.113072 30.225195 124.304288 -20.921663 1356.527416 -8.032 -8.032 0.000000 3.313097 0.000 0 0.000
29301.00 1198.83 100.138999 0.0000000000000000 0.000000 239.099859 -1218031.377062 30.227605 124.310285 -20.929813 1356.502464 -8.039 -8.039 0.000000 3.312833 0.000 0 0.000
29201.00 1198.64 100.138999 0.0000000000000000 0.000000 239.099859 -1218333.665187 30.230022 124.316289 -20.937983 1356.478118 -8.047 -8.047 0.000000 3.312568 0.000 0 0.000
29101.00 1198.46 100.138999 0.0000000000000000 0.000000 239.099859 -1218635.977518 30.232446 124.322301 -20.946173 1356.454387 -8.054 -8.054 0.000000 3.312302 0.000 0 0.000
29001.00 1198.27 100.138999 0.0000000000000000 0.000000 239.099859 -1218938.314132 30.234878 124.328322 -20.954383 1356.431284 -8.061 -8.061 0.000000 3.312036 0.000 0 0.000
28901.00 1198.09 100.138999 0.0000000000000000 0.000000 239.099859 -1219240.675103 30.237318 124.334351 -20.962614 1356.408820 -8.069 -8.069 0.000000 3.311769 0.000 0 0.000
28801.00 1197.90 100.138999 0.0000000000000000 0.000000 239.099859 -1219543.060510 30.239765 124.340389 -20.970866 1356.387007 -8.076 -8.076 0.000000 3.311501 0.000 0 0.000
28701.00 1197.72 100.138999 0.0000000000000000 0.000000 239.099859 -1219845.470431 30.242220 124.346436 -20.979140 1356.365858 -8.083 -8.083 0.000000 3.311232 0.000 0 0.000
28601.00 1197.53 100.138999 0.0000000000000000 0.000000 239.099859 -1220147.904946 30.244684 124.352492 -20.987436 1356.345384 -8.091 -8.091 0.000000 3.310962 0.000 0 0.000
28501.00 1197.34 100.138999 0.0000000000000000 0.000000 239.099859 -1220450.364136 30.247156 124.358557 -20.995755 1356.325599 -8.098 -8.098 0.000000 3.310691 0.000 0 0.000
28401.00 1197.16 100.138999 0.0000000000000000 0.000000 239.099859 -1220752.848085 30.249636 124.364632 -21.004096 1356.306517 -8.106 -8.106 0.000000 3.310420 0.000 0 0.000
28301.00 1196.97 100.138999 0.0000000000000000 0.000000 239.099859 -1221055.356877 30.252124 124.370717 -21.012460 1356.288150 -8.114 -8.114 0.000000 3.310148 0.000 0 0.000
28201.00 1196.78 100.138999 0.0000000000000000 0.000000 239.099859 -1221357.890598 30.254621 124.376813 -21.020848 1356.270514 -8.121 -8.121 0.000000 3.309874 0.000 0 0.000
28101.00 1196.60 100.138999 0.0000000000000000 0.000000 239.099859 -1221660.449336 30.257128 124.382918 -21.029260 1356.253622 -8.129 -8.129 0.000000 3.309600 0.000 0 0.000
28001.00 1196.41 100.138999 0.0000000000000000 0.000000 239.099859 -1221963.033179 30.259643 124.389035 -21.037697 1356.237489 -8.136 -8.136 0.000000 3.309325 0.000 0 0.000
27901.00 1196.22 100.138999 0.0000000000000000 0.000000 239.099859 -1222265.642218 30.262167 124.395162 -21.046158 1356.222130 -8.144 -8.144 0.000000 3.309049 0.000 0 0.000
27801.00 1196.04 100.138999 0.0000000000000000 0.000000 239.099859 -1222568.276547 30.264700 124.401301 -21.054645 1356.207562 -8.152 -8.152 0.000000 3.308772 0.000 0 0.000
27701.00 1195.85 100.138999 0.0000000000000000 0.000000 239.099859 -1222870.936259 30.267244 124.407452 -21.063158 1356.193800 -8.160 -8.160 0.000000 3.308494 0.000 0 0.000
27601.00 1195.66 100.138999 0.0000000000000000 0.000000 239.099859 -1223173.621451 30.269796 124.413614 -21.071697 1356.180861 -8.168 -8.168 0.000000 3.308215 0.000 0 0.000
27501.00 1195.47 100.138999 0.0000000000000000 0.000000 239.099859 -1223476.332221 30.272359 124.419789 -21.080263 1356.168761 -8.176 -8.176 0.000000 3.307935 0.000 0 0.000
27401.00 1195.28 100.138999 0.0000000000000000 0.000000 239.099859 -1223779.068668 30.274932 124.425976 -21.088857 1356.157519 -8.184 -8.184 0.000000 3.307654 0.000 0 0.000
27301.00 1195.10 100.138999 0.0000000000000000 0.000000 239.099859 -1224081.830895 30.277515 124.432176 -21.097478 1356.147152 -8.192 -8.192 0.000000 3.307372 0.000 0 0.000
27201.00 1194.91 100.138999 0.0000000000000000 0.000000 239.099859 -1224384.619005 30.280109 124.438390 -21.106128 1356.137679 -8.200 -8.200 0.000000 3.307088 0.000 0 0.000
27101.00 1194.72 100.138999 0.0000000000000000 0.000000 239.099859 -1224687.433105 30.282713 124.444617 -21.114807 1356.129119 -8.208 -8.208 0.000000 3.306804 0.000 0 0.000
27001.00 1194.53 100.138999 0.0000000000000000 0.000000 239.099859 -1224990.273302 30.285328 124.450858 -21.123516 1356.121491 -8.216 -8.216 0.000000 3.306519 0.000 0 0.000
26901.00 1194.34 100.138999 0.0000000000000000 0.000000 239.099859 -1225293.139707 30.287955 124.457113 -21.132255 1356.114816 -8.224 -8.224 0.000000 3.306232 0.000 0 0.000
26801.00 1194.15 100.138999 0.0000000000000000 0.000000 239.099859 -1225596.032433 30.290592 124.463383 -21.141025 1356.109114 -8.232 -8.232 0.000000 3.305944 0.000 0 0.000
26701.00 1193.96 100.138999 0.0000000000000000 0.000000 239.099859 -1225898.951594 30.293242 124.469669 -21.149826 1356.104406 -8.241 -8.241 0.000000 3.305655 0.000 0 0.000
26601.00 1193.77 100.138999 0.0000000000000000 0.000000 239.099859 -1226201.897307 30.295903 124.475970 -21.158660 1356.100715 -8.249 -8.249 0.000000 3.305364 0.000 0 0.000
26501.00 1193.58 100.138999 0.0000000000000000 0.000000 239.099859 -1226504.869693 30.298576 124.482287 -21.167526 1356.098063 -8.257 -8.257 0.000000 3.305073 0.000 0 0.000
26401.00 1193.39 100.138999 0.0000000000000000 0.000000 239.099859 -1226807.868873 30.301262 124.488620 -21.176426 1356.096472 -8.266 -8.266 0.000000 3.304780 0.000 0 0.000
26301.00 1193.20 100.138999 0.0000000000000000 0.000000 239.099859 -1227110.894973 30.303960 124.494970 -21.185360 1356.095968 -8.274 -8.274 0.000000 3.304486 0.000 0 0.000
26201.00 1193.01 100.138999 0.0000000000000000 0.000000 239.099859 -1227413.948119 30.306671 124.501338 -21.194328 1356.096574 -8.283 -8.283 0.000000 3.304190 0.000 0 0.000
26101.00 1192.81 100.138999 0.0000000000000000 0.000000 239.099859 -1227717.028443 30.309396 124.507723 -21.203333 1356.098316 -8.291 -8.291 0.000000 3.303893 0.000 0 0.000
26001.00 1192.62 100.138999 0.0000000000000000 0.000000 239.099859 -1228020.136077 30.312133 124.514127 -21.212373 1356.101219 -8.300 -8.300 0.000000 3.303595 0.000 0 0.000
25901.00 1192.43 100.138999 0.0000000000000000 0.000000 239.099859 -1228323.271158 30.314885 124.520549 -21.221451 1356.105311 -8.309 -8.309 0.000000 3.303295 0.000 0 0.000
25801.00 1192.24 100.138999 0.0000000000000000 0.000000 239.099859 -1228626.433823 30.317651 124.526991 -21.230567 1356.110619 -8.317 -8.317 0.000000 3.302993 0.000 0 0.000
25701.00 1192.04 100.138999 0.0000000000000000 0.000000 239.099859 -1228929.624216 30.320430 124.533453 -21.239722 1356.117171 -8.326 -8.326 0.000000 3.302691 0.000 0 0.000
25601.00 1191.85 100.138999 0.0000000000000000 0.000000 239.099859 -1229232.842481 30.323225 124.539935 -21.248916 1356.124997 -8.335 -8.335 0.000000 3.302386 0.000 0 0.000
25501.00 1191.66 100.138999 0.0000000000000000 0.000000 239.099859 -1229536.088767 30.326035 124.546438 -21.258151 1356.134125 -8.344 -8.344 0.000000 3.302080 0.000 0 0.000
25401.00 1191.46 100.138999 0.0000000000000000 0.000000 239.099859 -1229839.363226 30.328860 124.552963 -21.267427 1356.144589 -8.353 -8.353 0.000000 3.301773 0.000 0 0.000
25301.00 1191.27 100.138999 0.0000000000000000 0.000000 239.099859 -1230142.666012 30.331700 124.559510 -21.276745 1356.156418 -8.362 -8.362 0.000000 3.301463 0.000 0 0.000
25201.00 1191.08 100.138999 0.0000000000000000 0.000000 239.099859 -1230445.997285 30.334557 124.566079 -21.286107 1356.169646 -8.371 -8.371 0.000000 3.301153 0.000 0 0.000
25101.00 1190.88 100.138999 0.0000000000000000 0.000000 239.099859 -1230749.357207 30.337430 124.572672 -21.295512 1356.184306 -8.381 -8.381 0.000000 3.300840 0.000 0 0.000
25001.00 1190.69 100.138999 0.0000000000000000 0.000000 239.099859 -1231052.745944 30.340320 124.579290 -21.304963 1356.200434 -8.390 -8.390 0.000000 3.300525 0.000 0 0.000
24901.00 1190.49 100.138999 0.0000000000000000 0.000000 239.099859 -1231356.163666 30.343227 124.585932 -21.314460 1356.218064 -8.399 -8.399 0.000000 3.300209 0.000 0 0.000
24801.00 1190.30 100.138999 0.0000000000000000 0.000000 239.099859 -1231659.610547 30.346152 124.592599 -21.324005 1356.237234 -8.409 -8.409 0.000000 3.299891 0.000 0 0.000
24701.00 1190.10 100.138999 0.0000000000000000 0.000000 239.099859 -1231963.086764 30.349095 124.599293 -21.333598 1356.257981 -8.418 -8.418 0.000000 3.299571 0.000 0 0.000
24601.00 1189.90 100.138999 0.0000000000000000 0.000000 239.099859 -1232266.592501 30.352056 124.606014 -21.343240 1356.280345 -8.428 -8.428 0.000000 3.299249 0.000 0 0.000
24501.00 1189.71 100.138999 0.0000000000000000 0.000000 239.099859 -1232570.127944 30.355036 124.612762 -21.352933 1356.304365 -8.437 -8.437 0.000000 3.298925 0.000 0 0.000
24401.00 1189.51 100.138999 0.0000000000000000 0.000000 239.099859 -1232873.693283 30.358035 124.619539 -21.362677 1356.330083 -8.447 -8.447 0.000000 3.298599 0.000 0 0.000
24301.00 1189.31 100.138999 0.0000000000000000 0.000000 239.099859 -1233177.288714 30.361054 124.626345 -21.372475 1356.357541 -8.457 -8.457 0.000000 3.298271 0.000 0 0.000
24201.00 1189.11 100.138999 0.0000000000000000 0.000000 239.099859 -1233480.914437 30.364094 124.633181 -21.382327 1356.386783 -8.467 -8.467 0.000000 3.297941 0.000 0 0.000
24101.00 1188.91 100.138999 0.0000000000000000 0.000000 239.099859 -1233784.570658 30.367154 124.640049 -21.392234 1356.417855 -8.477 -8.477 0.000000 3.297609 0.000 0 0.000
24001.00 1188.71 100.138999 0.0000000000000000 0.000000 239.099859 -1234088.257586 30.370235 124.646948 -21.402198 1356.450803 -8.487 -8.487 0.000000 3.297274 0.000 0 0.000
23901.00 1188.52 100.138999 0.0000000000000000 0.000000 239.099859 -1234391.975436 30.373338 124.653880 -21.412221 1356.485675 -8.497 -8.497 0.000000 3.296938 0.000 0 0.000
23801.00 1188.32 100.138999 0.0000000000000000 0.000000 239.099859 -1234695.724430 30.376464 124.660845 -21.422303 1356.522520 -8.507 -8.507 0.000000 3.296598 0.000 0 0.000
23701.00 1188.12 100.138999 0.0000000000000000 0.000000 239.099859 -1234999.504793 30.379612 124.667845 -21.432446 1356.561390 -8.518 -8.518 0.000000 3.296257 0.000 0 0.000
23601.00 1187.91 100.138999 0.0000000000000000 0.000000 239.099859 -1235303.316756 30.382784 124.674881 -21.442652 1356.602336 -8.528 -8.528 0.000000 3.295913 0.000 0 0.000
23501.00 1187.71 100.138999 0.0000000000000000 0.000000 239.099859 -1235607.160557 30.385980 124.681954 -21.452921 1356.645414 -8.538 -8.538 0.000000 3.295566 0.000 0 0.000
23401.00 1187.51 100.138999 0.0000000000000000 0.000000 239.099859 -1235911.036439 30.389201 124.689065 -21.463257 1356.690678 -8.549 -8.549 0.000000 3.295217 0.000 0 0.000
23301.00 1187.31 100.138999 0.0000000000000000 0.000000 239.099859 -1236214.944651 30.392446 124.696214 -21.473659 1356.738187 -8.560 -8.560 0.000000 3.294865 0.000 0 0.000
23201.00 1187.11 100.138999 0.0000000000000000 0.000000 239.099859 -1236518.885450 30.395718 124.703403 -21.484131 1356.788000 -8.571 -8.571 0.000000 3.294510 0.000 0 0.000
23101.00 1186.90 100.138999 0.0000000000000000 0.000000 239.099859 -1236822.859097 30.399016 124.710634 -21.494673 1356.840178 -8.582 -8.582 0.000000 3.294153 0.000 0 0.000
23001.00 1186.70 100.138999 0.0000000000000000 0.000000 239.099859 -1237126.865862 30.402341 124.717907 -21.505288 1356.894784 -8.593 -8.593 0.000000 3.293792 0.000 0 0.000
22901.00 1186.50 100.138999 0.0000000000000000 0.000000 239.099859 -1237430.906020 30.405695 124.725223 -21.515977 1356.951885 -8.604 -8.604 0.000000 3.293429 0.000 0 0.000
22801.00 1186.29 100.138999 0.0000000000000000 0.000000 239.099859 -1237734.979855 30.409077 124.732584 -21.526742 1357.011547 -8.615 -8.615 0.000000 3.293063 0.000 0 0.000
22701.00 1186.09 100.138999 0.0000000000000000 0.000000 239.099859 -1238039.087657 30.412488 124.739992 -21.537586 1357.073841 -8.626 -8.626 0.000000 3.292693 0.000 0 0.000
22601.00 1185.88 100.138999 0.0000000000000000 0.000000 239.099859 -1238343.229725 30.415930 124.747447 -21.548510 1357.138838 -8.638 -8.638 0.000000 3.292321 0.000 0 0.000
22501.00 1185.67 100.138999 0.0000000000000000 0.000000 239.099859 -1238647.406363 30.419403 124.754951 -21.559516 1357.206613 -8.649 -8.649 0.000000 3.291945 0.000 0 0.000
22401.00 1185.47 100.138999 0.0000000000000000 0.000000 239.099859 -1238951.617888 30.422907 124.762506 -21.570606 1357.277243 -8.661 -8.661 0.000000 3.291566 0.000 0 0.000
22301.00 1185.26 100.138999 0.0000000000000000 0.000000 239.099859 -1239255.864620 30.426445 124.770113 -21.581783 1357.350808 -8.673 -8.673 0.000000 3.291183 0.000 0 0.000
22201.00 1185.05 100.138999 0.0000000000000000 0.000000 239.099859 -1239560.146893 30.430016 124.777773 -21.593049 1357.427391 -8.685 -8.685 0.000000 3.290797 0.000 0 0.000
22101.00 1184.84 100.138999 0.0000000000000000 0.000000 239.099859 -1239864.465045 30.433621 124.785489 -21.604407 1357.507076 -8.697 -8.697 0.000000 3.290407 0.000 0 0.000
22001.00 1184.63 100.138999 0.0000000000000000 0.000000 239.099859 -1240168.819428 30.437262 124.793261 -21.615858 1357.589953 -8.709 -8.709 0.000000 3.290013 0.000 0 0.000
21901.00 1184.42 100.138999 0.0000000000000000 0.000000 239.099859 -1240473.210400 30.440939 124.801092 -21.627406 1357.676112 -8.722 -8.722 0.000000 3.289616 0.000 0 0.000
21801.00 1184.21 100.138999 0.0000000000000000 0.000000 239.099859 -1240777.638331 30.444654 124.808984 -21.639053 1357.765650 -8.734 -8.734 0.000000 3.289215 0.000 0 0.000
21701.00 1184.00 100.138999 0.0000000000000000 0.000000 239.099859 -1241082.103602 30.448407 124.816937 -21.650802 1357.858665 -8.747 -8.747 0.000000 3.288809 0.000 0 0.000
21601.00 1183.78 100.138999 0.0000000000000000 0.000000 239.099859 -1241386.606601 30.452200 124.824956 -21.662656 1357.955259 -8.760 -8.760 0.000000 3.288400 0.000 0 0.000
21501.00 1183.57 100.138999 0.0000000000000000 0.000000 239.099859 -1241691.147733 30.456033 124.833040 -21.674618 1358.055538 -8.773 -8.773 0.000000 3.287986 0.000 0 0.000
21401.00 1183.36 100.138999 0.0000000000000000 0.000000 239.099859 -1241995.727409 30.459909 124.841193 -21.686690 1358.159613 -8.786 -8.786 0.000000 3.287567 0.000 0 0.000
21301.00 1183.14 100.138999 0.0000000000000000 0.000000 239.099859 -1242300.346056 30.463828 124.849417 -21.698876 1358.267597 -8.799 -8.799 0.000000 3.287144 0.000 0 0.000
21201.00 1182.93 100.138999 0.0000000000000000 0.000000 239.099859 -1242605.004112 30.467791 124.857713 -21.711180 1358.379611 -8.813 -8.813 0.000000 3.286717 0.000 0 0.000
21101.00 1182.71 100.138999 0.0000000000000000 0.000000 239.099859 -1242909.702027 30.471800 124.866085 -21.723604 1358.495777 -8.826 -8.826 0.000000 3.286284 0.000 0 0.000
21001.00 1182.49 100.138999 0.0000000000000000 0.000000 239.099859 -1243214.440268 30.475856 124.874534 -21.736153 1358.616226 -8.840 -8.840 0.000000 3.285847 0.000 0 0.000
20901.00 1182.27 100.138999 0.0000000000000000 0.000000 239.099859 -1243519.219311 30.479961 124.883064 -21.748830 1358.741090 -8.854 -8.854 0.000000 3.285404 0.000 0 0.000
20801.00 1182.05 100.138999 0.0000000000000000 0.000000 239.099859 -1243824.039651 30.484116 124.891677 -21.761640 1358.870509 -8.868 -8.868 0.000000 3.284957 0.000 0 0.000
20701.00 1181.83 100.138999 0.0000000000000000 0.000000 239.099859 -1244128.901797 30.488322 124.900376 -21.774585 1359.004630 -8.882 -8.882 0.000000 3.284503 0.000 0 0.000
20601.00 1181.61 100.138999 0.0000000000000000 0.000000 239.099859 -1244433.806273 30.492582 124.909164 -21.787671 1359.143603 -8.897 -8.897 0.000000 3.284045 0.000 0 0.000
20501.00 1181.39 100.138999 0.0000000000000000 0.000000 239.099859 -1244738.753620 30.496897 124.918043 -21.800901 1359.287587 -8.912 -8.912 0.000000 3.283580 0.000 0 0.000
20401.00 1181.17 100.138999 0.0000000000000000 0.000000 239.099859 -1245043.744398 30.501268 124.927018 -21.814282 1359.436746 -8.927 -8.927 0.000000 3.283109 0.000 0 0.000
20301.00 1180.94 100.138999 0.0000000000000000 0.000000 239.099859 -1245348.779182 30.505698 124.936090 -21.827816 1359.591254 -8.942 -8.942 0.000000 3.282633 0.000 0 0.000
20201.00 1180.72 100.138999 0.0000000000000000 0.000000 239.099859 -1245653.858569 30.510189 124.945265 -21.841510 1359.751289 -8.957 -8.957 0.000000 3.282149 0.000 0 0.000
20101.00 1180.49 100.138999 0.0000000000000000 0.000000 239.099859 -1245958.983174 30.514742 124.954545 -21.855368 1359.917041 -8.973 -8.973 0.000000 3.281660 0.000 0 0.000
20001.00 1180.27 100.138999 0.0000000000000000 0.000000 239.099859 -1246264.153633 30.519360 124.963934 -21.869397 1360.088705 -8.988 -8.988 0.000000 3.281163 0.000 0 0.000
19901.00 1180.04 100.138999 0.0000000000000000 0.000000 239.099859 -1246569.370603 30.524045 124.973437 -21.883601 1360.266487 -9.004 -9.004 0.000000 3.280660 0.000 0 0.000
19801.00 1179.81 100.138999 0.0000000000000000 0.000000 239.099859 -1246874.634765 30.528799 124.983057 -21.897987 1360.450602 -9.021 -9.021 0.000000 3.280149 0.000 0 0.000
19701.00 1179.58 100.138999 0.0000000000000000 0.000000 239.099859 -1247179.946822 30.533625 124.992798 -21.912562 1360.641275 -9.037 -9.037 0.000000 3.279630 0.000 0 0.000
19601.00 1179.34 100.138999 0.0000000000000000 0.000000 239.099859 -1247485.307504 30.538524 125.002667 -21.927331 1360.838742 -9.054 -9.054 0.000000 3.279104 0.000 0 0.000
19501.00 1179.11 100.138999 0.0000000000000000 0.000000 239.099859 -1247790.717564 30.543501 125.012666 -21.942302 1361.043250 -9.071 -9.071 0.000000 3.278570 0.000 0 0.000
19401.00 1178.88 100.138999 0.0000000000000000 0.000000 239.099859 -1248096.177785 30.548557 125.022802 -21.957482 1361.255058 -9.088 -9.088 0.000000 3.278027 0.000 0 0.000
19301.00 1178.64 100.138999 0.0000000000000000 0.000000 239.099859 -1248401.688976 30.553695 125.033079 -21.972879 1361.474437 -9.106 -9.106 0.000000 3.277476 0.000 0 0.000
19201.00 1178.40 100.138999 0.0000000000000000 0.000000 239.099859 -1248707.251978 30.558920 125.043503 -21.988500 1361.701671 -9.124 -9.124 0.000000 3.276916 0.000 0 0.000
19101.00 1178.16 100.138999 0.0000000000000000 0.000000 239.099859 -1249012.867662 30.564232 125.054081 -22.004355 1361.937061 -9.142 -9.142 0.000000 3.276346 0.000 0 0.000
19001.00 1177.92 100.138999 0.0000000000000000 0.000000 239.099859 -1249318.536933 30.569637 125.064817 -22.020451 1362.180918 -9.160 -9.160 0.000000 3.275767 0.000 0 0.000
18901.00 1177.68 100.138999 0.0000000000000000 0.000000 239.099859 -1249624.260730 30.575138 125.075719 -22.036798 1362.433574 -9.179 -9.179 0.000000 3.275177 0.000 0 0.000
18801.00 1177.43 100.138999 0.0000000000000000 0.000000 239.099859 -1249930.040029 30.580738 125.086793 -22.053407 1362.695372 -9.198 -9.198 0.000000 3.274578 0.000 0 0.000
18701.00 1177.19 100.138999 0.0000000000000000 0.000000 239.099859 -1250235.875844 30.586442 125.098047 -22.070286 1362.966679 -9.217 -9.217 0.000000 3.273967 0.000 0 0.000
18601.00 1176.94 100.138999 0.0000000000000000 0.000000 239.099859 -1250541.769228 30.592253 125.109488 -22.087447 1363.247874 -9.237 -9.237 0.000000 3.273345 0.000 0 0.000
18501.00 1176.69 100.138999 0.0000000000000000 0.000000 239.099859 -1250847.721279 30.598176 125.121124 -22.104902 1363.539361 -9.257 -9.257 0.000000 3.272711 0.000 0 0.000
18401.00 1176.44 100.138999 0.0000000000000000 0.000000 239.099859 -1251153.733136 30.604215 125.132963 -22.122662 1363.841563 -9.277 -9.277 0.000000 3.272066 0.000 0 0.000
18301.00 1176.18 100.138999 0.0000000000000000 0.000000 239.099859 -1251459.805989 30.610376 125.145014 -22.140739 1364.154923 -9.298 -9.298 0.000000 3.271407 0.000 0 0.000
18201.00 1175.93 100.138999 0.0000000000000000 0.000000 239.099859 -1251765.941074 30.616663 125.157287 -22.159148 1364.479911 -9.319 -9.319 0.000000 3.270735 0.000 0 0.000
18101.00 1175.67 100.138999 0.0000000000000000 0.000000 239.099859 -1252072.139680 30.623081 125.169790 -22.177901 1364.817018 -9.341 -9.341 0.000000 3.270050 0.000 0 0.000
18001.00 1175.41 100.138999 0.0000000000000000 0.000000 239.099859 -1252378.403152 30.629637 125.182535 -22.197014 1365.166765 -9.363 -9.363 0.000000 3.269350 0.000 0 0.000
17901.00 1175.15 100.138999 0.0000000000000000 0.000000 239.099859 -1252684.732891 30.636336 125.195532 -22.216502 1365.529697 -9.385 -9.385 0.000000 3.268635 0.000 0 0.000
17801.00 1174.88 100.138999 0.0000000000000000 0.000000 239.099859 -1252991.130360 30.643184 125.208792 -22.236382 1365.906390 -9.408 -9.408 0.000000 3.267905 0.000 0 0.000
17701.00 1174.61 100.138999 0.0000000000000000 0.000000 239.099859 -1253297.597086 30.650188 125.222328 -22.256671 1366.297450 -9.431 -9.431 0.000000 3.267158 0.000 0 0.000
17601.00 1174.34 100.138999 0.0000000000000000 0.000000 239.099859 -1253604.134662 30.657355 125.236152 -22.277386 1366.703516 -9.455 -9.455 0.000000 3.266394 0.000 0 0.000
17501.00 1174.07 100.138999 0.0000000000000000 0.000000 239.099859 -1253910.744755 30.664692 125.250278 -22.298547 1367.125260 -9.479 -9.479 0.000000 3.265612 0.000 0 0.000
17401.00 1173.79 100.138999 0.0000000000000000 0.000000 239.099859 -1254217.429105 30.672208 125.264720 -22.320175 1367.563392 -9.504 -9.504 0.000000 3.264812 0.000 0 0.000
17301.00 1173.51 100.138999 0.0000000000000000 0.000000 239.099859 -1254524.189532 30.679909 125.279493 -22.342290 1368.018658 -9.529 -9.529 0.000000 3.263993 0.000 0 0.000
17201.00 1173.23 100.138999 0.0000000000000000 0.000000 239.099859 -1254831.027940 30.687805 125.294611 -22.364916 1368.491846 -9.555 -9.555 0.000000 3.263153 0.000 0 0.000
17101.00 1172.94 100.138999 0.0000000000000000 0.000000 239.099859 -1255137.946321 30.695905 125.310093 -22.388075 1368.983784 -9.581 -9.581 0.000000 3.262292 0.000 0 0.000
17001.00 1172.65 100.138999 0.0000000000000000 0.000000 239.099859 -1255444.946758 30.704219 125.325955 -22.411794 1369.495344 -9.608 -9.608 0.000000 3.261408 0.000 0 0.000
16901.00 1172.48 100.138999 0.0000000000000000 0.000000 239.099859 -1255752.004333 30.706821 125.331938 -22.419763 1369.473110 -9.615 -9.615 0.000000 3.261132 0.000 0 0.000
16801.00 1172.31 100.138999 0.0000000000000000 0.000000 239.099859 -1256059.082978 30.708908 125.337023 -22.426309 1369.402539 -9.621 -9.621 0.000000 3.260910 0.000 0 0.000
16701.00 1172.15 100.138999 0.0000000000000000 0.000000 239.099859 -1256366.182492 30.710995 125.342107 -22.432854 1369.331973 -9.627 -9.627 0.000000 3.260689 0.000 0 0.000
16601.00 1171.99 100.138999 0.0000000000000000 0.000000 239.099859 -1256673.302885 30.713084 125.347189 -22.439401 1369.261413 -9.632 -9.632 0.000000 3.260467 0.000 0 0.000
16501.00 1171.82 100.138999 0.0000000000000000 0.000000 239.099859 -1256980.444167 30.715173 125.352269 -22.445948 1369.190859 -9.638 -9.638 0.000000 3.260245 0.000 0 0.000
16401.00 1171.66 100.138999 0.0000000000000000 0.000000 239.099859 -1257287.606347 30.717263 125.357347 -22.452495 1369.120310 -9.644 -9.644 0.000000 3.260023 0.000 0 0.000
16301.00 1171.49 100.138999 0.0000000000000000 0.000000 239.099859 -1257594.789437 30.719355 125.362424 -22.459043 1369.049767 -9.650 -9.650 0.000000 3.259802 0.000 0 0.000
16201.00 1171.33 100.138999 0.0000000000000000 0.000000 239.099859 -1257901.993444 30.721447 125.367499 -22.465592 1368.979228 -9.655 -9.655 0.000000 3.259580 0.000 0 0.000
16101.00 1171.17 100.138999 0.0000000000000000 0.000000 239.099859 -1258209.218379 30.723540 125.372573 -22.472141 1368.908695 -9.661 -9.661 0.000000 3.259357 0.000 0 0.000
16001.00 1171.00 100.138999 0.0000000000000000 0.000000 239.099859 -1258516.464252 30.725635 125.377644 -22.478691 1368.838167 -9.667 -9.667 0.000000 3.259135 0.000 0 0.000
15901.00 1170.84 100.138999 0.0000000000000000 0.000000 239.099859 -1258823.731073 30.727730 125.382714 -22.485242 1368.767644 -9.673 -9.673 0.000000 3.258913 0.000 0 0.000
15801.00 1170.68 100.138999 0.0000000000000000 0.000000 239.099859 -1259131.018852 30.729826 125.387783 -22.491793 1368.697125 -9.678 -9.678 0.000000 3.258691 0.000 0 0.000
15701.00 1170.51 100.138999 0.0000000000000000 0.000000 239.099859 -1259438.327598 30.731923 125.392849 -22.498345 1368.626611 -9.684 -9.684 0.000000 3.258468 0.000 0 0.000
15601.00 1170.35 100.138999 0.0000000000000000 0.000000 239.099859 -1259745.657322 30.734022 125.397914 -22.504897 1368.556101 -9.690 -9.690 0.000000 3.258246 0.000 0 0.000
15501.00 1170.19 100.138999 0.0000000000000000 0.000000 239.099859 -1260053.008033 30.736121 125.402978 -22.511450 1368.485596 -9.696 -9.696 0.000000 3.258023 0.000 0 0.000
15401.00 1170.02 100.138999 0.0000000000000000 0.000000 239.099859 -1260360.379741 30.738221 125.408039 -22.518003 1368.415095 -9.701 -9.701 0.000000 3.257801 0.000 0 0.000
15301.00 1169.86 100.138999 0.0000000000000000 0.000000 239.099859 -1260667.772457 30.740322 125.413099 -22.524557 1368.344598 -9.707 -9.707 0.000000 3.257578 0.000 0 0.000
15201.00 1169.70 100.138999 0.0000000000000000 0.000000 239.099859 -1260975.186190 30.742424 125.418157 -22.531112 1368.274105 -9.713 -9.713 0.000000 3.257355 0.000 0 0.000
15101.00 1169.53 100.138999 0.0000000000000000 0.000000 239.099859 -1261282.620950 30.744528 125.423214 -22.537667 1368.203616 -9.719 -9.719 0.000000 3.257132 0.000 0 0.000
15001.00 1169.37 100.138999 0.0000000000000000 0.000000 239.099859 -1261590.076748 30.746632 125.428269 -22.544223 1368.133130 -9.724 -9.724 0.000000 3.256910 0.000 0 0.000
14901.00 1169.20 100.138999 0.0000000000000000 0.000000 239.099859 -1261897.553592 30.748737 125.433322 -22.550779 1368.062649 -9.730 -9.730 0.000000 3.256687 0.000 0 0.000
14801.00 1169.04 100.138999 0.0000000000000000 0.000000 239.099859 -1262205.051494 30.750843 125.438373 -22.557336 1367.992170 -9.736 -9.736 0.000000 3.256463 0.000 0 0.000
14701.00 1168.88 100.138999 0.0000000000000000 0.000000 239.099859 -1262512.570464 30.752951 125.443423 -22.563894 1367.921695 -9.742 -9.742 0.000000 3.256240 0.000 0 0.000
14601.00 1168.71 100.138999 0.0000000000000000 0.000000 239.099859 -1262820.110510 30.755059 125.448471 -22.570452 1367.851223 -9.747 -9.747 0.000000 3.256017 0.000 0 0.000
14501.00 1168.55 100.138999 0.0000000000000000 0.000000 239.099859 -1263127.671645 30.757168 125.453517 -22.577011 1367.780754 -9.753 -9.753 0.000000 3.255794 0.000 0 0.000
14401.00 1168.39 100.138999 0.0000000000000000 0.000000 239.099859 -1263435.253876 30.759278 125.458562 -22.583571 1367.710288 -9.759 -9.759 0.000000 3.255570 0.000 0 0.000
14301.00 1168.22 100.138999 0.0000000000000000 0.000000 239.099859 -1263742.857216 30.761390 125.463605 -22.590131 1367.639825 -9.765 -9.765 0.000000 3.255347 0.000 0 0.000
14201.00 1168.06 100.138999 0.0000000000000000 0.000000 239.099859 -1264050.481673 30.763502 125.468646 -22.596692 1367.569365 -9.770 -9.770 0.000000 3.255124 0.000 0 0.000
14101.00 1167.90 100.138999 0.0000000000000000 0.000000 239.099859 -1264358.127258 30.765615 125.473686 -22.603253 1367.498907 -9.776 -9.776 0.000000 3.254900 0.000 0 0.000
14001.00 1167.73 100.138999 0.0000000000000000 0.000000 239.099859 -1264665.793981 30.767730 125.478724 -22.609815 1367.428451 -9.782 -9.782 0.000000 3.254676 0.000 0 0.000
13901.00 1167.57 100.138999 0.0000000000000000 0.000000 239.099859 -1264973.481853 30.769845 125.483760 -22.616377 1367.357998 -9.788 -9.788 0.000000 3.254453 0.000 0 0.000
13801.00 1167.41 100.138999 0.0000000000000000 0.000000 239.099859 -1265281.190883 30.771961 125.488794 -22.622940 1367.287547 -9.794 -9.794 0.000000 3.254229 0.000 0 0.000
13701.00 1167.24 100.138999 0.0000000000000000 0.000000 239.099859 -1265588.921082 30.774079 125.493827 -22.629504 1367.217098 -9.799 -9.799 0.000000 3.254005 0.000 0 0.000
13601.00 1167.08 100.138999 0.0000000000000000 0.000000 239.099859 -1265896.672459 30.776197 125.498858 -22.636069 1367.146650 -9.805 -9.805 0.000000 3.253781 0.000 0 0.000
13501.00 1166.92 100.138999 0.0000000000000000 0.000000 239.099859 -1266204.445026 30.778316 125.503888 -22.642634 1367.076205 -9.811 -9.811 0.000000 3.253557 0.000 0 0.000
13401.00 1166.75 100.138999 0.0000000000000000 0.000000 239.099859 -1266512.238792 30.780437 125.508915 -22.649199 1367.005761 -9.817 -9.817 0.000000 3.253333 0.000 0 0.000
13301.00 1166.59 100.138999 0.0000000000000000 0.000000 239.099859 -1266820.053768 30.782558 125.513941 -22.655765 1366.935318 -9.823 -9.823 0.000000 3.253108 0.000 0 0.000
13201.00 1166.43 100.138999 0.0000000000000000 0.000000 239.099859 -1267127.889964 30.784681 125.518966 -22.662332 1366.864877 -9.828 -9.828 0.000000 3.252884 0.000 0 0.000
13101.00 1166.26 100.138999 0.0000000000000000 0.000000 239.099859 -1267435.747391 30.786804 125.523988 -22.668900 1366.794437 -9.834 -9.834 0.000000 3.252660 0.000 0 0.000
13001.00 1166.10 100.138999 0.0000000000000000 0.000000 239.099859 -1267743.626057 30.788929 125.529009 -22.675468 1366.723998 -9.840 -9.840 0.000000 3.252435 0.000 0 0.000
12901.00 1165.94 100.138999 0.0000000000000000 0.000000 239.099859 -1268051.525975 30.791055 125.534028 -22.682036 1366.653560 -9.846 -9.846 0.000000 3.252211 0.000 0 0.000
12801.00 1165.77 100.138999 0.0000000000000000 0.000000 239.099859 -1268359.447155 30.793181 125.539046 -22.688606 1366.583122 -9.852 -9.852 0.000000 3.251986 0.000 0 0.000
12701.00 1165.61 100.138999 0.0000000000000000 0.000000 239.099859 -1268667.389605 30.795309 125.544062 -22.695176 1366.512685 -9.857 -9.857 0.000000 3.251761 0.000 0 0.000
12601.00 1165.45 100.138999 0.0000000000000000 0.000000 239.099859 -1268975.353339 30.797438 125.549076 -22.701746 1366.442249 -9.863 -9.863 0.000000 3.251537 0.000 0 0.000
12501.00 1165.28 100.138999 0.0000000000000000 0.000000 239.099859 -1269283.338364 30.799568 125.554088 -22.708317 1366.371813 -9.869 -9.869 0.000000 3.251312 0.000 0 0.000
12401.00 1165.12 100.138999 0.0000000000000000 0.000000 239.099859 -1269591.344693 30.801698 125.559099 -22.714889 1366.301377 -9.875 -9.875 0.000000 3.251087 0.000 0 0.000
12301.00 1164.96 100.138999 0.0000000000000000 0.000000 239.099859 -1269899.372335 30.803830 125.564108 -22.721461 1366.230941 -9.881 -9.881 0.000000 3.250862 0.000 0 0.000
12201.00 1164.79 100.138999 0.0000000000000000 0.000000 239.099859 -1270207.421301 30.805963 125.569116 -22.728035 1366.160505 -9.886 -9.886 0.000000 3.250637 0.000 0 0.000
12101.00 1164.63 100.138999 0.0000000000000000 0.000000 239.099859 -1270515.491601 30.808097 125.574121 -22.734608 1366.090069 -9.892 -9.892 0.000000 3.250412 0.000 0 0.000
12001.00 1164.47 100.138999 0.0000000000000000 0.000000 239.099859 -1270823.583246 30.810232 125.579125 -22.741183 1366.019632 -9.898 -9.898 0.000000 3.250186 0.000 0 0.000
11901.00 1164.30 100.138999 0.0000000000000000 0.000000 239.099859 -1271131.696247 30.812368 125.584127 -22.747757 1365.949195 -9.904 -9.904 0.000000 3.249961 0.000 0 0.000
11801.00 1164.14 100.138999 0.0000000000000000 0.000000 239.099859 -1271439.830614 30.814505 125.589128 -22.754333 1365.878757 -9.910 -9.910 0.000000 3.249736 0.000 0 0.000
11701.00 1163.98 100.138999 0.0000000000000000 0.000000 239.099859 -1271747.986357 30.816643 125.594127 -22.760909 1365.808319 -9.915 -9.915 0.000000 3.249510 0.000 0 0.000
11601.00 1163.81 100.138999 0.0000000000000000 0.000000 239.099859 -1272056.163487 30.818783 125.599124 -22.767486 1365.737879 -9.921 -9.921 0.000000 3.249285 0.000 0 0.000
11501.00 1163.65 100.138999 0.0000000000000000 0.000000 239.099859 -1272364.362015 30.820923 125.604119 -22.774063 1365.667438 -9.927 -9.927 0.000000 3.249059 0.000 0 0.000
11401.00 1163.49 100.138999 0.0000000000000000 0.000000 239.099859 -1272672.581951 30.823064 125.609113 -22.780642 1365.596996 -9.933 -9.933 0.000000 3.248833 0.000 0 0.000
11301.00 1163.32 100.138999 0.0000000000000000 0.000000 239.099859 -1272980.823307 30.825207 125.614105 -22.787220 1365.526552 -9.939 -9.939 0.000000 3.248608 0.000 0 0.000
11201.00 1163.16 100.138999 0.0000000000000000 0.000000 239.099859 -1273289.086092 30.827350 125.619096 -22.793800 1365.456107 -9.945 -9.945 0.000000 3.248382 0.000 0 0.000
11101.00 1163.00 100.138999 0.0000000000000000 0.000000 239.099859 -1273597.370317 30.829495 125.624084 -22.800380 1365.385660 -9.950 -9.950 0.000000 3.248156 0.000 0 0.000
11001.00 1162.83 100.138999 0.0000000000000000 0.000000 239.099859 -1273905.675994 30.831641 125.629071 -22.806960 1365.315211 -9.956 -9.956 0.000000 3.247930 0.000 0 0.000
10901.00 1162.67 100.138999 0.0000000000000000 0.000000 239.099859 -1274214.003132 30.833787 125.634057 -22.813542 1365.244760 -9.962 -9.962 0.000000 3.247704 0.000 0 0.000
10801.00 1162.51 100.138999 0.0000000000000000 0.000000 239.099859 -1274522.351742 30.835935 125.639040 -22.820124 1365.174306 -9.968 -9.968 0.000000 3.247477 0.000 0 0.000
10701.00 1162.34 100.138999 0.0000000000000000 0.000000 239.099859 -1274830.721836 30.838084 125.644022 -22.826706 1365.103851 -9.974 -9.974 0.000000 3.247251 0.000 0 0.000
10601.00 1162.18 100.138999 0.0000000000000000 0.000000 239.099859 -1275139.113424 30.840234 125.649002 -22.833289 1365.033393 -9.980 -9.980 0.000000 3.247025 0.000 0 0.000
10501.00 1162.02 100.138999 0.0000000000000000 0.000000 239.099859 -1275447.526517 30.842385 125.653981 -22.839873 1364.962932 -9.986 -9.986 0.000000 3.246798 0.000 0 0.000
10401.00 1161.85 100.138999 0.0000000000000000 0.000000 239.099859 -1275755.961126 30.844537 125.658958 -22.846458 1364.892468 -9.991 -9.991 0.000000 3.246572 0.000 0 0.000
10301.00 1161.69 100.138999 0.0000000000000000 0.000000 239.099859 -1276064.417260 30.846690 125.663933 -22.853043 1364.822001 -9.997 -9.997 0.000000 3.246345 0.000 0 0.000
10201.00 1161.53 100.138999 0.0000000000000000 0.000000 239.099859 -1276372.894933 30.848844 125.668906 -22.859629 1364.751531 -10.003 -10.003 0.000000 3.246118 0.000 0 0.000
10101.00 1161.37 100.138999 0.0000000000000000 0.000000 239.099859 -1276681.394153 30.851000 125.673878 -22.866215 1364.681058 -10.009 -10.009 0.000000 3.245892 0.000 0 0.000
10001.00 1161.20 100.138999 0.0000000000000000 0.000000 239.099859 -1276989.914933 30.853156 125.678848 -22.872802 1364.610581 -10.015 -10.015 0.000000 3.245665 0.000 0 0.000
9901.00 1161.04 100.138999 0.0000000000000000 0.000000 239.099859 -1277298.457283 30.855314 125.683816 -22.879390 1364.540101 -10.021 -10.021 0.000000 3.245438 0.000 0 0.000
9801.00 1160.88 100.138999 0.0000000000000000 0.000000 239.099859 -1277607.021213 30.857472 125.688782 -22.885978 1364.469617 -10.027 -10.027 0.000000 3.245211 0.000 0 0.000
9701.00 1160.71 100.138999 0.0000000000000000 0.000000 239.099859 -1277915.606736 30.859632 125.693747 -22.892567 1364.399129 -10.032 -10.032 0.000000 3.244984 0.000 0 0.000
9601.00 1160.55 100.138999 0.0000000000000000 0.000000 239.099859 -1278224.213861 30.861793 125.698711 -22.899157 1364.328636 -10.038 -10.038 0.000000 3.244756 0.000 0 0.000
9501.00 1160.39 100.138999 0.0000000000000000 0.000000 239.099859 -1278532.842601 30.863955 125.703672 -22.905747 1364.258140 -10.044 -10.044 0.000000 3.244529 0.000 0 0.000
9401.00 1160.22 100.138999 0.0000000000000000 0.000000 239.099859 -1278841.492966 30.866118 125.708632 -22.912338 1364.187639 -10.050 -10.050 0.000000 3.244302 0.000 0 0.000
9301.00 1160.00 100.138999 0.0000000000000000 0.000000 239.099859 -1279150.191022 30.874316 125.710666 -22.950057 1364.275323 -10.046 -10.046 0.000000 3.243440 0.000 0 0.000
9201.00 1159.78 100.138999 0.0000000000000000 0.000000 239.099859 -1279458.979670 30.883399 125.712297 -22.992225 1364.381274 -10.041 -10.041 0.000000 3.242486 0.000 0 0.000
9101.00 1159.55 100.138999 0.0000000000000000 0.000000 239.099859 -1279767.858724 30.892398 125.713994 -23.033842 1364.479743 -10.036 -10.036 0.000000 3.241542 0.000 0 0.000
9001.00 1159.32 100.138999 0.0000000000000000 0.000000 239.099859 -1280076.827379 30.901320 125.715756 -23.074934 1364.570830 -10.031 -10.031 0.000000 3.240606 0.000 0 0.000
8901.00 1159.10 100.138999 0.0000000000000000 0.000000 239.099859 -1280385.884878 30.910168 125.717579 -23.115525 1364.654623 -10.026 -10.026 0.000000 3.239678 0.000 0 0.000
8801.00 1158.88 100.138999 0.0000000000000000 0.000000 239.099859 -1280695.030513 30.918948 125.719461 -23.155640 1364.731204 -10.021 -10.021 0.000000 3.238758 0.000 0 0.000
8701.00 1158.65 100.138999 0.0000000000000000 0.000000 239.099859 -1281004.263629 30.927665 125.721400 -23.195303 1364.800642 -10.016 -10.016 0.000000 3.237845 0.000 0 0.000
8601.00 1158.43 100.138999 0.0000000000000000 0.000000 239.099859 -1281313.583617 30.936323 125.723394 -23.234539 1364.862998 -10.011 -10.011 0.000000 3.236939 0.000 0 0.000
8501.00 1158.21 100.138999 0.0000000000000000 0.000000 239.099859 -1281622.989921 30.944929 125.725440 -23.273371 1364.918322 -10.006 -10.006 0.000000 3.236039 0.000 0 0.000
8401.00 1157.99 100.138999 0.0000000000000000 0.000000 239.099859 -1281932.482032 30.953486 125.727535 -23.311823 1364.966656 -10.002 -10.002 0.000000 3.235144 0.000 0 0.000
8301.00 1157.77 100.138999 0.0000000000000000 0.000000 239.099859 -1282242.059494 30.962000 125.729678 -23.349919 1365.008031 -9.997 -9.997 0.000000 3.234255 0.000 0 0.000
8201.00 1157.55 100.138999 0.0000000000000000 0.000000 239.099859 -1282551.721901 30.970476 125.731867 -23.387682 1365.042466 -9.993 -9.993 0.000000 3.233370 0.000 0 0.000
8101.00 1157.33 100.138999 0.0000000000000000 0.000000 239.099859 -1282861.468897 30.978919 125.734099 -23.425138 1365.069973 -9.988 -9.988 0.000000 3.232489 0.000 0 0.000
8001.00 1157.11 100.138999 0.0000000000000000 0.000000 239.099859 -1283171.300181 30.987334 125.736372 -23.462309 1365.090550 -9.983 -9.983 0.000000 3.231611 0.000 0 0.000
7901.00 1156.89 100.138999 0.0000000000000000 0.000000 239.099859 -1283481.215503 30.995727 125.738684 -23.499220 1365.104186 -9.979 -9.979 0.000000 3.230736 0.000 0 0.000
7801.00 1156.67 100.138999 0.0000000000000000 0.000000 239.099859 -1283791.214669 31.004104 125.741033 -23.535895 1365.110856 -9.975 -9.975 0.000000 3.229863 0.000 0 0.000
7701.00 1156.45 100.138999 0.0000000000000000 0.000000 239.099859 -1284101.297538 31.012469 125.743417 -23.572359 1365.110527 -9.970 -9.970 0.000000 3.228992 0.000 0 0.000
7601.00 1156.23 100.138999 0.0000000000000000 0.000000 239.099859 -1284411.464028 31.020829 125.745835 -23.608638 1365.103150 -9.966 -9.966 0.000000 3.228121 0.000 0 0.000
7501.00 1156.01 100.138999 0.0000000000000000 0.000000 239.099859 -1284721.714114 31.029189 125.748283 -23.644756 1365.088667 -9.961 -9.961 0.000000 3.227252 0.000 0 0.000
7401.00 1155.79 100.138999 0.0000000000000000 0.000000 239.099859 -1285032.047831 31.037556 125.750759 -23.680739 1365.067003 -9.957 -9.957 0.000000 3.226382 0.000 0 0.000
7301.00 1155.57 100.138999 0.0000000000000000 0.000000 239.099859 -1285342.465275 31.045935 125.753263 -23.716614 1365.038074 -9.952 -9.952 0.000000 3.225511 0.000 0 0.000
7201.00 1155.35 100.138999 0.0000000000000000 0.000000 239.099859 -1285652.966604 31.054334 125.755792 -23.752408 1365.001780 -9.947 -9.947 0.000000 3.224638 0.000 0 0.000
7101.00 1155.14 100.138999 0.0000000000000000 0.000000 239.099859 -1285963.552045 31.062759 125.758344 -23.788147 1364.958005 -9.943 -9.943 0.000000 3.223764 0.000 0 0.000
7001.00 1154.92 100.138999 0.0000000000000000 0.000000 239.099859 -1286274.221889 31.071216 125.760916 -23.823861 1364.906622 -9.938 -9.938 0.000000 3.222886 0.000 0 0.000
6901.00 1154.70 100.138999 0.0000000000000000 0.000000 239.099859 -1286584.976497 31.079713 125.763508 -23.859578 1364.847487 -9.933 -9.933 0.000000 3.222005 0.000 0 0.000
6801.00 1154.48 100.138999 0.0000000000000000 0.000000 239.099859 -1286895.816303 31.088257 125.766116 -23.895328 1364.780440 -9.929 -9.929 0.000000 3.221120 0.000 0 0.000
6701.00 1154.26 100.138999 0.0000000000000000 0.000000 239.099859 -1287206.741814 31.096855 125.768740 -23.931140 1364.705308 -9.924 -9.924 0.000000 3.220229 0.000 0 0.000
6601.00 1154.04 100.138999 0.0000000000000000 0.000000 239.099859 -1287517.753615 31.105516 125.771377 -23.967046 1364.621900 -9.918 -9.918 0.000000 3.219333 0.000 0 0.000
6501.00 1153.81 100.138999 0.0000000000000000 0.000000 239.099859 -1287828.852370 31.114247 125.774025 -24.003077 1364.530013 -9.913 -9.913 0.000000 3.218429 0.000 0 0.000
6401.00 1153.59 100.138999 0.0000000000000000 0.000000 239.099859 -1288140.038822 31.123057 125.776682 -24.039266 1364.429426 -9.908 -9.908 0.000000 3.217518 0.000 0 0.000
6301.00 1153.37 100.138999 0.0000000000000000 0.000000 239.099859 -1288451.313799 31.131954 125.779346 -24.075645 1364.319906 -9.902 -9.902 0.000000 3.216599 0.000 0 0.000
6201.00 1153.15 100.138999 0.0000000000000000 0.000000 239.099859 -1288762.678216 31.140946 125.782016 -24.112247 1364.201207 -9.897 -9.897 0.000000 3.215670 0.000 0 0.000
6101.00 1152.92 100.138999 0.0000000000000000 0.000000 239.099859 -1289074.133071 31.150043 125.784690 -24.149106 1364.073071 -9.891 -9.891 0.000000 3.214731 0.000 0 0.000
6001.00 1152.70 100.138999 0.0000000000000000 0.000000 239.099859 -1289385.679454 31.159253 125.787366 -24.186256 1363.935231 -9.884 -9.884 0.000000 3.213780 0.000 0 0.000
5901.00 1152.47 100.138999 0.0000000000000000 0.000000 239.099859 -1289697.318539 31.168585 125.790043 -24.223730 1363.787415 -9.878 -9.878 0.000000 3.212818 0.000 0 0.000
5801.00 1152.25 100.138999 0.0000000000000000 0.000000 239.099859 -1290009.051591 31.178048 125.792718 -24.261561 1363.629347 -9.871 -9.871 0.000000 3.211843 0.000 0 0.000
5701.00 1152.02 100.138999 0.0000000000000000 0.000000 239.099859 -1290320.879961 31.187650 125.795391 -24.299780 1363.460755 -9.865 -9.865 0.000000 3.210854 0.000 0 0.000
5601.00 1151.79 100.138999 0.0000000000000000 0.000000 239.099859 -1290632.805083 31.197399 125.798060 -24.338418 1363.281373 -9.857 -9.857 0.000000 3.209851 0.000 0 0.000
5501.00 1151.56 100.138999 0.0000000000000000 0.000000 239.099859 -1290944.828468 31.207304 125.800725 -24.377503 1363.090952 -9.850 -9.850 0.000000 3.208832 0.000 0 0.000
5401.00 1151.33 100.138999 0.0000000000000000 0.000000 239.099859 -1291256.951705 31.217371 125.803385 -24.417060 1362.889264 -9.842 -9.842 0.000000 3.207797 0.000 0 0.000
5301.00 1151.10 100.138999 0.0000000000000000 0.000000 239.099859 -1291569.176444 31.227606 125.806040 -24.457111 1362.676112 -9.834 -9.834 0.000000 3.206746 0.000 0 0.000
5201.00 1150.87 100.138999 0.0000000000000000 0.000000 239.099859 -1291881.504392 31.238013 125.808688 -24.497675 1362.451342 -9.825 -9.825 0.000000 3.205678 0.000 0 0.000
5101.00 1150.63 100.138999 0.0000000000000000 0.000000 239.099859 -1292193.937297 31.248597 125.811332 -24.538762 1362.214853 -9.816 -9.816 0.000000 3.204592 0.000 0 0.000
5001.00 1150.40 100.138999 0.0000000000000000 0.000000 239.099859 -1292506.476934 31.259360 125.813971 -24.580378 1361.966608 -9.807 -9.807 0.000000 3.203488 0.000 0 0.000
4901.00 1150.16 100.138999 0.0000000000000000 0.000000 239.099859 -1292819.125084 31.270300 125.816607 -24.622521 1361.706647 -9.797 -9.797 0.000000 3.202368 0.000 0 0.000
4801.00 1149.93 100.138999 0.0000000000000000 0.000000 239.099859 -1293131.883519 31.281416 125.819242 -24.665183 1361.435097 -9.787 -9.787 0.000000 3.201230 0.000 0 0.000
4701.00 1149.69 100.138999 0.0000000000000000 0.000000 239.099859 -1293444.753971 31.292702 125.821878 -24.708343 1361.152184 -9.777 -9.777 0.000000 3.200075 0.000 0 0.000
4601.00 1149.45 100.138999 0.0000000000000000 0.000000 239.099859 -1293757.738112 31.304152 125.824518 -24.751973 1360.858242 -9.766 -9.766 0.000000 3.198905 0.000 0 0.000
4501.00 1149.21 100.138999 0.0000000000000000 0.000000 239.099859 -1294070.837526 31.315755 125.827165 -24.796036 1360.553715 -9.755 -9.755 0.000000 3.197719 0.000 0 0.000
4401.00 1148.98 100.138999 0.0000000000000000 0.000000 239.099859 -1294384.053681 31.327498 125.829824 -24.840483 1360.239166 -9.743 -9.743 0.000000 3.196521 0.000 0 0.000
4301.00 1148.74 100.138999 0.0000000000000000 0.000000 239.099859 -1294697.387903 31.339366 125.832498 -24.885257 1359.915271 -9.731 -9.731 0.000000 3.195310 0.000 0 0.000
4201.00 1148.50 100.138999 0.0000000000000000 0.000000 239.099859 -1295010.841346 31.351339 125.835193 -24.930290 1359.582816 -9.719 -9.719 0.000000 3.194090 0.000 0 0.000
4101.00 1148.26 100.138999 0.0000000000000000 0.000000 239.099859 -1295324.414976 31.363399 125.837913 -24.975509 1359.242684 -9.706 -9.706 0.000000 3.192862 0.000 0 0.000
4001.00 1148.03 100.138999 0.0000000000000000 0.000000 239.099859 -1295638.109542 31.375523 125.840664 -25.020833 1358.895845 -9.693 -9.693 0.000000 3.191628 0.000 0 0.000
3901.00 1147.79 100.138999 0.0000000000000000 0.000000 239.099859 -1295951.925564 31.387686 125.843451 -25.066177 1358.543337 -9.680 -9.680 0.000000 3.190391 0.000 0 0.000
3801.00 1147.55 100.138999 0.0000000000000000 0.000000 239.099859 -1296265.863324 31.399866 125.846279 -25.111452 1358.186243 -9.667 -9.667 0.000000 3.189154 0.000 0 0.000
3701.00 1147.32 100.138999 0.0000000000000000 0.000000 239.099859 -1296579.922852 31.412036 125.849153 -25.156568 1357.825674 -9.654 -9.654 0.000000 3.187918 0.000 0 0.000
3601.00 1147.09 100.138999 0.0000000000000000 0.000000 239.099859 -1296894.103932 31.424172 125.852077 -25.201439 1357.462746 -9.640 -9.640 0.000000 3.186687 0.000 0 0.000
3501.00 1146.86 100.138999 0.0000000000000000 0.000000 239.099859 -1297208.406103 31.436250 125.855057 -25.245978 1357.098554 -9.627 -9.627 0.000000 3.185463 0.000 0 0.000
3401.00 1146.63 100.138999 0.0000000000000000 0.000000 239.099859 -1297522.828666 31.448247 125.858095 -25.290104 1356.734162 -9.614 -9.614 0.000000 3.184247 0.000 0 0.000
3301.00 1146.40 100.138999 0.0000000000000000 0.000000 239.099859 -1297837.370701 31.460141 125.861195 -25.333741 1356.370579 -9.600 -9.600 0.000000 3.183044 0.000 0 0.000
3201.00 1146.17 100.138999 0.0000000000000000 0.000000 239.099859 -1298152.031078 31.471912 125.864361 -25.376821 1356.008748 -9.587 -9.587 0.000000 3.181853 0.000 0 0.000
3101.00 1145.95 100.138999 0.0000000000000000 0.000000 239.099859 -1298466.808479 31.483543 125.867593 -25.419282 1355.649536 -9.574 -9.574 0.000000 3.180678 0.000 0 0.000
3001.00 1145.73 100.138999 0.0000000000000000 0.000000 239.099859 -1298781.701415 31.495017 125.870895 -25.461070 1355.293731 -9.561 -9.561 0.000000 3.179519 0.000 0 0.000
2901.00 1145.51 100.138999 0.0000000000000000 0.000000 239.099859 -1299096.708250 31.506321 125.874266 -25.502137 1354.942030 -9.548 -9.548 0.000000 3.178378 0.000 0 0.000
2801.00 1145.29 100.138999 0.0000000000000000 0.000000 239.099859 -1299411.827220 31.517442 125.877708 -25.542447 1354.595047 -9.536 -9.536 0.000000 3.177257 0.000 0 0.000
2701.00 1145.08 100.138999 0.0000000000000000 0.000000 239.099859 -1299727.056455 31.528372 125.881220 -25.581967 1354.253310 -9.524 -9.524 0.000000 3.176155 0.000 0 0.000
2601.00 1144.87 100.138999 0.0000000000000000 0.000000 239.099859 -1300042.393998 31.539103 125.884803 -25.620674 1353.917261 -9.512 -9.512 0.000000 3.175074 0.000 0 0.000
2501.00 1144.66 100.138999 0.0000000000000000 0.000000 239.099859 -1300357.837823 31.549628 125.888456 -25.658550 1353.587269 -9.501 -9.501 0.000000 3.174015 0.000 0 0.000
2401.00 1144.45 100.138999 0.0000000000000000 0.000000 239.099859 -1300673.385854 31.559943 125.892178 -25.695583 1353.263626 -9.489 -9.489 0.000000 3.172978 0.000 0 0.000
2301.00 1144.25 100.138999 0.0000000000000000 0.000000 239.099859 -1300989.035981 31.570047 125.895968 -25.731768 1352.946559 -9.479 -9.479 0.000000 3.171962 0.000 0 0.000
2201.00 1144.05 100.138999 0.0000000000000000 0.000000 239.099859 -1301304.786074 31.579936 125.899823 -25.767104 1352.636233 -9.468 -9.468 0.000000 3.170969 0.000 0 0.000
2101.00 1143.85 100.138999 0.0000000000000000 0.000000 239.099859 -1301620.633996 31.589612 125.903743 -25.801593 1352.332759 -9.458 -9.458 0.000000 3.169998 0.000 0 0.000
2001.00 1143.65 100.138999 0.0000000000000000 0.000000 239.099859 -1301936.577612 31.599076 125.907726 -25.835244 1352.036197 -9.449 -9.449 0.000000 3.169048 0.000 0 0.000
1901.00 1143.45 100.138999 0.0000000000000000 0.000000 239.099859 -1302252.614805 31.608328 125.911769 -25.868065 1351.746563 -9.439 -9.439 0.000000 3.168121 0.000 0 0.000
1801.00 1143.26 100.138999 0.0000000000000000 0.000000 239.099859 -1302568.743480 31.617372 125.915870 -25.900071 1351.463838 -9.431 -9.431 0.000000 3.167214 0.000 0 0.000
1701.00 1143.07 100.138999 0.0000000000000000 0.000000 239.099859 -1302884.961572 31.626212 125.920028 -25.931278 1351.187965 -9.422 -9.422 0.000000 3.166329 0.000 0 0.000
1601.00 1142.87 100.138999 0.0000000000000000 0.000000 239.099859 -1303201.267056 31.634851 125.924239 -25.961703 1350.918860 -9.414 -9.414 0.000000 3.165464 0.000 0 0.000
1501.00 1142.69 100.138999 0.0000000000000000 0.000000 239.099859 -1303517.657948 31.643295 125.928502 -25.991366 1350.656414 -9.406 -9.406 0.000000 3.164620 0.000 0 0.000
1401.00 1142.50 100.138999 0.0000000000000000 0.000000 239.099859 -1303834.132314 31.651547 125.932814 -26.020288 1350.400498 -9.399 -9.399 0.000000 3.163795 0.000 0 0.000
1301.00 1142.31 100.138999 0.0000000000000000 0.000000 239.099859 -1304150.688270 31.659614 125.937173 -26.048491 1350.150964 -9.391 -9.391 0.000000 3.162989 0.000 0 0.000
1201.00 1142.13 100.138999 0.0000000000000000 0.000000 239.099859 -1304467.323987 31.667500 125.941576 -26.075999 1349.907651 -9.385 -9.385 0.000000 3.162201 0.000 0 0.000
1101.00 1140.80 100.138999 0.0050069120056856 0.006120 239.099859 -1304784.115562 31.697456 126.067352 -27.072815 1354.156936 -8.631 -8.631 2.584470 3.162752 3.970 0 0.000
1001.00 1138.96 100.138999 0.0123298399339123 0.015073 239.099859 -1305101.291388 31.737954 126.248297 -28.536354 1360.266251 -8.664 -8.664 2.581032 3.163968 4.009 0 0.000
901.00 1137.09 99.903335 0.0175433455696388 0.021457 238.488692 -1302331.924047 31.688292 126.077281 -29.508616 1361.625911 -8.699 -8.699 2.577604 3.165300 4.049 0 0.000
801.00 1135.18 99.142117 0.0176915207122388 0.021676 236.516327 -1292666.451965 31.435024 125.114420 -29.272578 1352.576418 -8.736 -8.736 2.574161 3.166719 4.089 0 0.000
701.00 1133.26 98.371861 0.0178458622052789 0.021903 234.522345 -1282868.301409 31.178283 124.139757 -29.033245 1343.442620 -8.776 -8.776 2.570711 3.168228 4.129 0 0.000
601.00 1131.31 97.592253 0.0180066887061815 0.022140 232.506004 -1272933.000896 30.917966 123.152890 -28.790542 1334.221622 -8.817 -8.817 2.567257 3.169831 4.170 0 0.000
501.00 1129.33 96.802969 0.0181742895349739 0.022386 230.466540 -1262855.936470 30.653965 122.153405 -28.544386 1324.910430 -8.861 -8.861 2.563806 3.171531 4.211 0 0.000
401.00 1127.33 96.003681 0.0183489140180868 0.022642 228.403181 -1252632.410767 30.386170 121.140880 -28.294684 1315.506002 -8.906 -8.906 2.560363 3.173332 4.253 0 0.000
301.00 1125.29 95.194058 0.0185307577493393 0.022909 226.315160 -1242257.714825 30.114472 120.114890 -28.041333 1306.005311 -8.954 -8.954 2.556934 3.175238 4.295 0 0.000
201.00 1123.23 94.373778 0.0187199446739346 0.023186 224.201732 -1231727.215782 29.838765 119.075021 -27.784216 1296.405422 -9.005 -9.005 2.553524 3.177253 4.337 0 0.000
101.00 1121.13 93.542531 0.0189165036779055 0.023475 222.062200 -1221036.464660 29.558948 118.020873 -27.523205 1286.703579 -9.057 -9.057 2.550140 3.179381 4.379 0 0.000
1.00 1119.00 92.700034 0.0191203351843742 0.023773 219.895932 -1210181.329709 29.274932 116.952077 -27.258356 1276.895923 -9.112 -9.112 2.546773 3.181625 4.421 0 0.000
