Title: Depleted MORB Mantle of Workmann & Hart 2005

System Thermodynamic Data:
Pressure Temperature mass F phi S H V Cp dVdP*10^6 dVdT*10^6 fO2(absolute) fO2(absolute) rhol rhos viscosity aH2O chisqr
44001.00 1273.83 100.138999 0.0000000000000000 0.000000 243.121686 -1167709.258505 29.991101 123.888327 -19.863023 1386.341723 -6.816 -6.816 0.000000 3.338957 0.000 0 0.000
43901.00 1273.64 100.138999 0.0000000000000000 0.000000 243.121686 -1168009.179093 29.993017 123.894322 -19.869958 1386.277248 -6.821 -6.821 0.000000 3.338744 0.000 0 0.000
43801.00 1273.46 100.138999 0.0000000000000000 0.000000 243.121686 -1168309.118849 29.994935 123.900318 -19.876897 1386.212898 -6.825 -6.825 0.000000 3.338530 0.000 0 0.000
43701.00 1273.27 100.138999 0.0000000000000000 0.000000 243.121686 -1168609.077794 29.996854 123.906313 -19.883840 1386.148676 -6.830 -6.830 0.000000 3.338317 0.000 0 0.000
43601.00 1273.09 100.138999 0.0000000000000000 0.000000 243.121686 -1168909.055946 29.998776 123.912308 -19.890787 1386.084582 -6.835 -6.835 0.000000 3.338103 0.000 0 0.000
43501.00 1272.90 100.138999 0.0000000000000000 0.000000 243.121686 -1169209.053325 30.000700 123.918302 -19.897738 1386.020617 -6.839 -6.839 0.000000 3.337889 0.000 0 0.000
43401.00 1272.72 100.138999 0.0000000000000000 0.000000 243.121686 -1169509.069950 30.002626 123.924297 -19.904694 1385.956781 -6.844 -6.844 0.000000 3.337675 0.000 0 0.000
43301.00 1272.53 100.138999 0.0000000000000000 0.000000 243.121686 -1169809.105843 30.004553 123.930292 -19.911653 1385.893077 -6.849 -6.849 0.000000 3.337460 0.000 0 0.000
43201.00 1272.34 100.138999 0.0000000000000000 0.000000 243.121686 -1170109.161022 30.006483 123.936286 -19.918617 1385.829505 -6.853 -6.853 0.000000 3.337245 0.000 0 0.000
43101.00 1272.16 100.138999 0.0000000000000000 0.000000 243.121686 -1170409.235507 30.008415 123.942281 -19.925586 1385.766065 -6.858 -6.858 0.000000 3.337031 0.000 0 0.000
43001.00 1271.97 100.138999 0.0000000000000000 0.000000 243.121686 -1170709.329319 30.010348 123.948276 -19.932559 1385.702761 -6.863 -6.863 0.000000 3.336816 0.000 0 0.000
42901.00 1271.79 100.138999 0.0000000000000000 0.000000 243.121686 -1171009.442479 30.012284 123.954270 -19.939536 1385.639591 -6.868 -6.868 0.000000 3.336600 0.000 0 0.000
42801.00 1271.60 100.138999 0.0000000000000000 0.000000 243.121686 -1171309.575006 30.014222 123.960265 -19.946518 1385.576558 -6.872 -6.872 0.000000 3.336385 0.000 0 0.000
42701.00 1271.42 100.138999 0.0000000000000000 0.000000 243.121686 -1171609.726921 30.016162 123.966259 -19.953504 1385.513662 -6.877 -6.877 0.000000 3.336169 0.000 0 0.000
42601.00 1271.23 100.138999 0.0000000000000000 0.000000 243.121686 -1171909.898245 30.018104 123.972254 -19.960494 1385.450905 -6.882 -6.882 0.000000 3.335954 0.000 0 0.000
42501.00 1271.05 100.138999 0.0000000000000000 0.000000 243.121686 -1172210.088999 30.020048 123.978249 -19.967490 1385.388288 -6.887 -6.887 0.000000 3.335738 0.000 0 0.000
42401.00 1270.86 100.138999 0.0000000000000000 0.000000 243.121686 -1172510.299203 30.021994 123.984244 -19.974490 1385.325812 -6.891 -6.891 0.000000 3.335521 0.000 0 0.000
42301.00 1270.68 100.138999 0.0000000000000000 0.000000 243.121686 -1172810.528879 30.023942 123.990239 -19.981494 1385.263478 -6.896 -6.896 0.000000 3.335305 0.000 0 0.000
42201.00 1270.49 100.138999 0.0000000000000000 0.000000 243.121686 -1173110.778048 30.025892 123.996234 -19.988503 1385.201287 -6.901 -6.901 0.000000 3.335088 0.000 0 0.000
42101.00 1270.31 100.138999 0.0000000000000000 0.000000 243.121686 -1173411.046730 30.027845 124.002229 -19.995517 1385.139241 -6.906 -6.906 0.000000 3.334871 0.000 0 0.000
42001.00 1270.12 100.138999 0.0000000000000000 0.000000 243.121686 -1173711.334949 30.029799 124.008224 -20.002536 1385.077341 -6.911 -6.911 0.000000 3.334654 0.000 0 0.000
41901.00 1269.94 100.138999 0.0000000000000000 0.000000 243.121686 -1174011.642725 30.031756 124.014220 -20.009560 1385.015588 -6.916 -6.916 0.000000 3.334437 0.000 0 0.000
41801.00 1269.75 100.138999 0.0000000000000000 0.000000 243.121686 -1174311.970079 30.033715 124.020215 -20.016588 1384.953983 -6.920 -6.920 0.000000 3.334220 0.000 0 0.000
41701.00 1269.56 100.138999 0.0000000000000000 0.000000 243.121686 -1174612.317035 30.035676 124.026211 -20.023622 1384.892528 -6.925 -6.925 0.000000 3.334002 0.000 0 0.000
41601.00 1269.38 100.138999 0.0000000000000000 0.000000 243.121686 -1174912.683614 30.037640 124.032207 -20.030660 1384.831223 -6.930 -6.930 0.000000 3.333784 0.000 0 0.000
41501.00 1269.19 100.138999 0.0000000000000000 0.000000 243.121686 -1175213.069837 30.039605 124.038204 -20.037704 1384.770071 -6.935 -6.935 0.000000 3.333566 0.000 0 0.000
41401.00 1269.01 100.138999 0.0000000000000000 0.000000 243.121686 -1175513.475729 30.041573 124.044201 -20.044752 1384.709073 -6.940 -6.940 0.000000 3.333347 0.000 0 0.000
41301.00 1268.82 100.138999 0.0000000000000000 0.000000 243.121686 -1175813.901310 30.043543 124.050197 -20.051806 1384.648229 -6.945 -6.945 0.000000 3.333129 0.000 0 0.000
41201.00 1268.64 100.138999 0.0000000000000000 0.000000 243.121686 -1176114.346603 30.045516 124.056195 -20.058864 1384.587541 -6.950 -6.950 0.000000 3.332910 0.000 0 0.000
41101.00 1268.45 100.138999 0.0000000000000000 0.000000 243.121686 -1176414.811633 30.047490 124.062192 -20.065928 1384.527012 -6.955 -6.955 0.000000 3.332691 0.000 0 0.000
41001.00 1268.27 100.138999 0.0000000000000000 0.000000 243.121686 -1176715.296420 30.049467 124.068190 -20.072997 1384.466641 -6.960 -6.960 0.000000 3.332472 0.000 0 0.000
40901.00 1268.08 100.138999 0.0000000000000000 0.000000 243.121686 -1177015.800989 30.051447 124.074189 -20.080072 1384.406430 -6.965 -6.965 0.000000 3.332252 0.000 0 0.000
40801.00 1267.89 100.138999 0.0000000000000000 0.000000 243.121686 -1177316.325362 30.053428 124.080187 -20.087152 1384.346382 -6.970 -6.970 0.000000 3.332032 0.000 0 0.000
40701.00 1267.71 100.138999 0.0000000000000000 0.000000 243.121686 -1177616.869564 30.055412 124.086187 -20.094237 1384.286497 -6.975 -6.975 0.000000 3.331813 0.000 0 0.000
40601.00 1267.52 100.138999 0.0000000000000000 0.000000 243.121686 -1177917.433617 30.057399 124.092186 -20.101327 1384.226777 -6.980 -6.980 0.000000 3.331592 0.000 0 0.000
40501.00 1267.34 100.138999 0.0000000000000000 0.000000 243.121686 -1178218.017545 30.059387 124.098186 -20.108424 1384.167223 -6.985 -6.985 0.000000 3.331372 0.000 0 0.000
40401.00 1267.15 100.138999 0.0000000000000000 0.000000 243.121686 -1178518.621373 30.061379 124.104187 -20.115525 1384.107837 -6.990 -6.990 0.000000 3.331151 0.000 0 0.000
40301.00 1266.96 100.138999 0.0000000000000000 0.000000 243.121686 -1178819.245125 30.063372 124.110188 -20.122633 1384.048620 -6.995 -6.995 0.000000 3.330930 0.000 0 0.000
40201.00 1266.78 100.138999 0.0000000000000000 0.000000 243.121686 -1179119.888824 30.065368 124.116189 -20.129746 1383.989575 -7.000 -7.000 0.000000 3.330709 0.000 0 0.000
40101.00 1266.59 100.138999 0.0000000000000000 0.000000 243.121686 -1179420.552495 30.067367 124.122191 -20.136865 1383.930702 -7.005 -7.005 0.000000 3.330488 0.000 0 0.000
40001.00 1266.41 100.138999 0.0000000000000000 0.000000 243.121686 -1179721.236163 30.069367 124.128194 -20.143989 1383.872003 -7.010 -7.010 0.000000 3.330266 0.000 0 0.000
39901.00 1266.22 100.138999 0.0000000000000000 0.000000 243.121686 -1180021.939852 30.071371 124.134198 -20.151119 1383.813480 -7.015 -7.015 0.000000 3.330044 0.000 0 0.000
39801.00 1266.03 100.138999 0.0000000000000000 0.000000 243.121686 -1180322.663588 30.073377 124.140202 -20.158256 1383.755135 -7.021 -7.021 0.000000 3.329822 0.000 0 0.000
39701.00 1265.85 100.138999 0.0000000000000000 0.000000 243.121686 -1180623.407396 30.075385 124.146206 -20.165398 1383.696969 -7.026 -7.026 0.000000 3.329600 0.000 0 0.000
39601.00 1265.66 100.138999 0.0000000000000000 0.000000 243.121686 -1180924.171300 30.077396 124.152211 -20.172546 1383.638983 -7.031 -7.031 0.000000 3.329377 0.000 0 0.000
39501.00 1265.48 100.138999 0.0000000000000000 0.000000 243.121686 -1181224.955328 30.079410 124.158217 -20.179700 1383.581181 -7.036 -7.036 0.000000 3.329154 0.000 0 0.000
39401.00 1265.29 100.138999 0.0000000000000000 0.000000 243.121686 -1181525.759503 30.081426 124.164224 -20.186861 1383.523563 -7.041 -7.041 0.000000 3.328931 0.000 0 0.000
39301.00 1265.10 100.138999 0.0000000000000000 0.000000 243.121686 -1181826.583853 30.083445 124.170232 -20.194027 1383.466131 -7.046 -7.046 0.000000 3.328708 0.000 0 0.000
39201.00 1264.92 100.138999 0.0000000000000000 0.000000 243.121686 -1182127.428404 30.085466 124.176240 -20.201200 1383.408887 -7.052 -7.052 0.000000 3.328484 0.000 0 0.000
39101.00 1264.73 100.138999 0.0000000000000000 0.000000 243.121686 -1182428.293181 30.087490 124.182249 -20.208380 1383.351833 -7.057 -7.057 0.000000 3.328260 0.000 0 0.000
39001.00 1264.54 100.138999 0.0000000000000000 0.000000 243.121686 -1182729.178211 30.089517 124.188259 -20.215565 1383.294970 -7.062 -7.062 0.000000 3.328036 0.000 0 0.000
38901.00 1264.36 100.138999 0.0000000000000000 0.000000 243.121686 -1183030.083522 30.091546 124.194270 -20.222757 1383.238301 -7.067 -7.067 0.000000 3.327812 0.000 0 0.000
38801.00 1264.17 100.138999 0.0000000000000000 0.000000 243.121686 -1183331.009140 30.093578 124.200282 -20.229956 1383.181828 -7.073 -7.073 0.000000 3.327587 0.000 0 0.000
38701.00 1263.98 100.138999 0.0000000000000000 0.000000 243.121686 -1183631.955092 30.095613 124.206295 -20.237161 1383.125553 -7.078 -7.078 0.000000 3.327362 0.000 0 0.000
38601.00 1263.80 100.138999 0.0000000000000000 0.000000 243.121686 -1183932.921405 30.097650 124.212309 -20.244373 1383.069476 -7.083 -7.083 0.000000 3.327137 0.000 0 0.000
38501.00 1263.61 100.138999 0.0000000000000000 0.000000 243.121686 -1184233.908108 30.099691 124.218323 -20.251591 1383.013602 -7.089 -7.089 0.000000 3.326911 0.000 0 0.000
38401.00 1263.43 100.138999 0.0000000000000000 0.000000 243.121686 -1184534.915228 30.101734 124.224339 -20.258816 1382.957931 -7.094 -7.094 0.000000 3.326685 0.000 0 0.000
38301.00 1263.24 100.138999 0.0000000000000000 0.000000 243.121686 -1184835.942794 30.103780 124.230356 -20.266049 1382.902465 -7.099 -7.099 0.000000 3.326459 0.000 0 0.000
38201.00 1263.05 100.138999 0.0000000000000000 0.000000 243.121686 -1185136.990833 30.105829 124.236374 -20.273288 1382.847208 -7.105 -7.105 0.000000 3.326233 0.000 0 0.000
38101.00 1262.87 100.138999 0.0000000000000000 0.000000 243.121686 -1185438.059374 30.107880 124.242393 -20.280534 1382.792160 -7.110 -7.110 0.000000 3.326006 0.000 0 0.000
38001.00 1262.68 100.138999 0.0000000000000000 0.000000 243.121686 -1185739.148446 30.109935 124.248413 -20.287787 1382.737324 -7.116 -7.116 0.000000 3.325779 0.000 0 0.000
37901.00 1262.49 100.138999 0.0000000000000000 0.000000 243.121686 -1186040.258078 30.111992 124.254435 -20.295047 1382.682703 -7.121 -7.121 0.000000 3.325552 0.000 0 0.000
37801.00 1262.30 100.138999 0.0000000000000000 0.000000 243.121686 -1186341.388299 30.114053 124.260458 -20.302315 1382.628298 -7.127 -7.127 0.000000 3.325325 0.000 0 0.000
37701.00 1262.12 100.138999 0.0000000000000000 0.000000 243.121686 -1186642.539140 30.116116 124.266482 -20.309590 1382.574113 -7.132 -7.132 0.000000 3.325097 0.000 0 0.000
37601.00 1261.93 100.138999 0.0000000000000000 0.000000 243.121686 -1186943.710628 30.118182 124.272507 -20.316872 1382.520148 -7.137 -7.137 0.000000 3.324869 0.000 0 0.000
37501.00 1261.74 100.138999 0.0000000000000000 0.000000 243.121686 -1187244.902796 30.120252 124.278534 -20.324161 1382.466407 -7.143 -7.143 0.000000 3.324640 0.000 0 0.000
37401.00 1261.56 100.138999 0.0000000000000000 0.000000 243.121686 -1187546.115672 30.122324 124.284562 -20.331459 1382.412892 -7.148 -7.148 0.000000 3.324411 0.000 0 0.000
37301.00 1261.37 100.138999 0.0000000000000000 0.000000 243.121686 -1187847.349288 30.124400 124.290591 -20.338764 1382.359605 -7.154 -7.154 0.000000 3.324182 0.000 0 0.000
37201.00 1261.18 100.138999 0.0000000000000000 0.000000 243.121686 -1188148.603675 30.126478 124.296622 -20.346076 1382.306549 -7.160 -7.160 0.000000 3.323953 0.000 0 0.000
37101.00 1260.99 100.138999 0.0000000000000000 0.000000 243.121686 -1188449.878863 30.128560 124.302655 -20.353397 1382.253727 -7.165 -7.165 0.000000 3.323723 0.000 0 0.000
37001.00 1260.81 100.138999 0.0000000000000000 0.000000 243.121686 -1188751.174885 30.130645 124.308689 -20.360725 1382.201141 -7.171 -7.171 0.000000 3.323493 0.000 0 0.000
36901.00 1260.62 100.138999 0.0000000000000000 0.000000 243.121686 -1189052.491771 30.132733 124.314725 -20.368061 1382.148793 -7.176 -7.176 0.000000 3.323263 0.000 0 0.000
36801.00 1260.43 100.138999 0.0000000000000000 0.000000 243.121686 -1189353.829554 30.134824 124.320762 -20.375405 1382.096686 -7.182 -7.182 0.000000 3.323032 0.000 0 0.000
36701.00 1260.25 100.138999 0.0000000000000000 0.000000 243.121686 -1189655.188266 30.136919 124.326801 -20.382758 1382.044824 -7.188 -7.188 0.000000 3.322802 0.000 0 0.000
36601.00 1260.06 100.138999 0.0000000000000000 0.000000 243.121686 -1189956.567939 30.139017 124.332842 -20.390118 1381.993208 -7.193 -7.193 0.000000 3.322570 0.000 0 0.000
36501.00 1259.87 100.138999 0.0000000000000000 0.000000 243.121686 -1190257.968608 30.141118 124.338884 -20.397487 1381.941842 -7.199 -7.199 0.000000 3.322339 0.000 0 0.000
36401.00 1259.68 100.138999 0.0000000000000000 0.000000 243.121686 -1190559.390304 30.143222 124.344928 -20.404865 1381.890728 -7.205 -7.205 0.000000 3.322107 0.000 0 0.000
36301.00 1259.49 100.138999 0.0000000000000000 0.000000 243.121686 -1190860.833062 30.145330 124.350975 -20.412251 1381.839869 -7.210 -7.210 0.000000 3.321874 0.000 0 0.000
36201.00 1259.31 100.138999 0.0000000000000000 0.000000 243.121686 -1191162.296915 30.147441 124.357023 -20.419645 1381.789269 -7.216 -7.216 0.000000 3.321642 0.000 0 0.000
36101.00 1259.12 100.138999 0.0000000000000000 0.000000 243.121686 -1191463.781897 30.149556 124.363073 -20.427049 1381.738929 -7.222 -7.222 0.000000 3.321409 0.000 0 0.000
36001.00 1258.93 100.138999 0.0000000000000000 0.000000 243.121686 -1191765.288044 30.151674 124.369125 -20.434461 1381.688854 -7.228 -7.228 0.000000 3.321175 0.000 0 0.000
35901.00 1258.74 100.138999 0.0000000000000000 0.000000 243.121686 -1192066.815389 30.153796 124.375179 -20.441882 1381.639047 -7.233 -7.233 0.000000 3.320942 0.000 0 0.000
35801.00 1258.56 100.138999 0.0000000000000000 0.000000 243.121686 -1192368.363968 30.155921 124.381235 -20.449312 1381.589510 -7.239 -7.239 0.000000 3.320708 0.000 0 0.000
35701.00 1258.37 100.138999 0.0000000000000000 0.000000 243.121686 -1192669.933818 30.158050 124.387294 -20.456751 1381.540246 -7.245 -7.245 0.000000 3.320473 0.000 0 0.000
35601.00 1258.18 100.138999 0.0000000000000000 0.000000 243.121686 -1192971.524973 30.160182 124.393354 -20.464199 1381.491260 -7.251 -7.251 0.000000 3.320239 0.000 0 0.000
35501.00 1257.99 100.138999 0.0000000000000000 0.000000 243.121686 -1193273.137469 30.162318 124.399417 -20.471657 1381.442554 -7.257 -7.257 0.000000 3.320003 0.000 0 0.000
35401.00 1257.80 100.138999 0.0000000000000000 0.000000 243.121686 -1193574.771345 30.164458 124.405483 -20.479125 1381.394131 -7.262 -7.262 0.000000 3.319768 0.000 0 0.000
35301.00 1257.61 100.138999 0.0000000000000000 0.000000 243.121686 -1193876.426636 30.166601 124.411550 -20.486601 1381.345996 -7.268 -7.268 0.000000 3.319532 0.000 0 0.000
35201.00 1257.43 100.138999 0.0000000000000000 0.000000 243.121686 -1194178.103380 30.168748 124.417621 -20.494088 1381.298152 -7.274 -7.274 0.000000 3.319296 0.000 0 0.000
35101.00 1257.24 100.138999 0.0000000000000000 0.000000 243.121686 -1194479.801616 30.170899 124.423693 -20.501584 1381.250602 -7.280 -7.280 0.000000 3.319059 0.000 0 0.000
35001.00 1257.05 100.138999 0.0000000000000000 0.000000 243.121686 -1194781.521380 30.173054 124.429768 -20.509090 1381.203350 -7.286 -7.286 0.000000 3.318822 0.000 0 0.000
34901.00 1256.86 100.138999 0.0000000000000000 0.000000 243.121686 -1195083.262713 30.175213 124.435846 -20.516607 1381.156399 -7.292 -7.292 0.000000 3.318585 0.000 0 0.000
34801.00 1256.67 100.138999 0.0000000000000000 0.000000 243.121686 -1195385.025653 30.177376 124.441927 -20.524133 1381.109754 -7.298 -7.298 0.000000 3.318347 0.000 0 0.000
34701.00 1256.48 100.138999 0.0000000000000000 0.000000 243.121686 -1195686.810238 30.179542 124.448010 -20.531670 1381.063419 -7.304 -7.304 0.000000 3.318109 0.000 0 0.000
34601.00 1256.29 100.138999 0.0000000000000000 0.000000 243.121686 -1195988.616511 30.181713 124.454096 -20.539217 1381.017397 -7.310 -7.310 0.000000 3.317870 0.000 0 0.000
34501.00 1256.10 100.138999 0.0000000000000000 0.000000 243.121686 -1196290.444510 30.183888 124.460186 -20.546775 1380.971692 -7.316 -7.316 0.000000 3.317631 0.000 0 0.000
34401.00 1255.92 100.138999 0.0000000000000000 0.000000 243.121686 -1196592.294277 30.186066 124.466278 -20.554343 1380.926309 -7.322 -7.322 0.000000 3.317391 0.000 0 0.000
34301.00 1255.73 100.138999 0.0000000000000000 0.000000 243.121686 -1196894.165852 30.188249 124.472373 -20.561922 1380.881251 -7.328 -7.328 0.000000 3.317152 0.000 0 0.000
34201.00 1255.54 100.138999 0.0000000000000000 0.000000 243.121686 -1197196.059279 30.190437 124.478471 -20.569513 1380.836524 -7.335 -7.335 0.000000 3.316911 0.000 0 0.000
34101.00 1255.35 100.138999 0.0000000000000000 0.000000 243.121686 -1197497.974598 30.192628 124.484572 -20.577114 1380.792131 -7.341 -7.341 0.000000 3.316671 0.000 0 0.000
34001.00 1255.16 100.138999 0.0000000000000000 0.000000 243.121686 -1197799.911852 30.194824 124.490677 -20.584727 1380.748076 -7.347 -7.347 0.000000 3.316429 0.000 0 0.000
33901.00 1254.97 100.138999 0.0000000000000000 0.000000 243.121686 -1198101.871086 30.197024 124.496785 -20.592350 1380.704365 -7.353 -7.353 0.000000 3.316188 0.000 0 0.000
33801.00 1254.78 100.138999 0.0000000000000000 0.000000 243.121686 -1198403.852342 30.199228 124.502896 -20.599986 1380.661001 -7.359 -7.359 0.000000 3.315946 0.000 0 0.000
33701.00 1254.59 100.138999 0.0000000000000000 0.000000 243.121686 -1198705.855664 30.201437 124.509011 -20.607633 1380.617990 -7.366 -7.366 0.000000 3.315703 0.000 0 0.000
33601.00 1254.40 100.138999 0.0000000000000000 0.000000 243.121686 -1199007.881099 30.203650 124.515130 -20.615292 1380.575337 -7.372 -7.372 0.000000 3.315460 0.000 0 0.000
33501.00 1254.21 100.138999 0.0000000000000000 0.000000 243.121686 -1199309.928689 30.205868 124.521252 -20.622963 1380.533046 -7.378 -7.378 0.000000 3.315217 0.000 0 0.000
33401.00 1254.02 100.138999 0.0000000000000000 0.000000 243.121686 -1199611.998483 30.208091 124.527378 -20.630646 1380.491122 -7.384 -7.384 0.000000 3.314973 0.000 0 0.000
33301.00 1253.83 100.138999 0.0000000000000000 0.000000 243.121686 -1199914.090526 30.210318 124.533508 -20.638342 1380.449571 -7.391 -7.391 0.000000 3.314728 0.000 0 0.000
33201.00 1253.64 100.138999 0.0000000000000000 0.000000 243.121686 -1200216.204864 30.212550 124.539642 -20.646050 1380.408397 -7.397 -7.397 0.000000 3.314483 0.000 0 0.000
33101.00 1253.45 100.138999 0.0000000000000000 0.000000 243.121686 -1200518.341546 30.214787 124.545779 -20.653770 1380.367607 -7.403 -7.403 0.000000 3.314238 0.000 0 0.000
33001.00 1253.26 100.138999 0.0000000000000000 0.000000 243.121686 -1200820.500620 30.217029 124.551921 -20.661504 1380.327205 -7.410 -7.410 0.000000 3.313992 0.000 0 0.000
32901.00 1253.07 100.138999 0.0000000000000000 0.000000 243.121686 -1201122.682135 30.219275 124.558067 -20.669250 1380.287197 -7.416 -7.416 0.000000 3.313746 0.000 0 0.000
32801.00 1252.88 100.138999 0.0000000000000000 0.000000 243.121686 -1201424.886139 30.221527 124.564218 -20.677010 1380.247589 -7.423 -7.423 0.000000 3.313499 0.000 0 0.000
32701.00 1252.69 100.138999 0.0000000000000000 0.000000 243.121686 -1201727.112684 30.223783 124.570373 -20.684783 1380.208386 -7.429 -7.429 0.000000 3.313252 0.000 0 0.000
32601.00 1252.50 100.138999 0.0000000000000000 0.000000 243.121686 -1202029.361819 30.226045 124.576532 -20.692569 1380.169595 -7.436 -7.436 0.000000 3.313004 0.000 0 0.000
32501.00 1252.31 100.138999 0.0000000000000000 0.000000 243.121686 -1202331.633596 30.228312 124.582696 -20.700369 1380.131222 -7.442 -7.442 0.000000 3.312755 0.000 0 0.000
32401.00 1252.12 100.138999 0.0000000000000000 0.000000 243.121686 -1202633.928067 30.230584 124.588865 -20.708183 1380.093272 -7.449 -7.449 0.000000 3.312506 0.000 0 0.000
32301.00 1251.92 100.138999 0.0000000000000000 0.000000 243.121686 -1202936.245284 30.232861 124.595038 -20.716012 1380.055752 -7.455 -7.455 0.000000 3.312257 0.000 0 0.000
32201.00 1251.73 100.138999 0.0000000000000000 0.000000 243.121686 -1203238.585302 30.235144 124.601217 -20.723854 1380.018669 -7.462 -7.462 0.000000 3.312007 0.000 0 0.000
32101.00 1251.54 100.138999 0.0000000000000000 0.000000 243.121686 -1203540.948174 30.237432 124.607401 -20.731712 1379.982029 -7.468 -7.468 0.000000 3.311756 0.000 0 0.000
32001.00 1251.35 100.138999 0.0000000000000000 0.000000 243.121686 -1203843.333955 30.239725 124.613589 -20.739583 1379.945840 -7.475 -7.475 0.000000 3.311505 0.000 0 0.000
31901.00 1251.16 100.138999 0.0000000000000000 0.000000 243.121686 -1204145.742701 30.242025 124.619784 -20.747470 1379.910107 -7.482 -7.482 0.000000 3.311253 0.000 0 0.000
31801.00 1250.97 100.138999 0.0000000000000000 0.000000 243.121686 -1204448.174468 30.244330 124.625983 -20.755372 1379.874838 -7.489 -7.489 0.000000 3.311001 0.000 0 0.000
31701.00 1250.78 100.138999 0.0000000000000000 0.000000 243.121686 -1204750.629313 30.246640 124.632188 -20.763290 1379.840041 -7.495 -7.495 0.000000 3.310748 0.000 0 0.000
31601.00 1250.58 100.138999 0.0000000000000000 0.000000 243.121686 -1205053.107295 30.248957 124.638399 -20.771223 1379.805722 -7.502 -7.502 0.000000 3.310494 0.000 0 0.000
31501.00 1250.39 100.138999 0.0000000000000000 0.000000 243.121686 -1205355.608472 30.251279 124.644616 -20.779172 1379.771889 -7.509 -7.509 0.000000 3.310240 0.000 0 0.000
31401.00 1250.20 100.138999 0.0000000000000000 0.000000 243.121686 -1205658.132904 30.253608 124.650839 -20.787137 1379.738551 -7.516 -7.516 0.000000 3.309985 0.000 0 0.000
31301.00 1250.01 100.138999 0.0000000000000000 0.000000 243.121686 -1205960.680652 30.255943 124.657068 -20.795119 1379.705715 -7.522 -7.522 0.000000 3.309730 0.000 0 0.000
31201.00 1249.82 100.138999 0.0000000000000000 0.000000 243.121686 -1206263.251776 30.258283 124.663303 -20.803117 1379.673388 -7.529 -7.529 0.000000 3.309474 0.000 0 0.000
31101.00 1249.62 100.138999 0.0000000000000000 0.000000 243.121686 -1206565.846340 30.260630 124.669544 -20.811132 1379.641581 -7.536 -7.536 0.000000 3.309217 0.000 0 0.000
31001.00 1249.43 100.138999 0.0000000000000000 0.000000 243.121686 -1206868.464407 30.262984 124.675792 -20.819164 1379.610300 -7.543 -7.543 0.000000 3.308960 0.000 0 0.000
30901.00 1249.24 100.138999 0.0000000000000000 0.000000 243.121686 -1207171.106040 30.265344 124.682047 -20.827213 1379.579555 -7.550 -7.550 0.000000 3.308702 0.000 0 0.000
30801.00 1249.04 100.138999 0.0000000000000000 0.000000 243.121686 -1207473.771305 30.267710 124.688309 -20.835280 1379.549355 -7.557 -7.557 0.000000 3.308443 0.000 0 0.000
30701.00 1248.85 100.138999 0.0000000000000000 0.000000 243.121686 -1207776.460268 30.270083 124.694578 -20.843365 1379.519709 -7.564 -7.564 0.000000 3.308184 0.000 0 0.000
30601.00 1248.66 100.138999 0.0000000000000000 0.000000 243.121686 -1208079.172996 30.272463 124.700854 -20.851469 1379.490626 -7.571 -7.571 0.000000 3.307924 0.000 0 0.000
30501.00 1248.46 100.138999 0.0000000000000000 0.000000 243.121686 -1208381.909559 30.274850 124.707138 -20.859591 1379.462116 -7.578 -7.578 0.000000 3.307663 0.000 0 0.000
30401.00 1248.27 100.138999 0.0000000000000000 0.000000 243.121686 -1208684.670024 30.277244 124.713429 -20.867731 1379.434188 -7.585 -7.585 0.000000 3.307401 0.000 0 0.000
30301.00 1248.08 100.138999 0.0000000000000000 0.000000 243.121686 -1208987.454463 30.279645 124.719727 -20.875891 1379.406854 -7.593 -7.593 0.000000 3.307139 0.000 0 0.000
30201.00 1247.88 100.138999 0.0000000000000000 0.000000 243.121686 -1209290.262946 30.282053 124.726034 -20.884070 1379.380123 -7.600 -7.600 0.000000 3.306876 0.000 0 0.000
30101.00 1247.69 100.138999 0.0000000000000000 0.000000 243.121686 -1209593.095548 30.284468 124.732349 -20.892269 1379.354005 -7.607 -7.607 0.000000 3.306612 0.000 0 0.000
30001.00 1247.49 100.138999 0.0000000000000000 0.000000 243.121686 -1209895.952340 30.286891 124.738672 -20.900488 1379.328512 -7.614 -7.614 0.000000 3.306348 0.000 0 0.000
29901.00 1247.30 100.138999 0.0000000000000000 0.000000 243.121686 -1210198.833400 30.289322 124.745004 -20.908728 1379.303655 -7.621 -7.621 0.000000 3.306083 0.000 0 0.000
29801.00 1247.11 100.138999 0.0000000000000000 0.000000 243.121686 -1210501.738802 30.291760 124.751345 -20.916988 1379.279445 -7.629 -7.629 0.000000 3.305816 0.000 0 0.000
29701.00 1246.91 100.138999 0.0000000000000000 0.000000 243.121686 -1210804.668625 30.294206 124.757694 -20.925269 1379.255894 -7.636 -7.636 0.000000 3.305550 0.000 0 0.000
29601.00 1246.72 100.138999 0.0000000000000000 0.000000 243.121686 -1211107.622948 30.296660 124.764053 -20.933572 1379.233015 -7.644 -7.644 0.000000 3.305282 0.000 0 0.000
29501.00 1246.52 100.138999 0.0000000000000000 0.000000 243.121686 -1211410.601850 30.299122 124.770421 -20.941896 1379.210818 -7.651 -7.651 0.000000 3.305013 0.000 0 0.000
29401.00 1246.33 100.138999 0.0000000000000000 0.000000 243.121686 -1211713.605413 30.301592 124.776799 -20.950243 1379.189317 -7.658 -7.658 0.000000 3.304744 0.000 0 0.000
29301.00 1246.13 100.138999 0.0000000000000000 0.000000 243.121686 -1212016.633721 30.304071 124.783187 -20.958613 1379.168525 -7.666 -7.666 0.000000 3.304474 0.000 0 0.000
29201.00 1245.93 100.138999 0.0000000000000000 0.000000 243.121686 -1212319.686858 30.306558 124.789584 -20.967005 1379.148456 -7.673 -7.673 0.000000 3.304202 0.000 0 0.000
29101.00 1245.74 100.138999 0.0000000000000000 0.000000 243.121686 -1212622.764909 30.309054 124.795993 -20.975421 1379.129122 -7.681 -7.681 0.000000 3.303930 0.000 0 0.000
29001.00 1245.54 100.138999 0.0000000000000000 0.000000 243.121686 -1212925.867962 30.311558 124.802411 -20.983861 1379.110538 -7.689 -7.689 0.000000 3.303657 0.000 0 0.000
28901.00 1245.35 100.138999 0.0000000000000000 0.000000 243.121686 -1213228.996107 30.314072 124.808841 -20.992324 1379.092719 -7.696 -7.696 0.000000 3.303383 0.000 0 0.000
28801.00 1245.15 100.138999 0.0000000000000000 0.000000 243.121686 -1213532.149433 30.316595 124.815282 -21.000813 1379.075678 -7.704 -7.704 0.000000 3.303108 0.000 0 0.000
28701.00 1244.95 100.138999 0.0000000000000000 0.000000 243.121686 -1213835.328033 30.319127 124.821734 -21.009327 1379.059432 -7.712 -7.712 0.000000 3.302833 0.000 0 0.000
28601.00 1244.76 100.138999 0.0000000000000000 0.000000 243.121686 -1214138.532001 30.321668 124.828198 -21.017866 1379.043995 -7.720 -7.720 0.000000 3.302556 0.000 0 0.000
28501.00 1244.56 100.138999 0.0000000000000000 0.000000 243.121686 -1214441.761432 30.324220 124.834675 -21.026431 1379.029384 -7.727 -7.727 0.000000 3.302278 0.000 0 0.000
28401.00 1244.36 100.138999 0.0000000000000000 0.000000 243.121686 -1214745.016424 30.326781 124.841163 -21.035023 1379.015614 -7.735 -7.735 0.000000 3.301999 0.000 0 0.000
28301.00 1244.16 100.138999 0.0000000000000000 0.000000 243.121686 -1215048.297075 30.329352 124.847664 -21.043642 1379.002704 -7.743 -7.743 0.000000 3.301719 0.000 0 0.000
28201.00 1243.97 100.138999 0.0000000000000000 0.000000 243.121686 -1215351.603488 30.331933 124.854178 -21.052288 1378.990670 -7.751 -7.751 0.000000 3.301438 0.000 0 0.000
28101.00 1243.77 100.138999 0.0000000000000000 0.000000 243.121686 -1215654.935765 30.334524 124.860706 -21.060963 1378.979530 -7.759 -7.759 0.000000 3.301156 0.000 0 0.000
28001.00 1243.57 100.138999 0.0000000000000000 0.000000 243.121686 -1215958.294011 30.337127 124.867247 -21.069666 1378.969301 -7.767 -7.767 0.000000 3.300873 0.000 0 0.000
27901.00 1243.37 100.138999 0.0000000000000000 0.000000 243.121686 -1216261.678332 30.339740 124.873802 -21.078398 1378.960004 -7.775 -7.775 0.000000 3.300589 0.000 0 0.000
27801.00 1243.17 100.138999 0.0000000000000000 0.000000 243.121686 -1216565.088838 30.342364 124.880371 -21.087160 1378.951657 -7.783 -7.783 0.000000 3.300303 0.000 0 0.000
27701.00 1242.97 100.138999 0.0000000000000000 0.000000 243.121686 -1216868.525641 30.344999 124.886955 -21.095952 1378.944279 -7.792 -7.792 0.000000 3.300017 0.000 0 0.000
27601.00 1242.78 100.138999 0.0000000000000000 0.000000 243.121686 -1217171.988852 30.347645 124.893554 -21.104775 1378.937892 -7.800 -7.800 0.000000 3.299729 0.000 0 0.000
27501.00 1242.58 100.138999 0.0000000000000000 0.000000 243.121686 -1217475.478588 30.350304 124.900169 -21.113629 1378.932515 -7.808 -7.808 0.000000 3.299440 0.000 0 0.000
27401.00 1242.38 100.138999 0.0000000000000000 0.000000 243.121686 -1217778.994967 30.352974 124.906799 -21.122515 1378.928171 -7.816 -7.816 0.000000 3.299150 0.000 0 0.000
27301.00 1242.18 100.138999 0.0000000000000000 0.000000 243.121686 -1218082.538108 30.355656 124.913446 -21.131435 1378.924881 -7.825 -7.825 0.000000 3.298858 0.000 0 0.000
27201.00 1241.98 100.138999 0.0000000000000000 0.000000 243.121686 -1218386.108135 30.358351 124.920110 -21.140387 1378.922668 -7.833 -7.833 0.000000 3.298565 0.000 0 0.000
27101.00 1241.78 100.138999 0.0000000000000000 0.000000 243.121686 -1218689.705173 30.361058 124.926790 -21.149374 1378.921556 -7.842 -7.842 0.000000 3.298271 0.000 0 0.000
27001.00 1241.57 100.138999 0.0000000000000000 0.000000 243.121686 -1218993.329348 30.363779 124.933489 -21.158395 1378.921567 -7.850 -7.850 0.000000 3.297976 0.000 0 0.000
26901.00 1241.37 100.138999 0.0000000000000000 0.000000 243.121686 -1219296.980792 30.366512 124.940205 -21.167451 1378.922728 -7.859 -7.859 0.000000 3.297679 0.000 0 0.000
26801.00 1241.17 100.138999 0.0000000000000000 0.000000 243.121686 -1219600.659638 30.369259 124.946940 -21.176544 1378.925062 -7.868 -7.868 0.000000 3.297380 0.000 0 0.000
26701.00 1240.97 100.138999 0.0000000000000000 0.000000 243.121686 -1219904.366020 30.372020 124.953694 -21.185674 1378.928596 -7.876 -7.876 0.000000 3.297081 0.000 0 0.000
26601.00 1240.77 100.138999 0.0000000000000000 0.000000 243.121686 -1220208.100079 30.374794 124.960467 -21.194841 1378.933357 -7.885 -7.885 0.000000 3.296779 0.000 0 0.000
26501.00 1240.57 100.138999 0.0000000000000000 0.000000 243.121686 -1220511.861954 30.377583 124.967260 -21.204047 1378.939372 -7.894 -7.894 0.000000 3.296477 0.000 0 0.000
26401.00 1240.36 100.138999 0.0000000000000000 0.000000 243.121686 -1220815.651792 30.380387 124.974074 -21.213292 1378.946670 -7.903 -7.903 0.000000 3.296173 0.000 0 0.000
26301.00 1240.16 100.138999 0.0000000000000000 0.000000 243.121686 -1221119.469739 30.383205 124.980909 -21.222577 1378.955278 -7.912 -7.912 0.000000 3.295867 0.000 0 0.000
26201.00 1239.96 100.138999 0.0000000000000000 0.000000 243.121686 -1221423.315947 30.386039 124.987766 -21.231903 1378.965228 -7.921 -7.921 0.000000 3.295559 0.000 0 0.000
26101.00 1239.75 100.138999 0.0000000000000000 0.000000 243.121686 -1221727.190569 30.388888 124.994644 -21.241271 1378.976550 -7.930 -7.930 0.000000 3.295251 0.000 0 0.000
26001.00 1239.55 100.138999 0.0000000000000000 0.000000 243.121686 -1222031.093764 30.391753 125.001546 -21.250681 1378.989276 -7.939 -7.939 0.000000 3.294940 0.000 0 0.000
25901.00 1239.35 100.138999 0.0000000000000000 0.000000 243.121686 -1222335.025691 30.394635 125.008471 -21.260135 1379.003437 -7.948 -7.948 0.000000 3.294627 0.000 0 0.000
25801.00 1239.14 100.138999 0.0000000000000000 0.000000 243.121686 -1222638.986515 30.397533 125.015420 -21.269634 1379.019068 -7.957 -7.957 0.000000 3.294313 0.000 0 0.000
25701.00 1238.94 100.138999 0.0000000000000000 0.000000 243.121686 -1222942.976405 30.400448 125.022394 -21.279178 1379.036203 -7.967 -7.967 0.000000 3.293997 0.000 0 0.000
25601.00 1238.73 100.138999 0.0000000000000000 0.000000 243.121686 -1223246.995532 30.403380 125.029393 -21.288768 1379.054877 -7.976 -7.976 0.000000 3.293680 0.000 0 0.000
25501.00 1238.52 100.138999 0.0000000000000000 0.000000 243.121686 -1223551.044072 30.406331 125.036418 -21.298407 1379.075126 -7.986 -7.986 0.000000 3.293360 0.000 0 0.000
25401.00 1238.32 100.138999 0.0000000000000000 0.000000 243.121686 -1223855.122205 30.409299 125.043470 -21.308094 1379.096989 -7.995 -7.995 0.000000 3.293039 0.000 0 0.000
25301.00 1238.11 100.138999 0.0000000000000000 0.000000 243.121686 -1224159.230115 30.412286 125.050550 -21.317830 1379.120504 -8.005 -8.005 0.000000 3.292715 0.000 0 0.000
25201.00 1237.90 100.138999 0.0000000000000000 0.000000 243.121686 -1224463.367989 30.415292 125.057657 -21.327617 1379.145710 -8.015 -8.015 0.000000 3.292390 0.000 0 0.000
25101.00 1237.70 100.138999 0.0000000000000000 0.000000 243.121686 -1224767.536020 30.418318 125.064794 -21.337457 1379.172649 -8.024 -8.024 0.000000 3.292062 0.000 0 0.000
25001.00 1237.49 100.138999 0.0000000000000000 0.000000 243.121686 -1225071.734405 30.421363 125.071960 -21.347349 1379.201363 -8.034 -8.034 0.000000 3.291733 0.000 0 0.000
24901.00 1237.28 100.138999 0.0000000000000000 0.000000 243.121686 -1225375.963346 30.424429 125.079157 -21.357296 1379.231894 -8.044 -8.044 0.000000 3.291401 0.000 0 0.000
24801.00 1237.07 100.138999 0.0000000000000000 0.000000 243.121686 -1225680.223047 30.427515 125.086386 -21.367299 1379.264289 -8.054 -8.054 0.000000 3.291067 0.000 0 0.000
24701.00 1236.86 100.138999 0.0000000000000000 0.000000 243.121686 -1225984.513721 30.430623 125.093646 -21.377358 1379.298592 -8.064 -8.064 0.000000 3.290731 0.000 0 0.000
24601.00 1236.65 100.138999 0.0000000000000000 0.000000 243.121686 -1226288.835584 30.433753 125.100940 -21.387476 1379.334852 -8.075 -8.075 0.000000 3.290393 0.000 0 0.000
24501.00 1236.44 100.138999 0.0000000000000000 0.000000 243.121686 -1226593.188855 30.436905 125.108268 -21.397653 1379.373117 -8.085 -8.085 0.000000 3.290052 0.000 0 0.000
24401.00 1236.23 100.138999 0.0000000000000000 0.000000 243.121686 -1226897.573763 30.440080 125.115631 -21.407892 1379.413438 -8.095 -8.095 0.000000 3.289709 0.000 0 0.000
24301.00 1236.02 100.138999 0.0000000000000000 0.000000 243.121686 -1227201.990538 30.443279 125.123030 -21.418193 1379.455867 -8.106 -8.106 0.000000 3.289363 0.000 0 0.000
24201.00 1235.81 100.138999 0.0000000000000000 0.000000 243.121686 -1227506.439420 30.446501 125.130467 -21.428558 1379.500458 -8.116 -8.116 0.000000 3.289015 0.000 0 0.000
24101.00 1235.60 100.138999 0.0000000000000000 0.000000 243.121686 -1227810.920650 30.449749 125.137941 -21.438988 1379.547266 -8.127 -8.127 0.000000 3.288664 0.000 0 0.000
24001.00 1235.39 100.138999 0.0000000000000000 0.000000 243.121686 -1228115.434478 30.453021 125.145454 -21.449486 1379.596348 -8.138 -8.138 0.000000 3.288311 0.000 0 0.000
23901.00 1235.17 100.138999 0.0000000000000000 0.000000 243.121686 -1228419.981161 30.456320 125.153008 -21.460052 1379.647763 -8.149 -8.149 0.000000 3.287955 0.000 0 0.000
23801.00 1234.96 100.138999 0.0000000000000000 0.000000 243.121686 -1228724.560959 30.459645 125.160603 -21.470689 1379.701572 -8.160 -8.160 0.000000 3.287596 0.000 0 0.000
23701.00 1234.74 100.138999 0.0000000000000000 0.000000 243.121686 -1229029.174142 30.462997 125.168241 -21.481398 1379.757839 -8.171 -8.171 0.000000 3.287234 0.000 0 0.000
23601.00 1234.53 100.138999 0.0000000000000000 0.000000 243.121686 -1229333.820986 30.466377 125.175922 -21.492181 1379.816627 -8.182 -8.182 0.000000 3.286869 0.000 0 0.000
23501.00 1234.31 100.138999 0.0000000000000000 0.000000 243.121686 -1229638.501772 30.469785 125.183649 -21.503041 1379.878004 -8.193 -8.193 0.000000 3.286502 0.000 0 0.000
23401.00 1234.10 100.138999 0.0000000000000000 0.000000 243.121686 -1229943.216790 30.473223 125.191422 -21.513978 1379.942041 -8.204 -8.204 0.000000 3.286131 0.000 0 0.000
23301.00 1233.88 100.138999 0.0000000000000000 0.000000 243.121686 -1230247.966339 30.476691 125.199242 -21.524994 1380.008807 -8.216 -8.216 0.000000 3.285757 0.000 0 0.000
23201.00 1233.67 100.138999 0.0000000000000000 0.000000 243.121686 -1230552.750722 30.480190 125.207112 -21.536093 1380.078378 -8.228 -8.228 0.000000 3.285380 0.000 0 0.000
23101.00 1233.45 100.138999 0.0000000000000000 0.000000 243.121686 -1230857.570252 30.483721 125.215033 -21.547276 1380.150831 -8.239 -8.239 0.000000 3.284999 0.000 0 0.000
23001.00 1233.23 100.138999 0.0000000000000000 0.000000 243.121686 -1231162.425252 30.487284 125.223006 -21.558545 1380.226245 -8.251 -8.251 0.000000 3.284615 0.000 0 0.000
22901.00 1233.01 100.138999 0.0000000000000000 0.000000 243.121686 -1231467.316051 30.490881 125.231032 -21.569902 1380.304702 -8.263 -8.263 0.000000 3.284228 0.000 0 0.000
22801.00 1232.79 100.138999 0.0000000000000000 0.000000 243.121686 -1231772.242989 30.494512 125.239114 -21.581351 1380.386288 -8.275 -8.275 0.000000 3.283837 0.000 0 0.000
22701.00 1232.57 100.138999 0.0000000000000000 0.000000 243.121686 -1232077.206412 30.498179 125.247252 -21.592893 1380.471090 -8.288 -8.288 0.000000 3.283442 0.000 0 0.000
22601.00 1232.35 100.138999 0.0000000000000000 0.000000 243.121686 -1232382.206680 30.501881 125.255450 -21.604530 1380.559202 -8.300 -8.300 0.000000 3.283043 0.000 0 0.000
22501.00 1232.13 100.138999 0.0000000000000000 0.000000 243.121686 -1232687.244159 30.505621 125.263707 -21.616266 1380.650717 -8.313 -8.313 0.000000 3.282641 0.000 0 0.000
22401.00 1231.90 100.138999 0.0000000000000000 0.000000 243.121686 -1232992.319227 30.509399 125.272028 -21.628104 1380.745734 -8.325 -8.325 0.000000 3.282234 0.000 0 0.000
22301.00 1231.68 100.138999 0.0000000000000000 0.000000 243.121686 -1233297.432274 30.513217 125.280412 -21.640046 1380.844356 -8.338 -8.338 0.000000 3.281824 0.000 0 0.000
22201.00 1231.46 100.138999 0.0000000000000000 0.000000 243.121686 -1233602.583698 30.517075 125.288863 -21.652094 1380.946688 -8.351 -8.351 0.000000 3.281409 0.000 0 0.000
22101.00 1231.23 100.138999 0.0000000000000000 0.000000 243.121686 -1233907.773911 30.520975 125.297382 -21.664253 1381.052842 -8.364 -8.364 0.000000 3.280990 0.000 0 0.000
22001.00 1231.01 100.138999 0.0000000000000000 0.000000 243.121686 -1234213.003335 30.524917 125.305972 -21.676525 1381.162931 -8.377 -8.377 0.000000 3.280566 0.000 0 0.000
21901.00 1230.78 100.138999 0.0000000000000000 0.000000 243.121686 -1234518.272407 30.528904 125.314635 -21.688913 1381.277076 -8.391 -8.391 0.000000 3.280137 0.000 0 0.000
21801.00 1230.55 100.138999 0.0000000000000000 0.000000 243.121686 -1234823.581575 30.532937 125.323373 -21.701422 1381.395399 -8.404 -8.404 0.000000 3.279704 0.000 0 0.000
21701.00 1230.32 100.138999 0.0000000000000000 0.000000 243.121686 -1235128.931301 30.537016 125.332189 -21.714054 1381.518031 -8.418 -8.418 0.000000 3.279266 0.000 0 0.000
21601.00 1230.09 100.138999 0.0000000000000000 0.000000 243.121686 -1235434.322059 30.541144 125.341085 -21.726813 1381.645105 -8.432 -8.432 0.000000 3.278823 0.000 0 0.000
21501.00 1229.86 100.138999 0.0000000000000000 0.000000 243.121686 -1235739.754342 30.545321 125.350064 -21.739704 1381.776761 -8.446 -8.446 0.000000 3.278374 0.000 0 0.000
21401.00 1229.63 100.138999 0.0000000000000000 0.000000 243.121686 -1236045.228653 30.549550 125.359129 -21.752730 1381.913145 -8.461 -8.461 0.000000 3.277921 0.000 0 0.000
21301.00 1229.40 100.138999 0.0000000000000000 0.000000 243.121686 -1236350.745516 30.553832 125.368282 -21.765895 1382.054409 -8.475 -8.475 0.000000 3.277461 0.000 0 0.000
21201.00 1229.17 100.138999 0.0000000000000000 0.000000 243.121686 -1236656.305466 30.558168 125.377528 -21.779204 1382.200712 -8.490 -8.490 0.000000 3.276996 0.000 0 0.000
21101.00 1228.93 100.138999 0.0000000000000000 0.000000 243.121686 -1236961.909061 30.562561 125.386868 -21.792662 1382.352218 -8.505 -8.505 0.000000 3.276525 0.000 0 0.000
21001.00 1228.70 100.138999 0.0000000000000000 0.000000 243.121686 -1237267.556871 30.567011 125.396306 -21.806272 1382.509100 -8.520 -8.520 0.000000 3.276048 0.000 0 0.000
20901.00 1228.46 100.138999 0.0000000000000000 0.000000 243.121686 -1237573.249490 30.571522 125.405846 -21.820041 1382.671539 -8.535 -8.535 0.000000 3.275565 0.000 0 0.000
20801.00 1228.22 100.138999 0.0000000000000000 0.000000 243.121686 -1237878.987528 30.576096 125.415491 -21.833973 1382.839722 -8.550 -8.550 0.000000 3.275075 0.000 0 0.000
20701.00 1227.98 100.138999 0.0000000000000000 0.000000 243.121686 -1238184.771617 30.580733 125.425245 -21.848074 1383.013846 -8.566 -8.566 0.000000 3.274578 0.000 0 0.000
20601.00 1227.74 100.138999 0.0000000000000000 0.000000 243.121686 -1238490.602410 30.585437 125.435112 -21.862350 1383.194118 -8.582 -8.582 0.000000 3.274075 0.000 0 0.000
20501.00 1227.50 100.138999 0.0000000000000000 0.000000 243.121686 -1238796.480583 30.590209 125.445096 -21.876806 1383.380751 -8.598 -8.598 0.000000 3.273564 0.000 0 0.000
20401.00 1227.26 100.138999 0.0000000000000000 0.000000 243.121686 -1239102.406835 30.595053 125.455202 -21.891448 1383.573972 -8.614 -8.614 0.000000 3.273045 0.000 0 0.000
20301.00 1227.01 100.138999 0.0000000000000000 0.000000 243.121686 -1239408.381888 30.599970 125.465434 -21.906284 1383.774015 -8.631 -8.631 0.000000 3.272519 0.000 0 0.000
20201.00 1226.77 100.138999 0.0000000000000000 0.000000 243.121686 -1239714.406493 30.604964 125.475797 -21.921320 1383.981129 -8.648 -8.648 0.000000 3.271986 0.000 0 0.000
20101.00 1226.52 100.138999 0.0000000000000000 0.000000 243.121686 -1240020.481426 30.610036 125.486296 -21.936564 1384.195570 -8.665 -8.665 0.000000 3.271443 0.000 0 0.000
20001.00 1226.27 100.138999 0.0000000000000000 0.000000 243.121686 -1240326.607490 30.615191 125.496935 -21.952022 1384.417611 -8.682 -8.682 0.000000 3.270893 0.000 0 0.000
19901.00 1226.02 100.138999 0.0000000000000000 0.000000 243.121686 -1240632.785519 30.620430 125.507722 -21.967703 1384.647536 -8.700 -8.700 0.000000 3.270333 0.000 0 0.000
19801.00 1225.77 100.138999 0.0000000000000000 0.000000 243.121686 -1240939.016379 30.625757 125.518661 -21.983615 1384.885643 -8.718 -8.718 0.000000 3.269764 0.000 0 0.000
19701.00 1225.52 100.138999 0.0000000000000000 0.000000 243.121686 -1241245.300967 30.631176 125.529758 -21.999766 1385.132245 -8.736 -8.736 0.000000 3.269186 0.000 0 0.000
19601.00 1225.26 100.138999 0.0000000000000000 0.000000 243.121686 -1241551.640214 30.636690 125.541020 -22.016167 1385.387671 -8.755 -8.755 0.000000 3.268597 0.000 0 0.000
19501.00 1225.01 100.138999 0.0000000000000000 0.000000 243.121686 -1241858.035089 30.642302 125.552454 -22.032826 1385.652265 -8.773 -8.773 0.000000 3.267999 0.000 0 0.000
19401.00 1224.75 100.138999 0.0000000000000000 0.000000 243.121686 -1242164.486598 30.648017 125.564066 -22.049754 1385.926390 -8.793 -8.793 0.000000 3.267389 0.000 0 0.000
19301.00 1224.49 100.138999 0.0000000000000000 0.000000 243.121686 -1242470.995784 30.653838 125.575865 -22.066960 1386.210427 -8.812 -8.812 0.000000 3.266769 0.000 0 0.000
19201.00 1224.22 100.138999 0.0000000000000000 0.000000 243.121686 -1242777.563736 30.659771 125.587857 -22.084457 1386.504776 -8.832 -8.832 0.000000 3.266137 0.000 0 0.000
19101.00 1223.96 100.138999 0.0000000000000000 0.000000 243.121686 -1243084.191584 30.665818 125.600052 -22.102257 1386.809859 -8.852 -8.852 0.000000 3.265492 0.000 0 0.000
19001.00 1223.69 100.138999 0.0000000000000000 0.000000 243.121686 -1243390.880506 30.671986 125.612458 -22.120370 1387.126119 -8.872 -8.872 0.000000 3.264836 0.000 0 0.000
18901.00 1223.42 100.138999 0.0000000000000000 0.000000 243.121686 -1243697.631728 30.678279 125.625083 -22.138811 1387.454022 -8.893 -8.893 0.000000 3.264166 0.000 0 0.000
18801.00 1223.15 100.138999 0.0000000000000000 0.000000 243.121686 -1244004.446527 30.684703 125.637939 -22.157594 1387.794058 -8.914 -8.914 0.000000 3.263483 0.000 0 0.000
18701.00 1222.87 100.138999 0.0000000000000000 0.000000 243.121686 -1244311.326234 30.691262 125.651033 -22.176732 1388.146744 -8.936 -8.936 0.000000 3.262785 0.000 0 0.000
18601.00 1222.60 100.138999 0.0000000000000000 0.000000 243.121686 -1244618.272238 30.697963 125.664379 -22.196241 1388.512625 -8.958 -8.958 0.000000 3.262073 0.000 0 0.000
18501.00 1222.32 100.138999 0.0000000000000000 0.000000 243.121686 -1244925.285987 30.704812 125.677986 -22.216137 1388.892272 -8.980 -8.980 0.000000 3.261345 0.000 0 0.000
18401.00 1222.04 100.138999 0.0000000000000000 0.000000 243.121686 -1245232.368993 30.711815 125.691867 -22.236437 1389.286290 -9.003 -9.003 0.000000 3.260602 0.000 0 0.000
18301.00 1221.75 100.138999 0.0000000000000000 0.000000 243.121686 -1245539.522834 30.718980 125.706034 -22.257159 1389.695315 -9.027 -9.027 0.000000 3.259841 0.000 0 0.000
18201.00 1221.46 100.138999 0.0000000000000000 0.000000 243.121686 -1245846.749158 30.726313 125.720500 -22.278322 1390.120016 -9.050 -9.050 0.000000 3.259063 0.000 0 0.000
18101.00 1221.17 100.138999 0.0000000000000000 0.000000 243.121686 -1246154.049688 30.733823 125.735280 -22.299945 1390.561100 -9.075 -9.075 0.000000 3.258267 0.000 0 0.000
18001.00 1220.88 100.138999 0.0000000000000000 0.000000 243.121686 -1246461.426226 30.741516 125.750387 -22.322051 1391.019311 -9.099 -9.099 0.000000 3.257452 0.000 0 0.000
17901.00 1220.58 100.138999 0.0000000000000000 0.000000 243.121686 -1246768.880654 30.749402 125.765839 -22.344660 1391.495434 -9.124 -9.124 0.000000 3.256616 0.000 0 0.000
17801.00 1220.32 100.138999 0.0000000000000000 0.000000 243.121686 -1247076.411984 30.755590 125.778343 -22.362559 1391.810415 -9.144 -9.144 0.000000 3.255961 0.000 0 0.000
17701.00 1220.15 100.138999 0.0000000000000000 0.000000 243.121686 -1247383.978250 30.757663 125.783686 -22.369105 1391.735721 -9.149 -9.149 0.000000 3.255741 0.000 0 0.000
17601.00 1219.97 100.138999 0.0000000000000000 0.000000 243.121686 -1247691.565254 30.759738 125.789028 -22.375652 1391.661031 -9.155 -9.155 0.000000 3.255522 0.000 0 0.000
17501.00 1219.80 100.138999 0.0000000000000000 0.000000 243.121686 -1247999.173008 30.761813 125.794368 -22.382200 1391.586344 -9.160 -9.160 0.000000 3.255302 0.000 0 0.000
17401.00 1219.63 100.138999 0.0000000000000000 0.000000 243.121686 -1248306.801520 30.763890 125.799706 -22.388749 1391.511661 -9.166 -9.166 0.000000 3.255083 0.000 0 0.000
17301.00 1219.46 100.138999 0.0000000000000000 0.000000 243.121686 -1248614.450802 30.765967 125.805043 -22.395298 1391.436981 -9.172 -9.172 0.000000 3.254863 0.000 0 0.000
17201.00 1219.29 100.138999 0.0000000000000000 0.000000 243.121686 -1248922.120862 30.768045 125.810377 -22.401847 1391.362304 -9.177 -9.177 0.000000 3.254643 0.000 0 0.000
17101.00 1219.11 100.138999 0.0000000000000000 0.000000 243.121686 -1249229.811712 30.770125 125.815710 -22.408397 1391.287631 -9.183 -9.183 0.000000 3.254423 0.000 0 0.000
17001.00 1218.94 100.138999 0.0000000000000000 0.000000 243.121686 -1249537.523362 30.772205 125.821042 -22.414948 1391.212960 -9.188 -9.188 0.000000 3.254203 0.000 0 0.000
16901.00 1218.77 100.138999 0.0000000000000000 0.000000 243.121686 -1249845.255821 30.774287 125.826371 -22.421499 1391.138292 -9.194 -9.194 0.000000 3.253983 0.000 0 0.000
16801.00 1218.60 100.138999 0.0000000000000000 0.000000 243.121686 -1250153.009099 30.776369 125.831699 -22.428051 1391.063627 -9.199 -9.199 0.000000 3.253763 0.000 0 0.000
16701.00 1218.43 100.138999 0.0000000000000000 0.000000 243.121686 -1250460.783208 30.778453 125.837025 -22.434603 1390.988965 -9.205 -9.205 0.000000 3.253542 0.000 0 0.000
16601.00 1218.25 100.138999 0.0000000000000000 0.000000 243.121686 -1250768.578157 30.780537 125.842349 -22.441156 1390.914304 -9.210 -9.210 0.000000 3.253322 0.000 0 0.000
16501.00 1218.08 100.138999 0.0000000000000000 0.000000 243.121686 -1251076.393956 30.782623 125.847671 -22.447710 1390.839646 -9.216 -9.216 0.000000 3.253102 0.000 0 0.000
16401.00 1217.91 100.138999 0.0000000000000000 0.000000 243.121686 -1251384.230616 30.784709 125.852992 -22.454264 1390.764991 -9.222 -9.222 0.000000 3.252881 0.000 0 0.000
16301.00 1217.74 100.138999 0.0000000000000000 0.000000 243.121686 -1251692.088148 30.786797 125.858311 -22.460818 1390.690337 -9.227 -9.227 0.000000 3.252661 0.000 0 0.000
16201.00 1217.57 100.138999 0.0000000000000000 0.000000 243.121686 -1251999.966560 30.788886 125.863628 -22.467374 1390.615685 -9.233 -9.233 0.000000 3.252440 0.000 0 0.000
16101.00 1217.40 100.138999 0.0000000000000000 0.000000 243.121686 -1252307.865864 30.790975 125.868944 -22.473929 1390.541034 -9.238 -9.238 0.000000 3.252219 0.000 0 0.000
16001.00 1217.22 100.138999 0.0000000000000000 0.000000 243.121686 -1252615.786070 30.793066 125.874257 -22.480486 1390.466386 -9.244 -9.244 0.000000 3.251998 0.000 0 0.000
15901.00 1217.05 100.138999 0.0000000000000000 0.000000 243.121686 -1252923.727188 30.795158 125.879569 -22.487043 1390.391738 -9.249 -9.249 0.000000 3.251777 0.000 0 0.000
15801.00 1216.88 100.138999 0.0000000000000000 0.000000 243.121686 -1253231.689228 30.797251 125.884880 -22.493600 1390.317092 -9.255 -9.255 0.000000 3.251556 0.000 0 0.000
15701.00 1216.71 100.138999 0.0000000000000000 0.000000 243.121686 -1253539.672202 30.799344 125.890188 -22.500158 1390.242447 -9.261 -9.261 0.000000 3.251335 0.000 0 0.000
15601.00 1216.54 100.138999 0.0000000000000000 0.000000 243.121686 -1253847.676119 30.801439 125.895495 -22.506717 1390.167802 -9.266 -9.266 0.000000 3.251114 0.000 0 0.000
15501.00 1216.36 100.138999 0.0000000000000000 0.000000 243.121686 -1254155.700990 30.803535 125.900800 -22.513276 1390.093159 -9.272 -9.272 0.000000 3.250893 0.000 0 0.000
15401.00 1216.19 100.138999 0.0000000000000000 0.000000 243.121686 -1254463.746825 30.805632 125.906103 -22.519836 1390.018516 -9.277 -9.277 0.000000 3.250672 0.000 0 0.000
15301.00 1216.02 100.138999 0.0000000000000000 0.000000 243.121686 -1254771.813634 30.807730 125.911404 -22.526396 1389.943874 -9.283 -9.283 0.000000 3.250450 0.000 0 0.000
15201.00 1215.85 100.138999 0.0000000000000000 0.000000 243.121686 -1255079.901429 30.809829 125.916704 -22.532957 1389.869232 -9.289 -9.289 0.000000 3.250229 0.000 0 0.000
15101.00 1215.68 100.138999 0.0000000000000000 0.000000 243.121686 -1255388.010219 30.811929 125.922002 -22.539519 1389.794590 -9.294 -9.294 0.000000 3.250007 0.000 0 0.000
15001.00 1215.51 100.138999 0.0000000000000000 0.000000 243.121686 -1255696.140015 30.814030 125.927298 -22.546081 1389.719948 -9.300 -9.300 0.000000 3.249786 0.000 0 0.000
14901.00 1215.33 100.138999 0.0000000000000000 0.000000 243.121686 -1256004.290828 30.816132 125.932593 -22.552644 1389.645306 -9.305 -9.305 0.000000 3.249564 0.000 0 0.000
14801.00 1215.16 100.138999 0.0000000000000000 0.000000 243.121686 -1256312.462668 30.818236 125.937885 -22.559207 1389.570664 -9.311 -9.311 0.000000 3.249342 0.000 0 0.000
14701.00 1214.99 100.138999 0.0000000000000000 0.000000 243.121686 -1256620.655546 30.820340 125.943176 -22.565771 1389.496022 -9.317 -9.317 0.000000 3.249121 0.000 0 0.000
14601.00 1214.82 100.138999 0.0000000000000000 0.000000 243.121686 -1256928.869471 30.822445 125.948466 -22.572336 1389.421378 -9.322 -9.322 0.000000 3.248899 0.000 0 0.000
14501.00 1214.65 100.138999 0.0000000000000000 0.000000 243.121686 -1257237.104456 30.824552 125.953753 -22.578901 1389.346734 -9.328 -9.328 0.000000 3.248677 0.000 0 0.000
14401.00 1214.47 100.138999 0.0000000000000000 0.000000 243.121686 -1257545.360510 30.826659 125.959039 -22.585467 1389.272089 -9.333 -9.333 0.000000 3.248454 0.000 0 0.000
14301.00 1214.30 100.138999 0.0000000000000000 0.000000 243.121686 -1257853.637644 30.828768 125.964323 -22.592033 1389.197443 -9.339 -9.339 0.000000 3.248232 0.000 0 0.000
14201.00 1214.13 100.138999 0.0000000000000000 0.000000 243.121686 -1258161.935869 30.830877 125.969605 -22.598600 1389.122796 -9.345 -9.345 0.000000 3.248010 0.000 0 0.000
14101.00 1213.96 100.138999 0.0000000000000000 0.000000 243.121686 -1258470.255195 30.832988 125.974885 -22.605168 1389.048147 -9.350 -9.350 0.000000 3.247788 0.000 0 0.000
14001.00 1213.79 100.138999 0.0000000000000000 0.000000 243.121686 -1258778.595633 30.835100 125.980164 -22.611736 1388.973497 -9.356 -9.356 0.000000 3.247565 0.000 0 0.000
13901.00 1213.62 100.138999 0.0000000000000000 0.000000 243.121686 -1259086.957193 30.837213 125.985441 -22.618304 1388.898845 -9.361 -9.361 0.000000 3.247343 0.000 0 0.000
13801.00 1213.44 100.138999 0.0000000000000000 0.000000 243.121686 -1259395.339887 30.839326 125.990716 -22.624874 1388.824191 -9.367 -9.367 0.000000 3.247120 0.000 0 0.000
13701.00 1213.27 100.138999 0.0000000000000000 0.000000 243.121686 -1259703.743726 30.841441 125.995989 -22.631444 1388.749535 -9.373 -9.373 0.000000 3.246898 0.000 0 0.000
13601.00 1213.10 100.138999 0.0000000000000000 0.000000 243.121686 -1260012.168719 30.843557 126.001261 -22.638014 1388.674877 -9.378 -9.378 0.000000 3.246675 0.000 0 0.000
13501.00 1212.93 100.138999 0.0000000000000000 0.000000 243.121686 -1260320.614878 30.845675 126.006531 -22.644585 1388.600217 -9.384 -9.384 0.000000 3.246452 0.000 0 0.000
13401.00 1212.76 100.138999 0.0000000000000000 0.000000 243.121686 -1260629.082214 30.847793 126.011799 -22.651157 1388.525553 -9.389 -9.389 0.000000 3.246229 0.000 0 0.000
13301.00 1212.59 100.138999 0.0000000000000000 0.000000 243.121686 -1260937.570736 30.849912 126.017065 -22.657729 1388.450888 -9.395 -9.395 0.000000 3.246006 0.000 0 0.000
13201.00 1212.41 100.138999 0.0000000000000000 0.000000 243.121686 -1261246.080457 30.852032 126.022330 -22.664302 1388.376219 -9.401 -9.401 0.000000 3.245783 0.000 0 0.000
13101.00 1212.24 100.138999 0.0000000000000000 0.000000 243.121686 -1261554.611387 30.854154 126.027593 -22.670876 1388.301547 -9.406 -9.406 0.000000 3.245560 0.000 0 0.000
13001.00 1212.07 100.138999 0.0000000000000000 0.000000 243.121686 -1261863.163537 30.856276 126.032854 -22.677450 1388.226872 -9.412 -9.412 0.000000 3.245336 0.000 0 0.000
12901.00 1211.90 100.138999 0.0000000000000000 0.000000 243.121686 -1262171.736918 30.858400 126.038113 -22.684024 1388.152193 -9.418 -9.418 0.000000 3.245113 0.000 0 0.000
12801.00 1211.73 100.138999 0.0000000000000000 0.000000 243.121686 -1262480.331540 30.860525 126.043371 -22.690600 1388.077511 -9.423 -9.423 0.000000 3.244890 0.000 0 0.000
12701.00 1211.56 100.138999 0.0000000000000000 0.000000 243.121686 -1262788.947415 30.862650 126.048626 -22.697176 1388.002825 -9.429 -9.429 0.000000 3.244666 0.000 0 0.000
12601.00 1211.38 100.138999 0.0000000000000000 0.000000 243.121686 -1263097.584554 30.864777 126.053880 -22.703752 1387.928136 -9.435 -9.435 0.000000 3.244443 0.000 0 0.000
12501.00 1211.21 100.138999 0.0000000000000000 0.000000 243.121686 -1263406.242967 30.866905 126.059133 -22.710329 1387.853442 -9.440 -9.440 0.000000 3.244219 0.000 0 0.000
12401.00 1211.04 100.138999 0.0000000000000000 0.000000 243.121686 -1263714.922666 30.869035 126.064383 -22.716907 1387.778743 -9.446 -9.446 0.000000 3.243995 0.000 0 0.000
12301.00 1210.87 100.138999 0.0000000000000000 0.000000 243.121686 -1264023.623661 30.871165 126.069632 -22.723486 1387.704041 -9.451 -9.451 0.000000 3.243771 0.000 0 0.000
12201.00 1210.70 100.138999 0.0000000000000000 0.000000 243.121686 -1264332.345964 30.873296 126.074879 -22.730065 1387.629333 -9.457 -9.457 0.000000 3.243547 0.000 0 0.000
12101.00 1210.53 100.138999 0.0000000000000000 0.000000 243.121686 -1264641.089586 30.875428 126.080124 -22.736644 1387.554621 -9.463 -9.463 0.000000 3.243323 0.000 0 0.000
12001.00 1210.35 100.138999 0.0000000000000000 0.000000 243.121686 -1264949.854538 30.877562 126.085367 -22.743224 1387.479904 -9.468 -9.468 0.000000 3.243099 0.000 0 0.000
11901.00 1210.18 100.138999 0.0000000000000000 0.000000 243.121686 -1265258.640830 30.879697 126.090609 -22.749805 1387.405181 -9.474 -9.474 0.000000 3.242875 0.000 0 0.000
11801.00 1210.01 100.138999 0.0000000000000000 0.000000 243.121686 -1265567.448475 30.881832 126.095849 -22.756387 1387.330453 -9.480 -9.480 0.000000 3.242651 0.000 0 0.000
11701.00 1209.84 100.138999 0.0000000000000000 0.000000 243.121686 -1265876.277483 30.883969 126.101087 -22.762969 1387.255720 -9.485 -9.485 0.000000 3.242426 0.000 0 0.000
11601.00 1209.67 100.138999 0.0000000000000000 0.000000 243.121686 -1266185.127865 30.886107 126.106324 -22.769552 1387.180980 -9.491 -9.491 0.000000 3.242202 0.000 0 0.000
11501.00 1209.50 100.138999 0.0000000000000000 0.000000 243.121686 -1266493.999633 30.888246 126.111558 -22.776135 1387.106235 -9.497 -9.497 0.000000 3.241977 0.000 0 0.000
11401.00 1209.32 100.138999 0.0000000000000000 0.000000 243.121686 -1266802.892798 30.890387 126.116791 -22.782719 1387.031484 -9.502 -9.502 0.000000 3.241753 0.000 0 0.000
11301.00 1209.15 100.138999 0.0000000000000000 0.000000 243.121686 -1267111.807370 30.892528 126.122022 -22.789304 1386.956726 -9.508 -9.508 0.000000 3.241528 0.000 0 0.000
11201.00 1208.98 100.138999 0.0000000000000000 0.000000 243.121686 -1267420.743362 30.894671 126.127251 -22.795889 1386.881962 -9.514 -9.514 0.000000 3.241303 0.000 0 0.000
11101.00 1208.81 100.138999 0.0000000000000000 0.000000 243.121686 -1267729.700785 30.896814 126.132479 -22.802475 1386.807191 -9.519 -9.519 0.000000 3.241078 0.000 0 0.000
11001.00 1208.64 100.138999 0.0000000000000000 0.000000 243.121686 -1268038.679650 30.898959 126.137705 -22.809061 1386.732413 -9.525 -9.525 0.000000 3.240853 0.000 0 0.000
10901.00 1208.47 100.138999 0.0000000000000000 0.000000 243.121686 -1268347.679968 30.901105 126.142929 -22.815648 1386.657628 -9.531 -9.531 0.000000 3.240628 0.000 0 0.000
10801.00 1208.29 100.138999 0.0000000000000000 0.000000 243.121686 -1268656.701750 30.903252 126.148151 -22.822236 1386.582835 -9.536 -9.536 0.000000 3.240403 0.000 0 0.000
10701.00 1208.12 100.138999 0.0000000000000000 0.000000 243.121686 -1268965.745009 30.905400 126.153372 -22.828824 1386.508035 -9.542 -9.542 0.000000 3.240178 0.000 0 0.000
10601.00 1207.95 100.138999 0.0000000000000000 0.000000 243.121686 -1269274.809755 30.907549 126.158590 -22.835413 1386.433228 -9.548 -9.548 0.000000 3.239953 0.000 0 0.000
10501.00 1207.78 100.138999 0.0000000000000000 0.000000 243.121686 -1269583.895999 30.909700 126.163807 -22.842003 1386.358412 -9.553 -9.553 0.000000 3.239727 0.000 0 0.000
10401.00 1207.61 100.138999 0.0000000000000000 0.000000 243.121686 -1269893.003754 30.911851 126.169022 -22.848593 1386.283588 -9.559 -9.559 0.000000 3.239502 0.000 0 0.000
10301.00 1207.44 100.138999 0.0000000000000000 0.000000 243.121686 -1270202.133031 30.914004 126.174236 -22.855184 1386.208756 -9.565 -9.565 0.000000 3.239276 0.000 0 0.000
10201.00 1207.26 100.138999 0.0000000000000000 0.000000 243.121686 -1270511.283842 30.916158 126.179447 -22.861776 1386.133916 -9.570 -9.570 0.000000 3.239051 0.000 0 0.000
10101.00 1207.09 100.138999 0.0000000000000000 0.000000 243.121686 -1270820.456197 30.918313 126.184657 -22.868368 1386.059066 -9.576 -9.576 0.000000 3.238825 0.000 0 0.000
10001.00 1206.92 100.138999 0.0000000000000000 0.000000 243.121686 -1271129.650108 30.920469 126.189865 -22.874961 1385.984208 -9.582 -9.582 0.000000 3.238599 0.000 0 0.000
9901.00 1206.75 100.138999 0.0000000000000000 0.000000 243.121686 -1271438.865587 30.922627 126.195071 -22.881554 1385.909341 -9.587 -9.587 0.000000 3.238373 0.000 0 0.000
9801.00 1206.58 100.138999 0.0000000000000000 0.000000 243.121686 -1271748.102646 30.924785 126.200276 -22.888148 1385.834464 -9.593 -9.593 0.000000 3.238147 0.000 0 0.000
9701.00 1206.37 100.138999 0.0000000000000000 0.000000 243.121686 -1272057.371978 30.930796 126.203656 -22.914536 1385.861181 -9.593 -9.593 0.000000 3.237518 0.000 0 0.000
9601.00 1206.14 100.138999 0.0000000000000000 0.000000 243.121686 -1272366.725238 30.939842 126.205622 -22.956424 1385.963875 -9.587 -9.587 0.000000 3.236571 0.000 0 0.000
9501.00 1205.90 100.138999 0.0000000000000000 0.000000 243.121686 -1272676.168545 30.948807 126.207654 -22.997778 1386.059195 -9.582 -9.582 0.000000 3.235634 0.000 0 0.000
9401.00 1205.67 100.138999 0.0000000000000000 0.000000 243.121686 -1272985.701118 30.957696 126.209750 -23.038622 1386.147238 -9.576 -9.576 0.000000 3.234705 0.000 0 0.000
9301.00 1205.44 100.138999 0.0000000000000000 0.000000 243.121686 -1273295.322222 30.966514 126.211906 -23.078980 1386.228094 -9.571 -9.571 0.000000 3.233783 0.000 0 0.000
9201.00 1205.21 100.138999 0.0000000000000000 0.000000 243.121686 -1273605.031171 30.975265 126.214122 -23.118875 1386.301842 -9.566 -9.566 0.000000 3.232870 0.000 0 0.000
9101.00 1204.98 100.138999 0.0000000000000000 0.000000 243.121686 -1273914.827325 30.983956 126.216394 -23.158330 1386.368553 -9.561 -9.561 0.000000 3.231963 0.000 0 0.000
9001.00 1204.75 100.138999 0.0000000000000000 0.000000 243.121686 -1274224.710092 30.992589 126.218720 -23.197368 1386.428287 -9.556 -9.556 0.000000 3.231063 0.000 0 0.000
8901.00 1204.52 100.138999 0.0000000000000000 0.000000 243.121686 -1274534.678927 31.001170 126.221099 -23.236012 1386.481098 -9.551 -9.551 0.000000 3.230168 0.000 0 0.000
8801.00 1204.29 100.138999 0.0000000000000000 0.000000 243.121686 -1274844.733332 31.009704 126.223528 -23.274285 1386.527027 -9.546 -9.546 0.000000 3.229279 0.000 0 0.000
8701.00 1204.07 100.138999 0.0000000000000000 0.000000 243.121686 -1275154.872859 31.018195 126.226005 -23.312209 1386.566109 -9.542 -9.542 0.000000 3.228395 0.000 0 0.000
8601.00 1203.84 100.138999 0.0000000000000000 0.000000 243.121686 -1275465.097105 31.026649 126.228528 -23.349806 1386.598367 -9.537 -9.537 0.000000 3.227516 0.000 0 0.000
8501.00 1203.61 100.138999 0.0000000000000000 0.000000 243.121686 -1275775.405720 31.035069 126.231096 -23.387100 1386.623816 -9.532 -9.532 0.000000 3.226640 0.000 0 0.000
8401.00 1203.39 100.138999 0.0000000000000000 0.000000 243.121686 -1276085.798399 31.043462 126.233705 -23.424114 1386.642461 -9.527 -9.527 0.000000 3.225768 0.000 0 0.000
8301.00 1203.16 100.138999 0.0000000000000000 0.000000 243.121686 -1276396.274889 31.051833 126.236356 -23.460869 1386.654294 -9.523 -9.523 0.000000 3.224898 0.000 0 0.000
8201.00 1202.93 100.138999 0.0000000000000000 0.000000 243.121686 -1276706.834990 31.060185 126.239044 -23.497389 1386.659301 -9.518 -9.518 0.000000 3.224031 0.000 0 0.000
8101.00 1202.71 100.138999 0.0000000000000000 0.000000 243.121686 -1277017.478551 31.068525 126.241770 -23.533698 1386.657454 -9.513 -9.513 0.000000 3.223165 0.000 0 0.000
8001.00 1202.48 100.138999 0.0000000000000000 0.000000 243.121686 -1277328.205475 31.076859 126.244530 -23.569818 1386.648716 -9.509 -9.509 0.000000 3.222301 0.000 0 0.000
7901.00 1202.25 100.138999 0.0000000000000000 0.000000 243.121686 -1277639.015719 31.085190 126.247324 -23.605773 1386.633038 -9.504 -9.504 0.000000 3.221438 0.000 0 0.000
7801.00 1202.03 100.138999 0.0000000000000000 0.000000 243.121686 -1277949.909296 31.093526 126.250149 -23.641589 1386.610358 -9.499 -9.499 0.000000 3.220574 0.000 0 0.000
7701.00 1201.80 100.138999 0.0000000000000000 0.000000 243.121686 -1278260.886276 31.101872 126.253003 -23.677288 1386.580605 -9.495 -9.495 0.000000 3.219710 0.000 0 0.000
7601.00 1201.58 100.138999 0.0000000000000000 0.000000 243.121686 -1278571.946788 31.110233 126.255885 -23.712896 1386.543694 -9.490 -9.490 0.000000 3.218844 0.000 0 0.000
7501.00 1201.35 100.138999 0.0000000000000000 0.000000 243.121686 -1278883.091019 31.118617 126.258793 -23.748439 1386.499529 -9.485 -9.485 0.000000 3.217977 0.000 0 0.000
7401.00 1201.13 100.138999 0.0000000000000000 0.000000 243.121686 -1279194.319219 31.127028 126.261726 -23.783941 1386.448000 -9.480 -9.480 0.000000 3.217108 0.000 0 0.000
7301.00 1200.90 100.138999 0.0000000000000000 0.000000 243.121686 -1279505.631703 31.135475 126.264682 -23.819431 1386.388984 -9.475 -9.475 0.000000 3.216235 0.000 0 0.000
7201.00 1200.67 100.138999 0.0000000000000000 0.000000 243.121686 -1279817.028848 31.143962 126.267658 -23.854934 1386.322347 -9.470 -9.470 0.000000 3.215358 0.000 0 0.000
7101.00 1200.45 100.138999 0.0000000000000000 0.000000 243.121686 -1280128.511102 31.152497 126.270654 -23.890477 1386.247940 -9.465 -9.465 0.000000 3.214477 0.000 0 0.000
7001.00 1200.22 100.138999 0.0000000000000000 0.000000 243.121686 -1280440.078979 31.161088 126.273668 -23.926090 1386.165603 -9.460 -9.460 0.000000 3.213591 0.000 0 0.000
6901.00 1199.99 100.138999 0.0000000000000000 0.000000 243.121686 -1280751.733065 31.169740 126.276698 -23.961800 1386.075162 -9.454 -9.454 0.000000 3.212699 0.000 0 0.000
6801.00 1199.76 100.138999 0.0000000000000000 0.000000 243.121686 -1281063.474020 31.178463 126.279743 -23.997636 1385.976433 -9.449 -9.449 0.000000 3.211800 0.000 0 0.000
6701.00 1199.53 100.138999 0.0000000000000000 0.000000 243.121686 -1281375.302574 31.187262 126.282801 -24.033626 1385.869219 -9.443 -9.443 0.000000 3.210894 0.000 0 0.000
6601.00 1199.30 100.138999 0.0000000000000000 0.000000 243.121686 -1281687.219537 31.196146 126.285871 -24.069802 1385.753313 -9.437 -9.437 0.000000 3.209980 0.000 0 0.000
6501.00 1199.07 100.138999 0.0000000000000000 0.000000 243.121686 -1281999.225792 31.205122 126.288951 -24.106191 1385.628501 -9.431 -9.431 0.000000 3.209057 0.000 0 0.000
6401.00 1198.84 100.138999 0.0000000000000000 0.000000 243.121686 -1282311.322300 31.214197 126.292040 -24.142824 1385.494562 -9.425 -9.425 0.000000 3.208123 0.000 0 0.000
6301.00 1198.61 100.138999 0.0000000000000000 0.000000 243.121686 -1282623.510099 31.223381 126.295137 -24.179729 1385.351270 -9.418 -9.418 0.000000 3.207180 0.000 0 0.000
6201.00 1198.38 100.138999 0.0000000000000000 0.000000 243.121686 -1282935.790301 31.232679 126.298241 -24.216935 1385.198399 -9.412 -9.412 0.000000 3.206225 0.000 0 0.000
6101.00 1198.15 100.138999 0.0000000000000000 0.000000 243.121686 -1283248.164093 31.242100 126.301350 -24.254470 1385.035726 -9.405 -9.405 0.000000 3.205258 0.000 0 0.000
6001.00 1197.91 100.138999 0.0000000000000000 0.000000 243.121686 -1283560.632736 31.251650 126.304464 -24.292358 1384.863036 -9.398 -9.398 0.000000 3.204279 0.000 0 0.000
5901.00 1197.68 100.138999 0.0000000000000000 0.000000 243.121686 -1283873.197556 31.261337 126.307583 -24.330626 1384.680126 -9.390 -9.390 0.000000 3.203286 0.000 0 0.000
5801.00 1197.44 100.138999 0.0000000000000000 0.000000 243.121686 -1284185.859941 31.271165 126.310705 -24.369293 1384.486813 -9.382 -9.382 0.000000 3.202279 0.000 0 0.000
5701.00 1197.21 100.138999 0.0000000000000000 0.000000 243.121686 -1284498.621336 31.281139 126.313830 -24.408379 1384.282943 -9.374 -9.374 0.000000 3.201258 0.000 0 0.000
5601.00 1196.97 100.138999 0.0000000000000000 0.000000 243.121686 -1284811.483231 31.291265 126.316960 -24.447899 1384.068391 -9.366 -9.366 0.000000 3.200222 0.000 0 0.000
5501.00 1196.73 100.138999 0.0000000000000000 0.000000 243.121686 -1285124.447154 31.301545 126.320093 -24.487863 1383.843081 -9.357 -9.357 0.000000 3.199171 0.000 0 0.000
5401.00 1196.49 100.138999 0.0000000000000000 0.000000 243.121686 -1285437.514653 31.311981 126.323230 -24.528276 1383.606986 -9.348 -9.348 0.000000 3.198105 0.000 0 0.000
5301.00 1196.25 100.138999 0.0000000000000000 0.000000 243.121686 -1285750.687289 31.322572 126.326374 -24.569139 1383.360141 -9.338 -9.338 0.000000 3.197023 0.000 0 0.000
5201.00 1196.01 100.138999 0.0000000000000000 0.000000 243.121686 -1286063.966609 31.333317 126.329524 -24.610444 1383.102651 -9.329 -9.329 0.000000 3.195927 0.000 0 0.000
5101.00 1195.77 100.138999 0.0000000000000000 0.000000 243.121686 -1286377.354138 31.344213 126.332683 -24.652176 1382.834699 -9.318 -9.318 0.000000 3.194816 0.000 0 0.000
5001.00 1195.53 100.138999 0.0000000000000000 0.000000 243.121686 -1286690.851349 31.355253 126.335852 -24.694313 1382.556554 -9.308 -9.308 0.000000 3.193691 0.000 0 0.000
4901.00 1195.29 100.138999 0.0000000000000000 0.000000 243.121686 -1287004.459651 31.366429 126.339035 -24.736827 1382.268576 -9.297 -9.297 0.000000 3.192553 0.000 0 0.000
4801.00 1195.05 100.138999 0.0000000000000000 0.000000 243.121686 -1287318.180357 31.377732 126.342234 -24.779678 1381.971218 -9.286 -9.286 0.000000 3.191403 0.000 0 0.000
4701.00 1194.80 100.138999 0.0000000000000000 0.000000 243.121686 -1287632.014670 31.389148 126.345452 -24.822820 1381.665025 -9.274 -9.274 0.000000 3.190243 0.000 0 0.000
4601.00 1194.56 100.138999 0.0000000000000000 0.000000 243.121686 -1287945.963657 31.400664 126.348693 -24.866202 1381.350635 -9.262 -9.262 0.000000 3.189073 0.000 0 0.000
4501.00 1194.32 100.138999 0.0000000000000000 0.000000 243.121686 -1288260.028232 31.412263 126.351960 -24.909762 1381.028768 -9.250 -9.250 0.000000 3.187895 0.000 0 0.000
4401.00 1194.08 100.138999 0.0000000000000000 0.000000 243.121686 -1288574.209132 31.423926 126.355257 -24.953436 1380.700221 -9.238 -9.238 0.000000 3.186712 0.000 0 0.000
4301.00 1193.84 100.138999 0.0000000000000000 0.000000 243.121686 -1288888.506912 31.435635 126.358588 -24.997152 1380.365852 -9.225 -9.225 0.000000 3.185525 0.000 0 0.000
4201.00 1193.60 100.138999 0.0000000000000000 0.000000 243.121686 -1289202.921924 31.447369 126.361956 -25.040839 1380.026568 -9.212 -9.212 0.000000 3.184336 0.000 0 0.000
4101.00 1193.36 100.138999 0.0000000000000000 0.000000 243.121686 -1289517.454315 31.459108 126.365365 -25.084420 1379.683309 -9.199 -9.199 0.000000 3.183148 0.000 0 0.000
4001.00 1193.12 100.138999 0.0000000000000000 0.000000 243.121686 -1289832.104019 31.470829 126.368819 -25.127821 1379.337029 -9.186 -9.186 0.000000 3.181963 0.000 0 0.000
3901.00 1192.89 100.138999 0.0000000000000000 0.000000 243.121686 -1290146.870763 31.482512 126.372321 -25.170968 1378.988681 -9.173 -9.173 0.000000 3.180782 0.000 0 0.000
3801.00 1192.65 100.138999 0.0000000000000000 0.000000 243.121686 -1290461.754066 31.494137 126.375873 -25.213789 1378.639200 -9.160 -9.160 0.000000 3.179608 0.000 0 0.000
3701.00 1191.92 100.138999 0.0020388169566083 0.002466 243.121686 -1290776.767107 31.511620 126.431305 -25.583398 1380.469853 -9.040 -9.040 2.627000 3.179205 3.347 0 0.000
3601.00 1190.59 100.138999 0.0064930433830967 0.007852 243.121686 -1291092.006910 31.536507 126.547935 -26.346788 1384.834905 -9.019 -9.019 2.625820 3.179685 3.364 0 0.000
3501.00 1189.23 100.138999 0.0111072501798656 0.013427 243.121686 -1291407.500576 31.562392 126.668308 -27.144895 1389.299912 -8.999 -8.999 2.624556 3.180192 3.383 0 0.000
3401.00 1187.85 100.027000 0.0147649954292466 0.017847 242.824309 -1290280.304619 31.546453 126.621887 -27.745718 1391.364386 -8.982 -8.982 2.623216 3.180734 3.402 0 0.000
3301.00 1186.44 99.545558 0.0148831038442353 0.018002 241.547171 -1284388.697411 31.390028 126.016396 -27.607237 1385.329942 -8.967 -8.967 2.621822 3.181320 3.421 0 0.000
3201.00 1185.01 99.054556 0.0150006718119207 0.018157 240.245884 -1278367.647980 31.230223 125.398598 -27.464933 1379.192148 -8.953 -8.953 2.620375 3.181950 3.442 0 0.000
3101.00 1183.55 98.554213 0.0151177480861995 0.018312 238.921073 -1272219.671419 31.067107 124.768765 -27.318888 1372.954340 -8.942 -8.942 2.618877 3.182625 3.462 0 0.000
3001.00 1182.07 98.044743 0.0152343804943738 0.018468 237.573354 -1265947.242588 30.900746 124.127164 -27.169185 1366.619797 -8.932 -8.932 2.617330 3.183346 3.484 0 0.000
2901.00 1180.58 97.526356 0.0153506135203926 0.018624 236.203334 -1259552.797470 30.731207 123.474056 -27.015903 1360.191746 -8.925 -8.925 2.615736 3.184114 3.505 0 0.000
2801.00 1179.06 96.999259 0.0154664852228470 0.018780 234.811610 -1253038.737690 30.558553 122.809701 -26.859118 1353.673362 -8.919 -8.919 2.614098 3.184930 3.528 0 0.000
2701.00 1177.52 96.463658 0.0155820235043501 0.018937 233.398775 -1246407.438949 30.382850 122.134355 -26.698904 1347.067776 -8.916 -8.916 2.612418 3.185796 3.550 0 0.000
2601.00 1175.96 95.919757 0.0156972415412166 0.019094 231.965415 -1239661.264044 30.204162 121.448271 -26.535332 1340.378086 -8.915 -8.915 2.610699 3.186712 3.573 0 0.000
2501.00 1174.38 95.367759 0.0158121321266442 0.019252 230.512117 -1232802.581358 30.022553 120.751704 -26.368470 1333.607373 -8.915 -8.915 2.608945 3.187679 3.597 0 0.000
2401.00 1172.78 94.807870 0.0159266608635871 0.019410 229.039474 -1225833.789943 29.838089 120.044911 -26.198385 1326.758721 -8.918 -8.918 2.607159 3.188699 3.621 0 0.000
2301.00 1171.16 94.240300 0.0160407577370407 0.019569 227.548087 -1218757.352345 29.650837 119.328151 -26.025137 1319.835246 -8.923 -8.923 2.605345 3.189772 3.645 0 0.000
2201.00 1169.53 93.665267 0.0161543068259513 0.019727 226.038581 -1211575.836826 29.460869 118.601697 -25.848786 1312.840127 -8.930 -8.930 2.603508 3.190899 3.670 0 0.000
2101.00 1167.87 93.082999 0.0162671337032576 0.019885 224.511608 -1204291.970828 29.268258 117.865833 -25.669385 1305.776655 -8.938 -8.938 2.601652 3.192081 3.695 0 0.000
2001.00 1166.20 92.493743 0.0163789897380909 0.020043 222.967867 -1196908.707962 29.073086 117.120865 -25.486985 1298.648279 -8.949 -8.949 2.599783 3.193318 3.720 0 0.000
1901.00 1164.51 91.897767 0.0164895328982885 0.020200 221.408114 -1189429.311614 28.875443 116.367124 -25.301630 1291.458683 -8.962 -8.962 2.597906 3.194611 3.746 0 0.000
1801.00 1162.80 91.295369 0.0165983037622964 0.020356 219.833187 -1181857.458546 28.675429 115.604984 -25.113361 1284.211857 -8.977 -8.977 2.596029 3.195961 3.771 0 0.000
1701.00 1161.07 90.686890 0.0167046958550639 0.020509 218.244030 -1174197.367230 28.473157 114.834864 -24.922210 1276.912208 -8.994 -8.994 2.594157 3.197367 3.797 0 0.000
1601.00 1159.34 90.072720 0.0168079188944746 0.020659 216.641723 -1166453.956359 28.268761 114.057249 -24.728200 1269.564676 -9.013 -9.013 2.592299 3.198829 3.823 0 0.000
1501.00 1157.58 89.453318 0.0169069533508095 0.020805 215.027519 -1158633.040373 28.062396 113.272706 -24.531346 1262.174885 -9.034 -9.034 2.590464 3.200346 3.849 0 0.000
1401.00 1155.82 88.829227 0.0170004948974134 0.020944 213.402895 -1150741.570239 27.854245 112.481907 -24.331652 1254.749333 -9.056 -9.056 2.588661 3.201917 3.875 0 0.000
1301.00 1154.04 88.201098 0.0170868874190667 0.021074 211.769601 -1142787.928900 27.644532 111.685655 -24.129103 1247.295609 -9.081 -9.081 2.586902 3.203539 3.901 0 0.000
1201.00 1152.26 87.569712 0.0171640443336603 0.021193 210.129737 -1134782.291769 27.433520 110.884919 -23.923673 1239.822673 -9.107 -9.107 2.585199 3.205210 3.926 0 0.000
1101.00 1150.47 86.936022 0.0172293606382908 0.021298 208.485831 -1126737.062288 27.221535 110.080873 -23.715313 1232.341183 -9.134 -9.134 2.583566 3.206925 3.951 0 0.000
1001.00 1148.68 86.301182 0.0172796228314947 0.021384 206.840940 -1118667.389201 27.008966 109.274944 -23.503959 1224.863890 -9.164 -9.164 2.582020 3.208679 3.976 0 0.000
901.00 1146.89 85.666596 0.0173109342256954 0.021446 205.198759 -1110591.763657 26.796292 108.468869 -23.289534 1217.406106 -9.194 -9.194 2.580578 3.210465 3.999 0 0.000
801.00 1145.11 85.033967 0.0173186908607056 0.021478 203.563748 -1102532.674578 26.584089 107.664757 -23.071962 1209.986233 -9.225 -9.225 2.579262 3.212275 4.022 0 0.000
701.00 1143.35 84.405343 0.0172976747467223 0.021473 201.941252 -1094517.262453 26.373054 106.865151 -22.851208 1202.626327 -9.257 -9.257 2.578094 3.214096 4.044 0 0.000
601.00 1141.60 83.783159 0.0172423824136289 0.021425 200.337590 -1086577.840672 26.164014 106.073088 -22.627346 1195.352649 -9.290 -9.290 2.577097 3.215915 4.064 0 0.000
501.00 1139.89 83.170240 0.0171477902155811 0.021326 198.760076 -1078752.030010 25.957937 105.292119 -22.400693 1188.196052 -9.323 -9.323 2.576297 3.217718 4.083 0 0.000
401.00 1139.01 82.569752 0.0131856126979001 0.016419 197.216869 -1071081.997073 25.744781 104.449491 -21.558448 1178.790808 -9.306 -9.306 2.575604 3.217786 4.092 0 0.000
301.00 1138.26 82.304059 0.0125839567771644 0.015677 196.534744 -1067829.741648 25.659862 104.101369 -21.397792 1175.113110 -9.285 -9.285 2.574680 3.217581 4.102 0 0.000
201.00 1137.51 82.089241 0.0126009054104901 0.015704 195.983698 -1065247.870315 25.594778 103.830364 -21.358420 1172.358432 -9.268 -9.268 2.573493 3.217377 4.114 0 0.000
101.00 1136.76 81.873578 0.0125888084190302 0.015697 195.430912 -1062653.342472 25.529262 103.557626 -21.314542 1169.575993 -9.255 -9.255 2.572055 3.217175 4.127 0 0.000
1.00 1136.03 81.659482 0.0125481489786932 0.015655 194.882521 -1060078.008013 25.464070 103.286258 -21.266891 1166.794930 -9.245 -9.245 2.570368 3.216974 4.142 0 0.000
