Title: Depleted MORB Mantle of Workmann & Hart 2005

Liquid Composition:
Pressure Temperature mass SiO2 TiO2 Al2O3 Fe2O3 Cr2O3 FeO MnO MgO NiO CaO Na2O 
44001.00 1284.66 0.000000 ---
43901.00 1284.47 0.000000 ---
43801.00 1284.29 0.000000 ---
43701.00 1284.10 0.000000 ---
43601.00 1283.91 0.000000 ---
43501.00 1283.73 0.000000 ---
43401.00 1283.54 0.000000 ---
43301.00 1283.35 0.000000 ---
43201.00 1283.16 0.000000 ---
43101.00 1282.98 0.000000 ---
43001.00 1282.79 0.000000 ---
42901.00 1282.60 0.000000 ---
42801.00 1282.42 0.000000 ---
42701.00 1282.23 0.000000 ---
42601.00 1282.04 0.000000 ---
42501.00 1281.85 0.000000 ---
42401.00 1281.67 0.000000 ---
42301.00 1281.48 0.000000 ---
42201.00 1281.29 0.000000 ---
42101.00 1281.10 0.000000 ---
42001.00 1280.92 0.000000 ---
41901.00 1280.73 0.000000 ---
41801.00 1280.54 0.000000 ---
41701.00 1280.35 0.000000 ---
41601.00 1280.17 0.000000 ---
41501.00 1279.98 0.000000 ---
41401.00 1279.79 0.000000 ---
41301.00 1279.60 0.000000 ---
41201.00 1279.42 0.000000 ---
41101.00 1279.23 0.000000 ---
41001.00 1279.04 0.000000 ---
40901.00 1278.85 0.000000 ---
40801.00 1278.66 0.000000 ---
40701.00 1278.48 0.000000 ---
40601.00 1278.29 0.000000 ---
40501.00 1278.10 0.000000 ---
40401.00 1277.91 0.000000 ---
40301.00 1277.72 0.000000 ---
40201.00 1277.54 0.000000 ---
40101.00 1277.35 0.000000 ---
40001.00 1277.16 0.000000 ---
39901.00 1276.97 0.000000 ---
39801.00 1276.78 0.000000 ---
39701.00 1276.60 0.000000 ---
39601.00 1276.41 0.000000 ---
39501.00 1276.22 0.000000 ---
39401.00 1276.03 0.000000 ---
39301.00 1275.84 0.000000 ---
39201.00 1275.65 0.000000 ---
39101.00 1275.47 0.000000 ---
39001.00 1275.28 0.000000 ---
38901.00 1275.09 0.000000 ---
38801.00 1274.90 0.000000 ---
38701.00 1274.71 0.000000 ---
38601.00 1274.52 0.000000 ---
38501.00 1274.33 0.000000 ---
38401.00 1274.15 0.000000 ---
38301.00 1273.96 0.000000 ---
38201.00 1273.77 0.000000 ---
38101.00 1273.58 0.000000 ---
38001.00 1273.39 0.000000 ---
37901.00 1273.20 0.000000 ---
37801.00 1273.01 0.000000 ---
37701.00 1272.82 0.000000 ---
37601.00 1272.63 0.000000 ---
37501.00 1272.45 0.000000 ---
37401.00 1272.26 0.000000 ---
37301.00 1272.07 0.000000 ---
37201.00 1271.88 0.000000 ---
37101.00 1271.69 0.000000 ---
37001.00 1271.50 0.000000 ---
36901.00 1271.31 0.000000 ---
36801.00 1271.12 0.000000 ---
36701.00 1270.93 0.000000 ---
36601.00 1270.74 0.000000 ---
36501.00 1270.55 0.000000 ---
36401.00 1270.36 0.000000 ---
36301.00 1270.17 0.000000 ---
36201.00 1269.98 0.000000 ---
36101.00 1269.79 0.000000 ---
36001.00 1269.60 0.000000 ---
35901.00 1269.41 0.000000 ---
35801.00 1269.22 0.000000 ---
35701.00 1269.03 0.000000 ---
35601.00 1268.84 0.000000 ---
35501.00 1268.65 0.000000 ---
35401.00 1268.46 0.000000 ---
35301.00 1268.27 0.000000 ---
35201.00 1268.08 0.000000 ---
35101.00 1267.89 0.000000 ---
35001.00 1267.70 0.000000 ---
34901.00 1267.51 0.000000 ---
34801.00 1267.31 0.000000 ---
34701.00 1267.12 0.000000 ---
34601.00 1266.93 0.000000 ---
34501.00 1266.74 0.000000 ---
34401.00 1266.55 0.000000 ---
34301.00 1266.36 0.000000 ---
34201.00 1266.17 0.000000 ---
34101.00 1265.98 0.000000 ---
34001.00 1265.78 0.000000 ---
33901.00 1265.59 0.000000 ---
33801.00 1265.40 0.000000 ---
33701.00 1265.21 0.000000 ---
33601.00 1265.02 0.000000 ---
33501.00 1264.83 0.000000 ---
33401.00 1264.63 0.000000 ---
33301.00 1264.44 0.000000 ---
33201.00 1264.25 0.000000 ---
33101.00 1264.06 0.000000 ---
33001.00 1263.86 0.000000 ---
32901.00 1263.67 0.000000 ---
32801.00 1263.48 0.000000 ---
32701.00 1263.29 0.000000 ---
32601.00 1263.09 0.000000 ---
32501.00 1262.90 0.000000 ---
32401.00 1262.71 0.000000 ---
32301.00 1262.51 0.000000 ---
32201.00 1262.32 0.000000 ---
32101.00 1262.13 0.000000 ---
32001.00 1261.93 0.000000 ---
31901.00 1261.74 0.000000 ---
31801.00 1261.54 0.000000 ---
31701.00 1261.35 0.000000 ---
31601.00 1261.16 0.000000 ---
31501.00 1260.96 0.000000 ---
31401.00 1260.77 0.000000 ---
31301.00 1260.57 0.000000 ---
31201.00 1260.38 0.000000 ---
31101.00 1260.18 0.000000 ---
31001.00 1259.99 0.000000 ---
30901.00 1259.79 0.000000 ---
30801.00 1259.60 0.000000 ---
30701.00 1259.40 0.000000 ---
30601.00 1259.21 0.000000 ---
30501.00 1259.01 0.000000 ---
30401.00 1258.81 0.000000 ---
30301.00 1258.62 0.000000 ---
30201.00 1258.42 0.000000 ---
30101.00 1258.22 0.000000 ---
30001.00 1258.03 0.000000 ---
29901.00 1257.83 0.000000 ---
29801.00 1257.63 0.000000 ---
29701.00 1257.44 0.000000 ---
29601.00 1257.24 0.000000 ---
29501.00 1257.04 0.000000 ---
29401.00 1256.84 0.000000 ---
29301.00 1256.65 0.000000 ---
29201.00 1256.45 0.000000 ---
29101.00 1256.25 0.000000 ---
29001.00 1256.05 0.000000 ---
28901.00 1255.85 0.000000 ---
28801.00 1255.65 0.000000 ---
28701.00 1255.45 0.000000 ---
28601.00 1255.26 0.000000 ---
28501.00 1255.06 0.000000 ---
28401.00 1254.86 0.000000 ---
28301.00 1254.66 0.000000 ---
28201.00 1254.46 0.000000 ---
28101.00 1254.25 0.000000 ---
28001.00 1254.05 0.000000 ---
27901.00 1253.85 0.000000 ---
27801.00 1253.65 0.000000 ---
27701.00 1253.45 0.000000 ---
27601.00 1253.25 0.000000 ---
27501.00 1253.05 0.000000 ---
27401.00 1252.84 0.000000 ---
27301.00 1252.64 0.000000 ---
27201.00 1252.44 0.000000 ---
27101.00 1252.23 0.000000 ---
27001.00 1252.03 0.000000 ---
26901.00 1251.83 0.000000 ---
26801.00 1251.62 0.000000 ---
26701.00 1251.42 0.000000 ---
26601.00 1251.21 0.000000 ---
26501.00 1251.01 0.000000 ---
26401.00 1250.80 0.000000 ---
26301.00 1250.60 0.000000 ---
26201.00 1250.39 0.000000 ---
26101.00 1250.19 0.000000 ---
26001.00 1249.98 0.000000 ---
25901.00 1249.77 0.000000 ---
25801.00 1249.56 0.000000 ---
25701.00 1249.36 0.000000 ---
25601.00 1249.15 0.000000 ---
25501.00 1248.94 0.000000 ---
25401.00 1248.73 0.000000 ---
25301.00 1248.52 0.000000 ---
25201.00 1248.31 0.000000 ---
25101.00 1248.10 0.000000 ---
25001.00 1247.89 0.000000 ---
24901.00 1247.68 0.000000 ---
24801.00 1247.47 0.000000 ---
24701.00 1247.25 0.000000 ---
24601.00 1247.04 0.000000 ---
24501.00 1246.83 0.000000 ---
24401.00 1246.61 0.000000 ---
24301.00 1246.40 0.000000 ---
24201.00 1246.19 0.000000 ---
24101.00 1245.97 0.000000 ---
24001.00 1245.75 0.000000 ---
23901.00 1245.54 0.000000 ---
23801.00 1245.32 0.000000 ---
23701.00 1245.10 0.000000 ---
23601.00 1244.89 0.000000 ---
23501.00 1244.67 0.000000 ---
23401.00 1244.45 0.000000 ---
23301.00 1244.23 0.000000 ---
23201.00 1244.01 0.000000 ---
23101.00 1243.79 0.000000 ---
23001.00 1243.56 0.000000 ---
22901.00 1243.34 0.000000 ---
22801.00 1243.12 0.000000 ---
22701.00 1242.89 0.000000 ---
22601.00 1242.67 0.000000 ---
22501.00 1242.44 0.000000 ---
22401.00 1242.22 0.000000 ---
22301.00 1241.99 0.000000 ---
22201.00 1241.76 0.000000 ---
22101.00 1241.53 0.000000 ---
22001.00 1241.30 0.000000 ---
21901.00 1241.07 0.000000 ---
21801.00 1240.84 0.000000 ---
21701.00 1240.61 0.000000 ---
21601.00 1240.38 0.000000 ---
21501.00 1240.14 0.000000 ---
21401.00 1239.91 0.000000 ---
21301.00 1239.67 0.000000 ---
21201.00 1239.43 0.000000 ---
21101.00 1239.19 0.000000 ---
21001.00 1238.95 0.000000 ---
20901.00 1238.71 0.000000 ---
20801.00 1238.47 0.000000 ---
20701.00 1238.23 0.000000 ---
20601.00 1237.98 0.000000 ---
20501.00 1237.73 0.000000 ---
20401.00 1237.49 0.000000 ---
20301.00 1237.24 0.000000 ---
20201.00 1236.99 0.000000 ---
20101.00 1236.73 0.000000 ---
20001.00 1236.48 0.000000 ---
19901.00 1236.22 0.000000 ---
19801.00 1235.97 0.000000 ---
19701.00 1235.71 0.000000 ---
19601.00 1235.45 0.000000 ---
19501.00 1235.18 0.000000 ---
19401.00 1234.92 0.000000 ---
19301.00 1234.65 0.000000 ---
19201.00 1234.38 0.000000 ---
19101.00 1234.11 0.000000 ---
19001.00 1233.84 0.000000 ---
18901.00 1233.56 0.000000 ---
18801.00 1233.28 0.000000 ---
18701.00 1233.00 0.000000 ---
18601.00 1232.71 0.000000 ---
18501.00 1232.43 0.000000 ---
18401.00 1232.14 0.000000 ---
18301.00 1231.84 0.000000 ---
18201.00 1231.55 0.000000 ---
18101.00 1231.25 0.000000 ---
18001.00 1230.97 0.000000 ---
17901.00 1230.80 0.000000 ---
17801.00 1230.62 0.000000 ---
17701.00 1230.45 0.000000 ---
17601.00 1230.28 0.000000 ---
17501.00 1230.10 0.000000 ---
17401.00 1229.93 0.000000 ---
17301.00 1229.76 0.000000 ---
17201.00 1229.58 0.000000 ---
17101.00 1229.41 0.000000 ---
17001.00 1229.23 0.000000 ---
16901.00 1229.06 0.000000 ---
16801.00 1228.89 0.000000 ---
16701.00 1228.71 0.000000 ---
16601.00 1228.54 0.000000 ---
16501.00 1228.36 0.000000 ---
16401.00 1228.19 0.000000 ---
16301.00 1228.02 0.000000 ---
16201.00 1227.84 0.000000 ---
16101.00 1227.67 0.000000 ---
16001.00 1227.50 0.000000 ---
15901.00 1227.32 0.000000 ---
15801.00 1227.15 0.000000 ---
15701.00 1226.97 0.000000 ---
15601.00 1226.80 0.000000 ---
15501.00 1226.63 0.000000 ---
15401.00 1226.45 0.000000 ---
15301.00 1226.28 0.000000 ---
15201.00 1226.11 0.000000 ---
15101.00 1225.93 0.000000 ---
15001.00 1225.76 0.000000 ---
14901.00 1225.59 0.000000 ---
14801.00 1225.41 0.000000 ---
14701.00 1225.24 0.000000 ---
14601.00 1225.06 0.000000 ---
14501.00 1224.89 0.000000 ---
14401.00 1224.72 0.000000 ---
14301.00 1224.54 0.000000 ---
14201.00 1224.37 0.000000 ---
14101.00 1224.20 0.000000 ---
14001.00 1224.02 0.000000 ---
13901.00 1223.85 0.000000 ---
13801.00 1223.67 0.000000 ---
13701.00 1223.50 0.000000 ---
13601.00 1223.33 0.000000 ---
13501.00 1223.15 0.000000 ---
13401.00 1222.98 0.000000 ---
13301.00 1222.81 0.000000 ---
13201.00 1222.63 0.000000 ---
13101.00 1222.46 0.000000 ---
13001.00 1222.29 0.000000 ---
12901.00 1222.11 0.000000 ---
12801.00 1221.94 0.000000 ---
12701.00 1221.76 0.000000 ---
12601.00 1221.59 0.000000 ---
12501.00 1221.42 0.000000 ---
12401.00 1221.24 0.000000 ---
12301.00 1221.07 0.000000 ---
12201.00 1220.90 0.000000 ---
12101.00 1220.72 0.000000 ---
12001.00 1220.55 0.000000 ---
11901.00 1220.38 0.000000 ---
11801.00 1220.20 0.000000 ---
11701.00 1220.03 0.000000 ---
11601.00 1219.86 0.000000 ---
11501.00 1219.68 0.000000 ---
11401.00 1219.51 0.000000 ---
11301.00 1219.33 0.000000 ---
11201.00 1219.16 0.000000 ---
11101.00 1218.99 0.000000 ---
11001.00 1218.81 0.000000 ---
10901.00 1218.64 0.000000 ---
10801.00 1218.47 0.000000 ---
10701.00 1218.29 0.000000 ---
10601.00 1218.12 0.000000 ---
10501.00 1217.95 0.000000 ---
10401.00 1217.77 0.000000 ---
10301.00 1217.60 0.000000 ---
10201.00 1217.42 0.000000 ---
10101.00 1217.18 0.018740 54.7122 0.544036 19.551 0.068777 0.297864 3.25235 0.0111079 6.52741 0.00584835 3.71616 11.3132
10001.00 1216.86 0.061381 54.7775 0.542945 19.5603 0.0698829 0.292476 3.24726 0.0109431 6.53039 0.00575913 3.76951 11.1931
9901.00 1216.53 0.104710 54.842 0.541908 19.5691 0.0710204 0.287145 3.24238 0.0107797 6.53371 0.00567072 3.82386 11.0724
9801.00 1216.20 0.148755 54.9057 0.540924 19.5776 0.0721908 0.281872 3.23771 0.0106178 6.53735 0.00558312 3.87924 10.9511
9701.00 1215.86 0.193549 54.9687 0.539995 19.5858 0.0733956 0.276656 3.23325 0.0104572 6.54134 0.00549632 3.93566 10.8293
9601.00 1215.53 0.239123 55.0308 0.539122 19.5936 0.0746361 0.271497 3.22902 0.010298 6.54568 0.00541032 3.99315 10.7068
9501.00 1215.20 0.285512 55.0921 0.538304 19.601 0.0759139 0.266395 3.22501 0.0101403 6.55036 0.00532512 4.05173 10.5837
9401.00 1214.86 0.332751 55.1526 0.537543 19.608 0.0772305 0.261349 3.22123 0.0099839 6.55541 0.00524072 4.11144 10.46
9301.00 1214.52 0.380879 55.2121 0.536839 19.6147 0.0785876 0.25636 3.21768 0.00982892 6.56081 0.0051571 4.17229 10.3357
9201.00 1214.38 0.353508 55.2659 0.539495 19.6116 0.0804779 0.252022 3.21924 0.00967557 6.57376 0.005075 4.24116 10.2015
9101.00 1214.95 0.046891 55.3003 0.554678 19.5739 0.0842996 0.249835 3.23915 0.00952665 6.61367 0.00499746 4.33697 10.0327
9001.00 1214.85 0.000000 ---
8901.00 1214.62 0.000000 ---
8801.00 1214.39 0.000000 ---
8701.00 1214.16 0.000000 ---
8601.00 1213.93 0.000000 ---
8501.00 1213.70 0.000000 ---
8401.00 1213.47 0.000000 ---
8301.00 1213.25 0.000000 ---
8201.00 1213.02 0.000000 ---
8101.00 1212.79 0.000000 ---
8001.00 1212.56 0.000000 ---
7901.00 1212.34 0.000000 ---
7801.00 1212.11 0.000000 ---
7701.00 1211.88 0.000000 ---
7601.00 1211.66 0.000000 ---
7501.00 1211.43 0.000000 ---
7401.00 1211.20 0.000000 ---
7301.00 1210.97 0.000000 ---
7201.00 1210.74 0.000000 ---
7101.00 1210.51 0.000000 ---
7001.00 1210.29 0.000000 ---
6901.00 1210.06 0.000000 ---
6801.00 1209.83 0.000000 ---
6701.00 1209.59 0.000000 ---
6601.00 1209.36 0.000000 ---
6501.00 1209.13 0.000000 ---
6401.00 1208.90 0.000000 ---
6301.00 1208.67 0.000000 ---
6201.00 1208.43 0.000000 ---
6101.00 1208.20 0.000000 ---
6001.00 1207.96 0.000000 ---
5901.00 1207.72 0.000000 ---
5801.00 1207.49 0.000000 ---
5701.00 1207.25 0.000000 ---
5601.00 1207.01 0.000000 ---
5501.00 1206.77 0.000000 ---
5401.00 1206.53 0.000000 ---
5301.00 1206.29 0.000000 ---
5201.00 1206.05 0.000000 ---
5101.00 1205.80 0.000000 ---
5001.00 1205.56 0.000000 ---
4901.00 1205.32 0.000000 ---
4801.00 1205.08 0.000000 ---
4701.00 1204.83 0.000000 ---
4601.00 1204.48 0.042874 55.8158 0.925516 18.5206 0.377165 0.101874 3.76893 0.00444982 7.68053 0.0022959 9.4241 3.37868
4501.00 1203.43 0.368814 55.8467 0.921301 18.4999 0.385848 0.100206 3.76162 0.00435689 7.67632 0.0022456 9.52359 3.27785
4401.00 1202.34 0.710298 55.881 0.916478 18.4788 0.394446 0.0986491 3.753 0.0042654 7.67047 0.00219608 9.62048 3.18021
4301.00 1201.21 1.067399 55.9188 0.911041 18.4573 0.402928 0.0971987 3.74305 0.00417541 7.66299 0.00214735 9.71467 3.08577
4201.00 1200.05 1.372660 55.9599 0.904951 18.4354 0.411271 0.0958379 3.73187 0.00408684 7.65398 0.0020994 9.80635 2.99428
4101.00 1198.86 1.379773 56.0031 0.898035 18.4137 0.419485 0.0945036 3.71985 0.00399936 7.64388 0.00205205 9.89671 2.90462
4001.00 1197.65 1.386538 56.0485 0.890283 18.3923 0.42755 0.093194 3.70701 0.00391296 7.63271 0.00200531 9.98579 2.81674
3901.00 1196.42 1.392952 56.0961 0.881688 18.371 0.435446 0.0919069 3.69339 0.00382764 7.6205 0.00195919 10.0736 2.73058
3801.00 1195.15 1.399013 56.1457 0.872244 18.35 0.443154 0.0906402 3.679 0.00374342 7.60729 0.00191369 10.1602 2.64608
3701.00 1193.87 1.404716 56.1974 0.861948 18.3293 0.450654 0.0893917 3.66389 0.00366028 7.59312 0.0018688 10.2456 2.56317
3601.00 1192.56 1.410060 56.2512 0.850799 18.3088 0.457927 0.088159 3.64809 0.00357822 7.57801 0.00182454 10.3298 2.48177
3501.00 1191.23 1.415042 56.307 0.838801 18.2886 0.464954 0.0869398 3.63163 0.00349724 7.56202 0.00178089 10.4131 2.4018
3401.00 1189.87 1.419657 56.3646 0.82596 18.2686 0.471718 0.0857317 3.61456 0.00341733 7.54518 0.00173786 10.4953 2.32318
3301.00 1188.49 1.423902 56.4241 0.812286 18.249 0.478202 0.0845323 3.59691 0.00333848 7.52754 0.00169544 10.5766 2.24582
3201.00 1187.10 1.427771 56.4853 0.797793 18.2296 0.484389 0.0833389 3.57874 0.00326069 7.50916 0.00165364 10.6571 2.16961
3101.00 1185.68 1.431258 56.5481 0.7825 18.2106 0.490266 0.0821492 3.5601 0.00318394 7.49006 0.00161244 10.737 2.09444
3001.00 1184.24 1.434356 56.6123 0.76643 18.192 0.495819 0.0809605 3.54104 0.00310822 7.47033 0.00157184 10.8162 2.0202
2901.00 1182.78 1.437055 56.6778 0.749611 18.1737 0.501037 0.0797702 3.5216 0.00303353 7.45 0.00153184 10.8951 1.94678
2801.00 1181.30 1.439343 56.7445 0.732076 18.1558 0.505911 0.0785756 3.50187 0.00295983 7.42914 0.00149242 10.9737 1.87403
2701.00 1179.81 1.441205 56.8119 0.713864 18.1383 0.510435 0.0773742 3.48189 0.00288714 7.40781 0.00145359 11.0522 1.80183
2601.00 1178.30 1.442624 56.8801 0.695017 18.1213 0.514602 0.0761632 3.46174 0.00281541 7.38608 0.00141534 11.1308 1.73002
2501.00 1176.77 1.443577 56.9486 0.675586 18.1047 0.518412 0.0749398 3.44149 0.00274465 7.36403 0.00137766 11.2096 1.65844
2401.00 1175.23 1.444039 57.0173 0.655625 18.0886 0.521865 0.0737012 3.42121 0.00267483 7.34172 0.00134054 11.289 1.58693
2301.00 1173.68 1.443977 57.0857 0.635194 18.073 0.524965 0.0724446 3.40099 0.00260594 7.31924 0.00130397 11.3692 1.5153
2201.00 1172.11 1.443355 57.1536 0.614358 18.0579 0.527718 0.0711671 3.38092 0.00253796 7.29667 0.00126795 11.4505 1.44337
2101.00 1170.53 1.442130 57.2206 0.593187 18.0433 0.530136 0.0698658 3.36108 0.00247087 7.27411 0.00123247 11.533 1.37093
2001.00 1168.94 1.440254 57.2863 0.571755 18.0293 0.532232 0.0685378 3.34158 0.00240466 7.25164 0.00119752 11.6173 1.29777
1901.00 1167.34 1.437673 57.3502 0.550143 18.0158 0.534023 0.0671802 3.32252 0.00233931 7.22938 0.00116309 11.7036 1.22366
1801.00 1165.74 1.434331 57.412 0.528432 18.0028 0.535532 0.0657904 3.30401 0.00227481 7.20742 0.00112919 11.7923 1.14837
1701.00 1164.13 1.430171 57.4711 0.506707 17.9903 0.536782 0.0643658 3.28616 0.00221114 7.18587 0.00109579 11.8838 1.07165
1601.00 1162.52 1.425140 57.527 0.485055 17.9784 0.537804 0.0629044 3.2691 0.00214832 7.16483 0.00106291 11.9785 0.993267
1501.00 1160.90 1.419200 57.5793 0.463562 17.9669 0.538626 0.0614048 3.25292 0.00208632 7.14441 0.00103054 12.0768 0.912994
1401.00 1159.30 1.412341 57.6275 0.44231 17.9558 0.53928 0.0598664 3.23775 0.00202517 7.1247 0.000998689 12.1791 0.83062
1301.00 1157.69 1.404598 57.6712 0.421377 17.9452 0.539798 0.0582903 3.22367 0.00196488 7.10578 0.000967365 12.2858 0.745978
1201.00 1156.09 1.396084 57.7102 0.40083 17.9347 0.540204 0.0566791 3.21077 0.0019055 7.08769 0.000936586 12.3971 0.658971
1101.00 1154.50 1.387034 57.7442 0.380721 17.9245 0.540514 0.0550383 3.19905 0.00184707 7.07044 0.000906378 12.5132 0.569609
1001.00 1153.45 1.168769 57.7826 0.374096 17.865 0.549655 0.0539334 3.19695 0.00181179 7.06572 0.000888045 12.6239 0.485506
901.00 1152.56 1.099400 57.8355 0.371525 17.7845 0.561168 0.053165 3.19569 0.00178735 7.06303 0.000875188 12.7219 0.410892
801.00 1151.65 1.102265 57.9047 0.368257 17.6985 0.571696 0.0525886 3.19157 0.00176702 7.05777 0.000864355 12.8066 0.345644
701.00 1150.74 1.102226 57.9903 0.364349 17.6064 0.581175 0.0521866 3.1848 0.00175091 7.05027 0.000855598 12.8786 0.289405
601.00 1149.83 1.099038 58.0914 0.359882 17.508 0.589578 0.0519373 3.17571 0.00173906 7.04093 0.000848935 12.9383 0.241592
501.00 1148.93 1.092714 58.2072 0.35496 17.4033 0.596916 0.0518159 3.16468 0.00173143 7.03019 0.000844355 12.987 0.201439
401.00 1148.05 1.083519 58.3361 0.349697 17.2922 0.603232 0.0517967 3.15214 0.00172795 7.01851 0.000841815 13.0257 0.168065
301.00 1147.20 1.071928 58.4768 0.344207 17.1747 0.608591 0.0518543 3.13851 0.00172847 7.00633 0.00084125 13.0559 0.140547
201.00 1146.37 1.058534 58.6277 0.338598 17.0512 0.613079 0.0519652 3.12418 0.00173284 6.99405 0.00084258 13.0787 0.117984
101.00 1145.58 1.043969 58.7872 0.33296 16.9218 0.616788 0.0521087 3.10949 0.00174089 6.98202 0.000845717 13.0955 0.0995399
1.00 1144.82 1.028823 58.9541 0.327369 16.7869 0.619811 0.0522675 3.09474 0.00175243 6.97053 0.000850573 13.1072 0.0844766