Title: Depleted MORB Mantle of Workmann & Hart 2005

System Thermodynamic Data:
Pressure Temperature mass F phi S H V Cp dVdP*10^6 dVdT*10^6 fO2(absolute) fO2(absolute) rhol rhos viscosity aH2O chisqr
44001.00 1284.66 100.138999 0.0000000000000000 0.000000 244.001627 -1166343.248405 30.007476 123.979871 -19.866045 1391.386947 -6.734 -6.734 0.000000 3.337135 0.000 0 0.000
43901.00 1284.47 100.138999 0.0000000000000000 0.000000 244.001627 -1166643.332747 30.009393 123.985930 -19.872992 1391.322082 -6.738 -6.738 0.000000 3.336922 0.000 0 0.000
43801.00 1284.29 100.138999 0.0000000000000000 0.000000 244.001627 -1166943.436273 30.011312 123.991988 -19.879943 1391.257346 -6.743 -6.743 0.000000 3.336708 0.000 0 0.000
43701.00 1284.10 100.138999 0.0000000000000000 0.000000 244.001627 -1167243.559001 30.013234 123.998047 -19.886898 1391.192741 -6.748 -6.748 0.000000 3.336495 0.000 0 0.000
43601.00 1283.91 100.138999 0.0000000000000000 0.000000 244.001627 -1167543.700951 30.015157 124.004105 -19.893858 1391.128266 -6.752 -6.752 0.000000 3.336281 0.000 0 0.000
43501.00 1283.73 100.138999 0.0000000000000000 0.000000 244.001627 -1167843.862143 30.017082 124.010164 -19.900821 1391.063923 -6.757 -6.757 0.000000 3.336067 0.000 0 0.000
43401.00 1283.54 100.138999 0.0000000000000000 0.000000 244.001627 -1168144.042597 30.019009 124.016222 -19.907789 1390.999714 -6.761 -6.761 0.000000 3.335853 0.000 0 0.000
43301.00 1283.35 100.138999 0.0000000000000000 0.000000 244.001627 -1168444.242334 30.020938 124.022281 -19.914762 1390.935639 -6.766 -6.766 0.000000 3.335639 0.000 0 0.000
43201.00 1283.16 100.138999 0.0000000000000000 0.000000 244.001627 -1168744.461374 30.022870 124.028339 -19.921739 1390.871699 -6.771 -6.771 0.000000 3.335424 0.000 0 0.000
43101.00 1282.98 100.138999 0.0000000000000000 0.000000 244.001627 -1169044.699736 30.024803 124.034397 -19.928720 1390.807896 -6.776 -6.776 0.000000 3.335209 0.000 0 0.000
43001.00 1282.79 100.138999 0.0000000000000000 0.000000 244.001627 -1169344.957443 30.026739 124.040456 -19.935706 1390.744231 -6.780 -6.780 0.000000 3.334994 0.000 0 0.000
42901.00 1282.60 100.138999 0.0000000000000000 0.000000 244.001627 -1169645.234514 30.028676 124.046514 -19.942696 1390.680703 -6.785 -6.785 0.000000 3.334779 0.000 0 0.000
42801.00 1282.42 100.138999 0.0000000000000000 0.000000 244.001627 -1169945.530970 30.030616 124.052573 -19.949691 1390.617316 -6.790 -6.790 0.000000 3.334564 0.000 0 0.000
42701.00 1282.23 100.138999 0.0000000000000000 0.000000 244.001627 -1170245.846832 30.032557 124.058631 -19.956690 1390.554070 -6.795 -6.795 0.000000 3.334348 0.000 0 0.000
42601.00 1282.04 100.138999 0.0000000000000000 0.000000 244.001627 -1170546.182121 30.034501 124.064690 -19.963694 1390.490966 -6.799 -6.799 0.000000 3.334132 0.000 0 0.000
42501.00 1281.85 100.138999 0.0000000000000000 0.000000 244.001627 -1170846.536859 30.036447 124.070749 -19.970703 1390.428005 -6.804 -6.804 0.000000 3.333916 0.000 0 0.000
42401.00 1281.67 100.138999 0.0000000000000000 0.000000 244.001627 -1171146.911066 30.038395 124.076808 -19.977716 1390.365189 -6.809 -6.809 0.000000 3.333700 0.000 0 0.000
42301.00 1281.48 100.138999 0.0000000000000000 0.000000 244.001627 -1171447.304764 30.040345 124.082867 -19.984734 1390.302519 -6.814 -6.814 0.000000 3.333484 0.000 0 0.000
42201.00 1281.29 100.138999 0.0000000000000000 0.000000 244.001627 -1171747.717976 30.042297 124.088927 -19.991757 1390.239995 -6.819 -6.819 0.000000 3.333267 0.000 0 0.000
42101.00 1281.10 100.138999 0.0000000000000000 0.000000 244.001627 -1172048.150721 30.044252 124.094986 -19.998785 1390.177620 -6.823 -6.823 0.000000 3.333050 0.000 0 0.000
42001.00 1280.92 100.138999 0.0000000000000000 0.000000 244.001627 -1172348.603023 30.046209 124.101046 -20.005818 1390.115395 -6.828 -6.828 0.000000 3.332833 0.000 0 0.000
41901.00 1280.73 100.138999 0.0000000000000000 0.000000 244.001627 -1172649.074904 30.048168 124.107106 -20.012856 1390.053320 -6.833 -6.833 0.000000 3.332616 0.000 0 0.000
41801.00 1280.54 100.138999 0.0000000000000000 0.000000 244.001627 -1172949.566384 30.050129 124.113166 -20.019898 1389.991397 -6.838 -6.838 0.000000 3.332398 0.000 0 0.000
41701.00 1280.35 100.138999 0.0000000000000000 0.000000 244.001627 -1173250.077488 30.052092 124.119226 -20.026946 1389.929628 -6.843 -6.843 0.000000 3.332181 0.000 0 0.000
41601.00 1280.17 100.138999 0.0000000000000000 0.000000 244.001627 -1173550.608237 30.054058 124.125287 -20.033999 1389.868013 -6.848 -6.848 0.000000 3.331963 0.000 0 0.000
41501.00 1279.98 100.138999 0.0000000000000000 0.000000 244.001627 -1173851.158654 30.056026 124.131348 -20.041057 1389.806555 -6.853 -6.853 0.000000 3.331745 0.000 0 0.000
41401.00 1279.79 100.138999 0.0000000000000000 0.000000 244.001627 -1174151.728762 30.057996 124.137410 -20.048120 1389.745254 -6.858 -6.858 0.000000 3.331526 0.000 0 0.000
41301.00 1279.60 100.138999 0.0000000000000000 0.000000 244.001627 -1174452.318583 30.059969 124.143471 -20.055188 1389.684112 -6.863 -6.863 0.000000 3.331308 0.000 0 0.000
41201.00 1279.42 100.138999 0.0000000000000000 0.000000 244.001627 -1174752.928141 30.061943 124.149534 -20.062262 1389.623131 -6.868 -6.868 0.000000 3.331089 0.000 0 0.000
41101.00 1279.23 100.138999 0.0000000000000000 0.000000 244.001627 -1175053.557459 30.063921 124.155596 -20.069341 1389.562311 -6.873 -6.873 0.000000 3.330870 0.000 0 0.000
41001.00 1279.04 100.138999 0.0000000000000000 0.000000 244.001627 -1175354.206560 30.065900 124.161659 -20.076425 1389.501654 -6.878 -6.878 0.000000 3.330650 0.000 0 0.000
40901.00 1278.85 100.138999 0.0000000000000000 0.000000 244.001627 -1175654.875467 30.067882 124.167723 -20.083515 1389.441162 -6.883 -6.883 0.000000 3.330431 0.000 0 0.000
40801.00 1278.66 100.138999 0.0000000000000000 0.000000 244.001627 -1175955.564206 30.069866 124.173786 -20.090610 1389.380836 -6.888 -6.888 0.000000 3.330211 0.000 0 0.000
40701.00 1278.48 100.138999 0.0000000000000000 0.000000 244.001627 -1176256.272799 30.071853 124.179851 -20.097711 1389.320678 -6.893 -6.893 0.000000 3.329991 0.000 0 0.000
40601.00 1278.29 100.138999 0.0000000000000000 0.000000 244.001627 -1176557.001270 30.073842 124.185916 -20.104817 1389.260689 -6.898 -6.898 0.000000 3.329771 0.000 0 0.000
40501.00 1278.10 100.138999 0.0000000000000000 0.000000 244.001627 -1176857.749644 30.075833 124.191981 -20.111929 1389.200871 -6.903 -6.903 0.000000 3.329550 0.000 0 0.000
40401.00 1277.91 100.138999 0.0000000000000000 0.000000 244.001627 -1177158.517945 30.077827 124.198047 -20.119047 1389.141225 -6.908 -6.908 0.000000 3.329330 0.000 0 0.000
40301.00 1277.72 100.138999 0.0000000000000000 0.000000 244.001627 -1177459.306197 30.079824 124.204114 -20.126170 1389.081753 -6.913 -6.913 0.000000 3.329109 0.000 0 0.000
40201.00 1277.54 100.138999 0.0000000000000000 0.000000 244.001627 -1177760.114427 30.081823 124.210181 -20.133299 1389.022457 -6.918 -6.918 0.000000 3.328887 0.000 0 0.000
40101.00 1277.35 100.138999 0.0000000000000000 0.000000 244.001627 -1178060.942657 30.083824 124.216249 -20.140434 1388.963338 -6.923 -6.923 0.000000 3.328666 0.000 0 0.000
40001.00 1277.16 100.138999 0.0000000000000000 0.000000 244.001627 -1178361.790914 30.085828 124.222317 -20.147575 1388.904398 -6.928 -6.928 0.000000 3.328444 0.000 0 0.000
39901.00 1276.97 100.138999 0.0000000000000000 0.000000 244.001627 -1178662.659223 30.087834 124.228386 -20.154722 1388.845638 -6.933 -6.933 0.000000 3.328222 0.000 0 0.000
39801.00 1276.78 100.138999 0.0000000000000000 0.000000 244.001627 -1178963.547609 30.089843 124.234456 -20.161875 1388.787061 -6.938 -6.938 0.000000 3.328000 0.000 0 0.000
39701.00 1276.60 100.138999 0.0000000000000000 0.000000 244.001627 -1179264.456098 30.091855 124.240527 -20.169034 1388.728668 -6.944 -6.944 0.000000 3.327778 0.000 0 0.000
39601.00 1276.41 100.138999 0.0000000000000000 0.000000 244.001627 -1179565.384716 30.093869 124.246598 -20.176200 1388.670460 -6.949 -6.949 0.000000 3.327555 0.000 0 0.000
39501.00 1276.22 100.138999 0.0000000000000000 0.000000 244.001627 -1179866.333489 30.095886 124.252670 -20.183371 1388.612440 -6.954 -6.954 0.000000 3.327332 0.000 0 0.000
39401.00 1276.03 100.138999 0.0000000000000000 0.000000 244.001627 -1180167.302444 30.097905 124.258743 -20.190549 1388.554610 -6.959 -6.959 0.000000 3.327109 0.000 0 0.000
39301.00 1275.84 100.138999 0.0000000000000000 0.000000 244.001627 -1180468.291606 30.099927 124.264817 -20.197733 1388.496971 -6.964 -6.964 0.000000 3.326885 0.000 0 0.000
39201.00 1275.65 100.138999 0.0000000000000000 0.000000 244.001627 -1180769.301002 30.101952 124.270892 -20.204923 1388.439525 -6.970 -6.970 0.000000 3.326661 0.000 0 0.000
39101.00 1275.47 100.138999 0.0000000000000000 0.000000 244.001627 -1181070.330660 30.103980 124.276968 -20.212120 1388.382275 -6.975 -6.975 0.000000 3.326437 0.000 0 0.000
39001.00 1275.28 100.138999 0.0000000000000000 0.000000 244.001627 -1181371.380606 30.106010 124.283044 -20.219324 1388.325221 -6.980 -6.980 0.000000 3.326213 0.000 0 0.000
38901.00 1275.09 100.138999 0.0000000000000000 0.000000 244.001627 -1181672.450868 30.108043 124.289122 -20.226534 1388.268366 -6.986 -6.986 0.000000 3.325988 0.000 0 0.000
38801.00 1274.90 100.138999 0.0000000000000000 0.000000 244.001627 -1181973.541474 30.110079 124.295200 -20.233751 1388.211713 -6.991 -6.991 0.000000 3.325763 0.000 0 0.000
38701.00 1274.71 100.138999 0.0000000000000000 0.000000 244.001627 -1182274.652451 30.112117 124.301280 -20.240974 1388.155262 -6.996 -6.996 0.000000 3.325538 0.000 0 0.000
38601.00 1274.52 100.138999 0.0000000000000000 0.000000 244.001627 -1182575.783827 30.114158 124.307361 -20.248205 1388.099017 -7.002 -7.002 0.000000 3.325313 0.000 0 0.000
38501.00 1274.33 100.138999 0.0000000000000000 0.000000 244.001627 -1182876.935630 30.116203 124.313442 -20.255442 1388.042978 -7.007 -7.007 0.000000 3.325087 0.000 0 0.000
38401.00 1274.15 100.138999 0.0000000000000000 0.000000 244.001627 -1183178.107890 30.118250 124.319525 -20.262686 1387.987149 -7.012 -7.012 0.000000 3.324861 0.000 0 0.000
38301.00 1273.96 100.138999 0.0000000000000000 0.000000 244.001627 -1183479.300634 30.120300 124.325609 -20.269937 1387.931532 -7.018 -7.018 0.000000 3.324635 0.000 0 0.000
38201.00 1273.77 100.138999 0.0000000000000000 0.000000 244.001627 -1183780.513891 30.122352 124.331695 -20.277196 1387.876128 -7.023 -7.023 0.000000 3.324408 0.000 0 0.000
38101.00 1273.58 100.138999 0.0000000000000000 0.000000 244.001627 -1184081.747691 30.124408 124.337781 -20.284461 1387.820940 -7.028 -7.028 0.000000 3.324181 0.000 0 0.000
38001.00 1273.39 100.138999 0.0000000000000000 0.000000 244.001627 -1184383.002064 30.126467 124.343869 -20.291734 1387.765971 -7.034 -7.034 0.000000 3.323954 0.000 0 0.000
37901.00 1273.20 100.138999 0.0000000000000000 0.000000 244.001627 -1184684.277039 30.128529 124.349958 -20.299014 1387.711222 -7.039 -7.039 0.000000 3.323727 0.000 0 0.000
37801.00 1273.01 100.138999 0.0000000000000000 0.000000 244.001627 -1184985.572645 30.130593 124.356049 -20.306301 1387.656695 -7.045 -7.045 0.000000 3.323499 0.000 0 0.000
37701.00 1272.82 100.138999 0.0000000000000000 0.000000 244.001627 -1185286.888914 30.132661 124.362141 -20.313596 1387.602394 -7.050 -7.050 0.000000 3.323271 0.000 0 0.000
37601.00 1272.63 100.138999 0.0000000000000000 0.000000 244.001627 -1185588.225875 30.134732 124.368234 -20.320899 1387.548320 -7.056 -7.056 0.000000 3.323043 0.000 0 0.000
37501.00 1272.45 100.138999 0.0000000000000000 0.000000 244.001627 -1185889.583560 30.136806 124.374329 -20.328209 1387.494477 -7.061 -7.061 0.000000 3.322814 0.000 0 0.000
37401.00 1272.26 100.138999 0.0000000000000000 0.000000 244.001627 -1186190.961999 30.138883 124.380425 -20.335527 1387.440866 -7.067 -7.067 0.000000 3.322585 0.000 0 0.000
37301.00 1272.07 100.138999 0.0000000000000000 0.000000 244.001627 -1186492.361223 30.140963 124.386523 -20.342853 1387.387490 -7.072 -7.072 0.000000 3.322356 0.000 0 0.000
37201.00 1271.88 100.138999 0.0000000000000000 0.000000 244.001627 -1186793.781266 30.143046 124.392623 -20.350186 1387.334352 -7.078 -7.078 0.000000 3.322126 0.000 0 0.000
37101.00 1271.69 100.138999 0.0000000000000000 0.000000 244.001627 -1187095.222157 30.145133 124.398724 -20.357528 1387.281454 -7.084 -7.084 0.000000 3.321896 0.000 0 0.000
37001.00 1271.50 100.138999 0.0000000000000000 0.000000 244.001627 -1187396.683930 30.147222 124.404827 -20.364878 1387.228800 -7.089 -7.089 0.000000 3.321666 0.000 0 0.000
36901.00 1271.31 100.138999 0.0000000000000000 0.000000 244.001627 -1187698.166616 30.149315 124.410931 -20.372236 1387.176390 -7.095 -7.095 0.000000 3.321435 0.000 0 0.000
36801.00 1271.12 100.138999 0.0000000000000000 0.000000 244.001627 -1187999.670250 30.151412 124.417037 -20.379602 1387.124230 -7.100 -7.100 0.000000 3.321204 0.000 0 0.000
36701.00 1270.93 100.138999 0.0000000000000000 0.000000 244.001627 -1188301.194863 30.153511 124.423146 -20.386977 1387.072321 -7.106 -7.106 0.000000 3.320973 0.000 0 0.000
36601.00 1270.74 100.138999 0.0000000000000000 0.000000 244.001627 -1188602.740489 30.155614 124.429255 -20.394360 1387.020665 -7.112 -7.112 0.000000 3.320741 0.000 0 0.000
36501.00 1270.55 100.138999 0.0000000000000000 0.000000 244.001627 -1188904.307162 30.157721 124.435367 -20.401751 1386.969267 -7.118 -7.118 0.000000 3.320510 0.000 0 0.000
36401.00 1270.36 100.138999 0.0000000000000000 0.000000 244.001627 -1189205.894916 30.159831 124.441481 -20.409151 1386.918129 -7.123 -7.123 0.000000 3.320277 0.000 0 0.000
36301.00 1270.17 100.138999 0.0000000000000000 0.000000 244.001627 -1189507.503785 30.161944 124.447597 -20.416560 1386.867254 -7.129 -7.129 0.000000 3.320045 0.000 0 0.000
36201.00 1269.98 100.138999 0.0000000000000000 0.000000 244.001627 -1189809.133805 30.164061 124.453715 -20.423978 1386.816645 -7.135 -7.135 0.000000 3.319812 0.000 0 0.000
36101.00 1269.79 100.138999 0.0000000000000000 0.000000 244.001627 -1190110.785009 30.166181 124.459835 -20.431405 1386.766305 -7.140 -7.140 0.000000 3.319578 0.000 0 0.000
36001.00 1269.60 100.138999 0.0000000000000000 0.000000 244.001627 -1190412.457434 30.168305 124.465957 -20.438841 1386.716237 -7.146 -7.146 0.000000 3.319345 0.000 0 0.000
35901.00 1269.41 100.138999 0.0000000000000000 0.000000 244.001627 -1190714.151115 30.170432 124.472082 -20.446285 1386.666446 -7.152 -7.152 0.000000 3.319111 0.000 0 0.000
35801.00 1269.22 100.138999 0.0000000000000000 0.000000 244.001627 -1191015.866088 30.172563 124.478208 -20.453740 1386.616933 -7.158 -7.158 0.000000 3.318876 0.000 0 0.000
35701.00 1269.03 100.138999 0.0000000000000000 0.000000 244.001627 -1191317.602391 30.174698 124.484337 -20.461203 1386.567702 -7.164 -7.164 0.000000 3.318641 0.000 0 0.000
35601.00 1268.84 100.138999 0.0000000000000000 0.000000 244.001627 -1191619.360059 30.176836 124.490469 -20.468676 1386.518757 -7.170 -7.170 0.000000 3.318406 0.000 0 0.000
35501.00 1268.65 100.138999 0.0000000000000000 0.000000 244.001627 -1191921.139130 30.178979 124.496602 -20.476159 1386.470101 -7.175 -7.175 0.000000 3.318171 0.000 0 0.000
35401.00 1268.46 100.138999 0.0000000000000000 0.000000 244.001627 -1192222.939641 30.181124 124.502739 -20.483651 1386.421738 -7.181 -7.181 0.000000 3.317935 0.000 0 0.000
35301.00 1268.27 100.138999 0.0000000000000000 0.000000 244.001627 -1192524.761632 30.183274 124.508878 -20.491154 1386.373671 -7.187 -7.187 0.000000 3.317698 0.000 0 0.000
35201.00 1268.08 100.138999 0.0000000000000000 0.000000 244.001627 -1192826.605139 30.185428 124.515019 -20.498666 1386.325904 -7.193 -7.193 0.000000 3.317462 0.000 0 0.000
35101.00 1267.89 100.138999 0.0000000000000000 0.000000 244.001627 -1193128.470202 30.187585 124.521163 -20.506188 1386.278441 -7.199 -7.199 0.000000 3.317225 0.000 0 0.000
35001.00 1267.70 100.138999 0.0000000000000000 0.000000 244.001627 -1193430.356861 30.189747 124.527310 -20.513720 1386.231285 -7.205 -7.205 0.000000 3.316987 0.000 0 0.000
34901.00 1267.51 100.138999 0.0000000000000000 0.000000 244.001627 -1193732.265154 30.191912 124.533460 -20.521263 1386.184441 -7.211 -7.211 0.000000 3.316749 0.000 0 0.000
34801.00 1267.31 100.138999 0.0000000000000000 0.000000 244.001627 -1194034.195122 30.194082 124.539613 -20.528816 1386.137912 -7.217 -7.217 0.000000 3.316511 0.000 0 0.000
34701.00 1267.12 100.138999 0.0000000000000000 0.000000 244.001627 -1194336.146806 30.196256 124.545768 -20.536380 1386.091702 -7.223 -7.223 0.000000 3.316272 0.000 0 0.000
34601.00 1266.93 100.138999 0.0000000000000000 0.000000 244.001627 -1194638.120246 30.198433 124.551927 -20.543955 1386.045816 -7.229 -7.229 0.000000 3.316033 0.000 0 0.000
34501.00 1266.74 100.138999 0.0000000000000000 0.000000 244.001627 -1194940.115484 30.200615 124.558089 -20.551540 1386.000258 -7.235 -7.235 0.000000 3.315793 0.000 0 0.000
34401.00 1266.55 100.138999 0.0000000000000000 0.000000 244.001627 -1195242.132562 30.202801 124.564254 -20.559136 1385.955032 -7.242 -7.242 0.000000 3.315553 0.000 0 0.000
34301.00 1266.36 100.138999 0.0000000000000000 0.000000 244.001627 -1195544.171523 30.204992 124.570422 -20.566744 1385.910142 -7.248 -7.248 0.000000 3.315313 0.000 0 0.000
34201.00 1266.17 100.138999 0.0000000000000000 0.000000 244.001627 -1195846.232408 30.207186 124.576593 -20.574363 1385.865593 -7.254 -7.254 0.000000 3.315072 0.000 0 0.000
34101.00 1265.98 100.138999 0.0000000000000000 0.000000 244.001627 -1196148.315263 30.209385 124.582768 -20.581993 1385.821390 -7.260 -7.260 0.000000 3.314831 0.000 0 0.000
34001.00 1265.78 100.138999 0.0000000000000000 0.000000 244.001627 -1196450.420130 30.211589 124.588946 -20.589634 1385.777536 -7.266 -7.266 0.000000 3.314589 0.000 0 0.000
33901.00 1265.59 100.138999 0.0000000000000000 0.000000 244.001627 -1196752.547054 30.213797 124.595128 -20.597288 1385.734037 -7.272 -7.272 0.000000 3.314347 0.000 0 0.000
33801.00 1265.40 100.138999 0.0000000000000000 0.000000 244.001627 -1197054.696080 30.216009 124.601314 -20.604953 1385.690898 -7.279 -7.279 0.000000 3.314104 0.000 0 0.000
33701.00 1265.21 100.138999 0.0000000000000000 0.000000 244.001627 -1197356.867253 30.218226 124.607503 -20.612630 1385.648124 -7.285 -7.285 0.000000 3.313861 0.000 0 0.000
33601.00 1265.02 100.138999 0.0000000000000000 0.000000 244.001627 -1197659.060620 30.220448 124.613696 -20.620320 1385.605719 -7.291 -7.291 0.000000 3.313617 0.000 0 0.000
33501.00 1264.83 100.138999 0.0000000000000000 0.000000 244.001627 -1197961.276227 30.222674 124.619893 -20.628022 1385.563688 -7.298 -7.298 0.000000 3.313373 0.000 0 0.000
33401.00 1264.63 100.138999 0.0000000000000000 0.000000 244.001627 -1198263.514121 30.224905 124.626094 -20.635736 1385.522038 -7.304 -7.304 0.000000 3.313129 0.000 0 0.000
33301.00 1264.44 100.138999 0.0000000000000000 0.000000 244.001627 -1198565.774351 30.227141 124.632299 -20.643463 1385.480772 -7.310 -7.310 0.000000 3.312884 0.000 0 0.000
33201.00 1264.25 100.138999 0.0000000000000000 0.000000 244.001627 -1198868.056963 30.229382 124.638508 -20.651203 1385.439898 -7.317 -7.317 0.000000 3.312638 0.000 0 0.000
33101.00 1264.06 100.138999 0.0000000000000000 0.000000 244.001627 -1199170.362008 30.231628 124.644722 -20.658956 1385.399420 -7.323 -7.323 0.000000 3.312392 0.000 0 0.000
33001.00 1263.86 100.138999 0.0000000000000000 0.000000 244.001627 -1199472.689535 30.233878 124.650939 -20.666722 1385.359344 -7.329 -7.329 0.000000 3.312145 0.000 0 0.000
32901.00 1263.67 100.138999 0.0000000000000000 0.000000 244.001627 -1199775.039594 30.236134 124.657162 -20.674501 1385.319675 -7.336 -7.336 0.000000 3.311898 0.000 0 0.000
32801.00 1263.48 100.138999 0.0000000000000000 0.000000 244.001627 -1200077.412236 30.238395 124.663389 -20.682294 1385.280421 -7.342 -7.342 0.000000 3.311651 0.000 0 0.000
32701.00 1263.29 100.138999 0.0000000000000000 0.000000 244.001627 -1200379.807513 30.240661 124.669620 -20.690101 1385.241586 -7.349 -7.349 0.000000 3.311402 0.000 0 0.000
32601.00 1263.09 100.138999 0.0000000000000000 0.000000 244.001627 -1200682.225476 30.242932 124.675857 -20.697922 1385.203177 -7.355 -7.355 0.000000 3.311154 0.000 0 0.000
32501.00 1262.90 100.138999 0.0000000000000000 0.000000 244.001627 -1200984.666179 30.245209 124.682098 -20.705757 1385.165201 -7.362 -7.362 0.000000 3.310905 0.000 0 0.000
32401.00 1262.71 100.138999 0.0000000000000000 0.000000 244.001627 -1201287.129675 30.247491 124.688344 -20.713606 1385.127664 -7.369 -7.369 0.000000 3.310655 0.000 0 0.000
32301.00 1262.51 100.138999 0.0000000000000000 0.000000 244.001627 -1201589.616019 30.249779 124.694596 -20.721469 1385.090572 -7.375 -7.375 0.000000 3.310404 0.000 0 0.000
32201.00 1262.32 100.138999 0.0000000000000000 0.000000 244.001627 -1201892.125266 30.252072 124.700852 -20.729348 1385.053933 -7.382 -7.382 0.000000 3.310153 0.000 0 0.000
32101.00 1262.13 100.138999 0.0000000000000000 0.000000 244.001627 -1202194.657471 30.254370 124.707115 -20.737242 1385.017753 -7.389 -7.389 0.000000 3.309902 0.000 0 0.000
32001.00 1261.93 100.138999 0.0000000000000000 0.000000 244.001627 -1202497.212691 30.256675 124.713382 -20.745150 1384.982039 -7.395 -7.395 0.000000 3.309650 0.000 0 0.000
31901.00 1261.74 100.138999 0.0000000000000000 0.000000 244.001627 -1202799.790983 30.258985 124.719656 -20.753074 1384.946799 -7.402 -7.402 0.000000 3.309397 0.000 0 0.000
31801.00 1261.54 100.138999 0.0000000000000000 0.000000 244.001627 -1203102.392406 30.261301 124.725935 -20.761014 1384.912039 -7.409 -7.409 0.000000 3.309144 0.000 0 0.000
31701.00 1261.35 100.138999 0.0000000000000000 0.000000 244.001627 -1203405.017019 30.263623 124.732220 -20.768970 1384.877769 -7.415 -7.415 0.000000 3.308890 0.000 0 0.000
31601.00 1261.16 100.138999 0.0000000000000000 0.000000 244.001627 -1203707.664881 30.265951 124.738510 -20.776942 1384.843995 -7.422 -7.422 0.000000 3.308636 0.000 0 0.000
31501.00 1260.96 100.138999 0.0000000000000000 0.000000 244.001627 -1204010.336053 30.268285 124.744808 -20.784930 1384.810725 -7.429 -7.429 0.000000 3.308380 0.000 0 0.000
31401.00 1260.77 100.138999 0.0000000000000000 0.000000 244.001627 -1204313.030597 30.270625 124.751111 -20.792935 1384.777967 -7.436 -7.436 0.000000 3.308125 0.000 0 0.000
31301.00 1260.57 100.138999 0.0000000000000000 0.000000 244.001627 -1204615.748576 30.272972 124.757421 -20.800956 1384.745731 -7.443 -7.443 0.000000 3.307868 0.000 0 0.000
31201.00 1260.38 100.138999 0.0000000000000000 0.000000 244.001627 -1204918.490052 30.275325 124.763738 -20.808995 1384.714023 -7.450 -7.450 0.000000 3.307611 0.000 0 0.000
31101.00 1260.18 100.138999 0.0000000000000000 0.000000 244.001627 -1205221.255091 30.277684 124.770061 -20.817051 1384.682854 -7.457 -7.457 0.000000 3.307353 0.000 0 0.000
31001.00 1259.99 100.138999 0.0000000000000000 0.000000 244.001627 -1205524.043757 30.280050 124.776392 -20.825125 1384.652232 -7.464 -7.464 0.000000 3.307095 0.000 0 0.000
30901.00 1259.79 100.138999 0.0000000000000000 0.000000 244.001627 -1205826.856116 30.282423 124.782729 -20.833217 1384.622165 -7.471 -7.471 0.000000 3.306836 0.000 0 0.000
30801.00 1259.60 100.138999 0.0000000000000000 0.000000 244.001627 -1206129.692237 30.284802 124.789074 -20.841327 1384.592664 -7.478 -7.478 0.000000 3.306576 0.000 0 0.000
30701.00 1259.40 100.138999 0.0000000000000000 0.000000 244.001627 -1206432.552188 30.287189 124.795426 -20.849455 1384.563739 -7.485 -7.485 0.000000 3.306315 0.000 0 0.000
30601.00 1259.21 100.138999 0.0000000000000000 0.000000 244.001627 -1206735.436037 30.289582 124.801786 -20.857603 1384.535398 -7.492 -7.492 0.000000 3.306054 0.000 0 0.000
30501.00 1259.01 100.138999 0.0000000000000000 0.000000 244.001627 -1207038.343856 30.291983 124.808154 -20.865769 1384.507652 -7.499 -7.499 0.000000 3.305792 0.000 0 0.000
30401.00 1258.81 100.138999 0.0000000000000000 0.000000 244.001627 -1207341.275716 30.294391 124.814529 -20.873955 1384.480511 -7.506 -7.506 0.000000 3.305529 0.000 0 0.000
30301.00 1258.62 100.138999 0.0000000000000000 0.000000 244.001627 -1207644.231691 30.296806 124.820913 -20.882160 1384.453987 -7.514 -7.514 0.000000 3.305266 0.000 0 0.000
30201.00 1258.42 100.138999 0.0000000000000000 0.000000 244.001627 -1207947.211853 30.299228 124.827306 -20.890386 1384.428089 -7.521 -7.521 0.000000 3.305002 0.000 0 0.000
30101.00 1258.22 100.138999 0.0000000000000000 0.000000 244.001627 -1208250.216279 30.301658 124.833707 -20.898632 1384.402828 -7.528 -7.528 0.000000 3.304737 0.000 0 0.000
30001.00 1258.03 100.138999 0.0000000000000000 0.000000 244.001627 -1208553.245044 30.304096 124.840116 -20.906899 1384.378217 -7.535 -7.535 0.000000 3.304471 0.000 0 0.000
29901.00 1257.83 100.138999 0.0000000000000000 0.000000 244.001627 -1208856.298226 30.306542 124.846535 -20.915187 1384.354267 -7.543 -7.543 0.000000 3.304204 0.000 0 0.000
29801.00 1257.63 100.138999 0.0000000000000000 0.000000 244.001627 -1209159.375905 30.308995 124.852963 -20.923496 1384.330990 -7.550 -7.550 0.000000 3.303937 0.000 0 0.000
29701.00 1257.44 100.138999 0.0000000000000000 0.000000 244.001627 -1209462.478160 30.311457 124.859400 -20.931827 1384.308397 -7.557 -7.557 0.000000 3.303668 0.000 0 0.000
29601.00 1257.24 100.138999 0.0000000000000000 0.000000 244.001627 -1209765.605074 30.313927 124.865847 -20.940181 1384.286502 -7.565 -7.565 0.000000 3.303399 0.000 0 0.000
29501.00 1257.04 100.138999 0.0000000000000000 0.000000 244.001627 -1210068.756728 30.316405 124.872304 -20.948557 1384.265318 -7.572 -7.572 0.000000 3.303129 0.000 0 0.000
29401.00 1256.84 100.138999 0.0000000000000000 0.000000 244.001627 -1210371.933208 30.318892 124.878772 -20.956956 1384.244858 -7.580 -7.580 0.000000 3.302858 0.000 0 0.000
29301.00 1256.65 100.138999 0.0000000000000000 0.000000 244.001627 -1210675.134600 30.321388 124.885249 -20.965378 1384.225135 -7.588 -7.588 0.000000 3.302586 0.000 0 0.000
29201.00 1256.45 100.138999 0.0000000000000000 0.000000 244.001627 -1210978.360991 30.323892 124.891738 -20.973824 1384.206163 -7.595 -7.595 0.000000 3.302314 0.000 0 0.000
29101.00 1256.25 100.138999 0.0000000000000000 0.000000 244.001627 -1211281.612470 30.326405 124.898237 -20.982294 1384.187957 -7.603 -7.603 0.000000 3.302040 0.000 0 0.000
29001.00 1256.05 100.138999 0.0000000000000000 0.000000 244.001627 -1211584.889127 30.328928 124.904747 -20.990789 1384.170531 -7.610 -7.610 0.000000 3.301765 0.000 0 0.000
28901.00 1255.85 100.138999 0.0000000000000000 0.000000 244.001627 -1211888.191055 30.331459 124.911269 -20.999309 1384.153900 -7.618 -7.618 0.000000 3.301490 0.000 0 0.000
28801.00 1255.65 100.138999 0.0000000000000000 0.000000 244.001627 -1212191.518348 30.334001 124.917803 -21.007854 1384.138080 -7.626 -7.626 0.000000 3.301213 0.000 0 0.000
28701.00 1255.45 100.138999 0.0000000000000000 0.000000 244.001627 -1212494.871101 30.336551 124.924349 -21.016425 1384.123087 -7.634 -7.634 0.000000 3.300935 0.000 0 0.000
28601.00 1255.26 100.138999 0.0000000000000000 0.000000 244.001627 -1212798.249411 30.339112 124.930907 -21.025023 1384.108936 -7.642 -7.642 0.000000 3.300657 0.000 0 0.000
28501.00 1255.06 100.138999 0.0000000000000000 0.000000 244.001627 -1213101.653377 30.341683 124.937478 -21.033648 1384.095645 -7.650 -7.650 0.000000 3.300377 0.000 0 0.000
28401.00 1254.86 100.138999 0.0000000000000000 0.000000 244.001627 -1213405.083100 30.344264 124.944061 -21.042300 1384.083231 -7.657 -7.657 0.000000 3.300097 0.000 0 0.000
28301.00 1254.66 100.138999 0.0000000000000000 0.000000 244.001627 -1213708.538684 30.346855 124.950659 -21.050980 1384.071711 -7.665 -7.665 0.000000 3.299815 0.000 0 0.000
28201.00 1254.46 100.138999 0.0000000000000000 0.000000 244.001627 -1214012.020232 30.349457 124.957269 -21.059689 1384.061103 -7.673 -7.673 0.000000 3.299532 0.000 0 0.000
28101.00 1254.25 100.138999 0.0000000000000000 0.000000 244.001627 -1214315.527852 30.352069 124.963894 -21.068427 1384.051426 -7.682 -7.682 0.000000 3.299248 0.000 0 0.000
28001.00 1254.05 100.138999 0.0000000000000000 0.000000 244.001627 -1214619.061652 30.354693 124.970533 -21.077194 1384.042699 -7.690 -7.690 0.000000 3.298963 0.000 0 0.000
27901.00 1253.85 100.138999 0.0000000000000000 0.000000 244.001627 -1214922.621744 30.357327 124.977187 -21.085991 1384.034942 -7.698 -7.698 0.000000 3.298676 0.000 0 0.000
27801.00 1253.65 100.138999 0.0000000000000000 0.000000 244.001627 -1215226.208239 30.359974 124.983856 -21.094819 1384.028174 -7.706 -7.706 0.000000 3.298389 0.000 0 0.000
27701.00 1253.45 100.138999 0.0000000000000000 0.000000 244.001627 -1215529.821254 30.362631 124.990540 -21.103679 1384.022417 -7.714 -7.714 0.000000 3.298100 0.000 0 0.000
27601.00 1253.25 100.138999 0.0000000000000000 0.000000 244.001627 -1215833.460905 30.365301 124.997240 -21.112570 1384.017691 -7.723 -7.723 0.000000 3.297810 0.000 0 0.000
27501.00 1253.05 100.138999 0.0000000000000000 0.000000 244.001627 -1216137.127313 30.367983 125.003957 -21.121494 1384.014018 -7.731 -7.731 0.000000 3.297519 0.000 0 0.000
27401.00 1252.84 100.138999 0.0000000000000000 0.000000 244.001627 -1216440.820600 30.370677 125.010690 -21.130451 1384.011421 -7.739 -7.739 0.000000 3.297226 0.000 0 0.000
27301.00 1252.64 100.138999 0.0000000000000000 0.000000 244.001627 -1216744.540891 30.373383 125.017440 -21.139442 1384.009923 -7.748 -7.748 0.000000 3.296933 0.000 0 0.000
27201.00 1252.44 100.138999 0.0000000000000000 0.000000 244.001627 -1217048.288312 30.376103 125.024208 -21.148467 1384.009547 -7.756 -7.756 0.000000 3.296637 0.000 0 0.000
27101.00 1252.23 100.138999 0.0000000000000000 0.000000 244.001627 -1217352.062994 30.378836 125.030994 -21.157528 1384.010318 -7.765 -7.765 0.000000 3.296341 0.000 0 0.000
27001.00 1252.03 100.138999 0.0000000000000000 0.000000 244.001627 -1217655.865068 30.381582 125.037798 -21.166625 1384.012261 -7.774 -7.774 0.000000 3.296043 0.000 0 0.000
26901.00 1251.83 100.138999 0.0000000000000000 0.000000 244.001627 -1217959.694671 30.384341 125.044621 -21.175758 1384.015401 -7.782 -7.782 0.000000 3.295744 0.000 0 0.000
26801.00 1251.62 100.138999 0.0000000000000000 0.000000 244.001627 -1218263.551940 30.387115 125.051464 -21.184929 1384.019765 -7.791 -7.791 0.000000 3.295443 0.000 0 0.000
26701.00 1251.42 100.138999 0.0000000000000000 0.000000 244.001627 -1218567.437015 30.389903 125.058327 -21.194138 1384.025379 -7.800 -7.800 0.000000 3.295140 0.000 0 0.000
26601.00 1251.21 100.138999 0.0000000000000000 0.000000 244.001627 -1218871.350042 30.392705 125.065210 -21.203386 1384.032273 -7.809 -7.809 0.000000 3.294837 0.000 0 0.000
26501.00 1251.01 100.138999 0.0000000000000000 0.000000 244.001627 -1219175.291166 30.395522 125.072114 -21.212674 1384.040473 -7.818 -7.818 0.000000 3.294531 0.000 0 0.000
26401.00 1250.80 100.138999 0.0000000000000000 0.000000 244.001627 -1219479.260537 30.398355 125.079040 -21.222002 1384.050011 -7.827 -7.827 0.000000 3.294224 0.000 0 0.000
26301.00 1250.60 100.138999 0.0000000000000000 0.000000 244.001627 -1219783.258310 30.401202 125.085987 -21.231372 1384.060916 -7.836 -7.836 0.000000 3.293916 0.000 0 0.000
26201.00 1250.39 100.138999 0.0000000000000000 0.000000 244.001627 -1220087.284640 30.404066 125.092958 -21.240785 1384.073220 -7.845 -7.845 0.000000 3.293605 0.000 0 0.000
26101.00 1250.19 100.138999 0.0000000000000000 0.000000 244.001627 -1220391.339687 30.406946 125.099951 -21.250240 1384.086954 -7.854 -7.854 0.000000 3.293294 0.000 0 0.000
26001.00 1249.98 100.138999 0.0000000000000000 0.000000 244.001627 -1220695.423615 30.409842 125.106969 -21.259740 1384.102152 -7.863 -7.863 0.000000 3.292980 0.000 0 0.000
25901.00 1249.77 100.138999 0.0000000000000000 0.000000 244.001627 -1220999.536591 30.412756 125.114011 -21.269285 1384.118848 -7.873 -7.873 0.000000 3.292664 0.000 0 0.000
25801.00 1249.56 100.138999 0.0000000000000000 0.000000 244.001627 -1221303.678786 30.415686 125.121079 -21.278877 1384.137076 -7.882 -7.882 0.000000 3.292347 0.000 0 0.000
25701.00 1249.36 100.138999 0.0000000000000000 0.000000 244.001627 -1221607.850374 30.418634 125.128172 -21.288515 1384.156873 -7.892 -7.892 0.000000 3.292028 0.000 0 0.000
25601.00 1249.15 100.138999 0.0000000000000000 0.000000 244.001627 -1221912.051533 30.421601 125.135292 -21.298202 1384.178275 -7.901 -7.901 0.000000 3.291707 0.000 0 0.000
25501.00 1248.94 100.138999 0.0000000000000000 0.000000 244.001627 -1222216.282447 30.424585 125.142439 -21.307938 1384.201321 -7.911 -7.911 0.000000 3.291384 0.000 0 0.000
25401.00 1248.73 100.138999 0.0000000000000000 0.000000 244.001627 -1222520.543301 30.427589 125.149614 -21.317725 1384.226050 -7.921 -7.921 0.000000 3.291059 0.000 0 0.000
25301.00 1248.52 100.138999 0.0000000000000000 0.000000 244.001627 -1222824.834287 30.430612 125.156818 -21.327563 1384.252502 -7.930 -7.930 0.000000 3.290732 0.000 0 0.000
25201.00 1248.31 100.138999 0.0000000000000000 0.000000 244.001627 -1223129.155599 30.433654 125.164052 -21.337453 1384.280720 -7.940 -7.940 0.000000 3.290403 0.000 0 0.000
25101.00 1248.10 100.138999 0.0000000000000000 0.000000 244.001627 -1223433.507439 30.436717 125.171316 -21.347398 1384.310744 -7.950 -7.950 0.000000 3.290072 0.000 0 0.000
25001.00 1247.89 100.138999 0.0000000000000000 0.000000 244.001627 -1223737.890009 30.439801 125.178611 -21.357398 1384.342621 -7.960 -7.960 0.000000 3.289739 0.000 0 0.000
24901.00 1247.68 100.138999 0.0000000000000000 0.000000 244.001627 -1224042.303520 30.442905 125.185938 -21.367454 1384.376396 -7.970 -7.970 0.000000 3.289404 0.000 0 0.000
24801.00 1247.47 100.138999 0.0000000000000000 0.000000 244.001627 -1224346.748185 30.446032 125.193298 -21.377568 1384.412114 -7.980 -7.980 0.000000 3.289066 0.000 0 0.000
24701.00 1247.25 100.138999 0.0000000000000000 0.000000 244.001627 -1224651.224224 30.449180 125.200692 -21.387741 1384.449825 -7.991 -7.991 0.000000 3.288726 0.000 0 0.000
24601.00 1247.04 100.138999 0.0000000000000000 0.000000 244.001627 -1224955.731861 30.452351 125.208120 -21.397975 1384.489579 -8.001 -8.001 0.000000 3.288383 0.000 0 0.000
24501.00 1246.83 100.138999 0.0000000000000000 0.000000 244.001627 -1225260.271326 30.455546 125.215585 -21.408270 1384.531426 -8.011 -8.011 0.000000 3.288038 0.000 0 0.000
24401.00 1246.61 100.138999 0.0000000000000000 0.000000 244.001627 -1225564.842855 30.458764 125.223086 -21.418629 1384.575420 -8.022 -8.022 0.000000 3.287691 0.000 0 0.000
24301.00 1246.40 100.138999 0.0000000000000000 0.000000 244.001627 -1225869.446688 30.462007 125.230624 -21.429053 1384.621615 -8.033 -8.033 0.000000 3.287341 0.000 0 0.000
24201.00 1246.19 100.138999 0.0000000000000000 0.000000 244.001627 -1226174.083073 30.465274 125.238202 -21.439543 1384.670068 -8.043 -8.043 0.000000 3.286988 0.000 0 0.000
24101.00 1245.97 100.138999 0.0000000000000000 0.000000 244.001627 -1226478.752262 30.468568 125.245819 -21.450101 1384.720837 -8.054 -8.054 0.000000 3.286633 0.000 0 0.000
24001.00 1245.75 100.138999 0.0000000000000000 0.000000 244.001627 -1226783.454516 30.471887 125.253478 -21.460729 1384.773981 -8.065 -8.065 0.000000 3.286275 0.000 0 0.000
23901.00 1245.54 100.138999 0.0000000000000000 0.000000 244.001627 -1227088.190100 30.475234 125.261178 -21.471429 1384.829564 -8.076 -8.076 0.000000 3.285914 0.000 0 0.000
23801.00 1245.32 100.138999 0.0000000000000000 0.000000 244.001627 -1227392.959286 30.478608 125.268923 -21.482202 1384.887649 -8.087 -8.087 0.000000 3.285550 0.000 0 0.000
23701.00 1245.10 100.138999 0.0000000000000000 0.000000 244.001627 -1227697.762355 30.482010 125.276711 -21.493050 1384.948303 -8.099 -8.099 0.000000 3.285184 0.000 0 0.000
23601.00 1244.89 100.138999 0.0000000000000000 0.000000 244.001627 -1228002.599593 30.485442 125.284546 -21.503975 1385.011593 -8.110 -8.110 0.000000 3.284814 0.000 0 0.000
23501.00 1244.67 100.138999 0.0000000000000000 0.000000 244.001627 -1228307.471294 30.488903 125.292428 -21.514979 1385.077591 -8.121 -8.121 0.000000 3.284441 0.000 0 0.000
23401.00 1244.45 100.138999 0.0000000000000000 0.000000 244.001627 -1228612.377760 30.492395 125.300358 -21.526063 1385.146369 -8.133 -8.133 0.000000 3.284065 0.000 0 0.000
23301.00 1244.23 100.138999 0.0000000000000000 0.000000 244.001627 -1228917.319300 30.495918 125.308339 -21.537231 1385.218005 -8.145 -8.145 0.000000 3.283685 0.000 0 0.000
23201.00 1244.01 100.138999 0.0000000000000000 0.000000 244.001627 -1229222.296233 30.499474 125.316371 -21.548485 1385.292575 -8.156 -8.156 0.000000 3.283303 0.000 0 0.000
23101.00 1243.79 100.138999 0.0000000000000000 0.000000 244.001627 -1229527.308884 30.503062 125.324456 -21.559826 1385.370161 -8.168 -8.168 0.000000 3.282916 0.000 0 0.000
23001.00 1243.56 100.138999 0.0000000000000000 0.000000 244.001627 -1229832.357589 30.506685 125.332596 -21.571256 1385.450848 -8.181 -8.181 0.000000 3.282526 0.000 0 0.000
22901.00 1243.34 100.138999 0.0000000000000000 0.000000 244.001627 -1230137.442691 30.510342 125.340792 -21.582779 1385.534722 -8.193 -8.193 0.000000 3.282133 0.000 0 0.000
22801.00 1243.12 100.138999 0.0000000000000000 0.000000 244.001627 -1230442.564545 30.514035 125.349047 -21.594397 1385.621873 -8.205 -8.205 0.000000 3.281736 0.000 0 0.000
22701.00 1242.89 100.138999 0.0000000000000000 0.000000 244.001627 -1230747.723514 30.517765 125.357361 -21.606112 1385.712396 -8.218 -8.218 0.000000 3.281335 0.000 0 0.000
22601.00 1242.67 100.138999 0.0000000000000000 0.000000 244.001627 -1231052.919970 30.521533 125.365737 -21.617927 1385.806387 -8.230 -8.230 0.000000 3.280930 0.000 0 0.000
22501.00 1242.44 100.138999 0.0000000000000000 0.000000 244.001627 -1231358.154298 30.525339 125.374176 -21.629845 1385.903948 -8.243 -8.243 0.000000 3.280520 0.000 0 0.000
22401.00 1242.22 100.138999 0.0000000000000000 0.000000 244.001627 -1231663.426893 30.529186 125.382681 -21.641868 1386.005182 -8.256 -8.256 0.000000 3.280107 0.000 0 0.000
22301.00 1241.99 100.138999 0.0000000000000000 0.000000 244.001627 -1231968.738160 30.533074 125.391253 -21.654000 1386.110199 -8.269 -8.269 0.000000 3.279689 0.000 0 0.000
22201.00 1241.76 100.138999 0.0000000000000000 0.000000 244.001627 -1232274.088517 30.537004 125.399895 -21.666244 1386.219112 -8.282 -8.282 0.000000 3.279267 0.000 0 0.000
22101.00 1241.53 100.138999 0.0000000000000000 0.000000 244.001627 -1232579.478395 30.540978 125.408609 -21.678604 1386.332037 -8.295 -8.295 0.000000 3.278841 0.000 0 0.000
22001.00 1241.30 100.138999 0.0000000000000000 0.000000 244.001627 -1232884.908235 30.544997 125.417398 -21.691081 1386.449097 -8.309 -8.309 0.000000 3.278409 0.000 0 0.000
21901.00 1241.07 100.138999 0.0000000000000000 0.000000 244.001627 -1233190.378494 30.549062 125.426263 -21.703681 1386.570420 -8.323 -8.323 0.000000 3.277973 0.000 0 0.000
21801.00 1240.84 100.138999 0.0000000000000000 0.000000 244.001627 -1233495.889642 30.553175 125.435207 -21.716406 1386.696136 -8.336 -8.336 0.000000 3.277532 0.000 0 0.000
21701.00 1240.61 100.138999 0.0000000000000000 0.000000 244.001627 -1233801.442162 30.557337 125.444234 -21.729260 1386.826384 -8.350 -8.350 0.000000 3.277085 0.000 0 0.000
21601.00 1240.38 100.138999 0.0000000000000000 0.000000 244.001627 -1234107.036553 30.561550 125.453345 -21.742248 1386.961308 -8.365 -8.365 0.000000 3.276634 0.000 0 0.000
21501.00 1240.14 100.138999 0.0000000000000000 0.000000 244.001627 -1234412.673329 30.565814 125.462543 -21.755374 1387.101056 -8.379 -8.379 0.000000 3.276176 0.000 0 0.000
21401.00 1239.91 100.138999 0.0000000000000000 0.000000 244.001627 -1234718.353020 30.570133 125.471832 -21.768641 1387.245785 -8.394 -8.394 0.000000 3.275714 0.000 0 0.000
21301.00 1239.67 100.138999 0.0000000000000000 0.000000 244.001627 -1235024.076175 30.574507 125.481214 -21.782055 1387.395657 -8.408 -8.408 0.000000 3.275245 0.000 0 0.000
21201.00 1239.43 100.138999 0.0000000000000000 0.000000 244.001627 -1235329.843358 30.578939 125.490694 -21.795619 1387.550841 -8.423 -8.423 0.000000 3.274770 0.000 0 0.000
21101.00 1239.19 100.138999 0.0000000000000000 0.000000 244.001627 -1235635.655151 30.583430 125.500273 -21.809340 1387.711515 -8.439 -8.439 0.000000 3.274289 0.000 0 0.000
21001.00 1238.95 100.138999 0.0000000000000000 0.000000 244.001627 -1235941.512159 30.587982 125.509956 -21.823221 1387.877864 -8.454 -8.454 0.000000 3.273802 0.000 0 0.000
20901.00 1238.71 100.138999 0.0000000000000000 0.000000 244.001627 -1236247.415002 30.592597 125.519747 -21.837269 1388.050080 -8.469 -8.469 0.000000 3.273308 0.000 0 0.000
20801.00 1238.47 100.138999 0.0000000000000000 0.000000 244.001627 -1236553.364326 30.597278 125.529649 -21.851488 1388.228367 -8.485 -8.485 0.000000 3.272807 0.000 0 0.000
20701.00 1238.23 100.138999 0.0000000000000000 0.000000 244.001627 -1236859.360794 30.602027 125.539666 -21.865886 1388.412934 -8.501 -8.501 0.000000 3.272300 0.000 0 0.000
20601.00 1237.98 100.138999 0.0000000000000000 0.000000 244.001627 -1237165.405096 30.606845 125.549803 -21.880467 1388.604004 -8.517 -8.517 0.000000 3.271784 0.000 0 0.000
20501.00 1237.73 100.138999 0.0000000000000000 0.000000 244.001627 -1237471.497943 30.611736 125.560065 -21.895238 1388.801807 -8.534 -8.534 0.000000 3.271262 0.000 0 0.000
20401.00 1237.49 100.138999 0.0000000000000000 0.000000 244.001627 -1237777.640074 30.616703 125.570455 -21.910207 1389.006585 -8.551 -8.551 0.000000 3.270731 0.000 0 0.000
20301.00 1237.24 100.138999 0.0000000000000000 0.000000 244.001627 -1238083.832253 30.621746 125.580979 -21.925379 1389.218593 -8.568 -8.568 0.000000 3.270192 0.000 0 0.000
20201.00 1236.99 100.138999 0.0000000000000000 0.000000 244.001627 -1238390.075270 30.626871 125.591641 -21.940763 1389.438096 -8.585 -8.585 0.000000 3.269645 0.000 0 0.000
20101.00 1236.73 100.138999 0.0000000000000000 0.000000 244.001627 -1238696.369946 30.632079 125.602448 -21.956366 1389.665372 -8.602 -8.602 0.000000 3.269089 0.000 0 0.000
20001.00 1236.48 100.138999 0.0000000000000000 0.000000 244.001627 -1239002.717132 30.637373 125.613405 -21.972196 1389.900715 -8.620 -8.620 0.000000 3.268524 0.000 0 0.000
19901.00 1236.22 100.138999 0.0000000000000000 0.000000 244.001627 -1239309.117711 30.642758 125.624518 -21.988262 1390.144431 -8.638 -8.638 0.000000 3.267950 0.000 0 0.000
19801.00 1235.97 100.138999 0.0000000000000000 0.000000 244.001627 -1239615.572599 30.648236 125.635793 -22.004572 1390.396842 -8.657 -8.657 0.000000 3.267366 0.000 0 0.000
19701.00 1235.71 100.138999 0.0000000000000000 0.000000 244.001627 -1239922.082747 30.653810 125.647236 -22.021136 1390.658286 -8.675 -8.675 0.000000 3.266772 0.000 0 0.000
19601.00 1235.45 100.138999 0.0000000000000000 0.000000 244.001627 -1240228.649144 30.659486 125.658856 -22.037964 1390.929118 -8.694 -8.694 0.000000 3.266167 0.000 0 0.000
19501.00 1235.18 100.138999 0.0000000000000000 0.000000 244.001627 -1240535.272816 30.665266 125.670658 -22.055067 1391.209710 -8.713 -8.713 0.000000 3.265551 0.000 0 0.000
19401.00 1234.92 100.138999 0.0000000000000000 0.000000 244.001627 -1240841.954832 30.671155 125.682650 -22.072454 1391.500456 -8.733 -8.733 0.000000 3.264924 0.000 0 0.000
19301.00 1234.65 100.138999 0.0000000000000000 0.000000 244.001627 -1241148.696302 30.677158 125.694842 -22.090138 1391.801766 -8.753 -8.753 0.000000 3.264285 0.000 0 0.000
19201.00 1234.38 100.138999 0.0000000000000000 0.000000 244.001627 -1241455.498383 30.683278 125.707240 -22.108131 1392.114076 -8.773 -8.773 0.000000 3.263634 0.000 0 0.000
19101.00 1234.11 100.138999 0.0000000000000000 0.000000 244.001627 -1241762.362277 30.689522 125.719854 -22.126445 1392.437840 -8.794 -8.794 0.000000 3.262970 0.000 0 0.000
19001.00 1233.84 100.138999 0.0000000000000000 0.000000 244.001627 -1242069.289239 30.695893 125.732694 -22.145094 1392.773540 -8.815 -8.815 0.000000 3.262293 0.000 0 0.000
18901.00 1233.56 100.138999 0.0000000000000000 0.000000 244.001627 -1242376.280576 30.702397 125.745768 -22.164092 1393.121680 -8.836 -8.836 0.000000 3.261602 0.000 0 0.000
18801.00 1233.28 100.138999 0.0000000000000000 0.000000 244.001627 -1242683.337648 30.709041 125.759089 -22.183454 1393.482792 -8.858 -8.858 0.000000 3.260896 0.000 0 0.000
18701.00 1233.00 100.138999 0.0000000000000000 0.000000 244.001627 -1242990.461876 30.715830 125.772666 -22.203195 1393.857436 -8.880 -8.880 0.000000 3.260176 0.000 0 0.000
18601.00 1232.71 100.138999 0.0000000000000000 0.000000 244.001627 -1243297.654743 30.722770 125.786512 -22.223332 1394.246204 -8.903 -8.903 0.000000 3.259439 0.000 0 0.000
18501.00 1232.43 100.138999 0.0000000000000000 0.000000 244.001627 -1243604.917796 30.729868 125.800638 -22.243882 1394.649716 -8.926 -8.926 0.000000 3.258686 0.000 0 0.000
18401.00 1232.14 100.138999 0.0000000000000000 0.000000 244.001627 -1243912.252650 30.737131 125.815057 -22.264864 1395.068628 -8.949 -8.949 0.000000 3.257916 0.000 0 0.000
18301.00 1231.84 100.138999 0.0000000000000000 0.000000 244.001627 -1244219.660995 30.744567 125.829784 -22.286298 1395.503631 -8.973 -8.973 0.000000 3.257128 0.000 0 0.000
18201.00 1231.55 100.138999 0.0000000000000000 0.000000 244.001627 -1244527.144594 30.752183 125.844832 -22.308203 1395.955452 -8.997 -8.997 0.000000 3.256322 0.000 0 0.000
18101.00 1231.25 100.138999 0.0000000000000000 0.000000 244.001627 -1244834.705293 30.759988 125.860216 -22.330601 1396.424858 -9.022 -9.022 0.000000 3.255495 0.000 0 0.000
18001.00 1230.97 100.138999 0.0000000000000000 0.000000 244.001627 -1245142.343562 30.766665 125.873643 -22.349861 1396.786778 -9.043 -9.043 0.000000 3.254789 0.000 0 0.000
17901.00 1230.80 100.138999 0.0000000000000000 0.000000 244.001627 -1245450.020566 30.768736 125.879044 -22.356408 1396.711132 -9.049 -9.049 0.000000 3.254570 0.000 0 0.000
17801.00 1230.62 100.138999 0.0000000000000000 0.000000 244.001627 -1245757.718281 30.770807 125.884442 -22.362956 1396.635489 -9.054 -9.054 0.000000 3.254351 0.000 0 0.000
17701.00 1230.45 100.138999 0.0000000000000000 0.000000 244.001627 -1246065.436716 30.772880 125.889840 -22.369504 1396.559850 -9.060 -9.060 0.000000 3.254132 0.000 0 0.000
17601.00 1230.28 100.138999 0.0000000000000000 0.000000 244.001627 -1246373.175881 30.774953 125.895235 -22.376053 1396.484213 -9.065 -9.065 0.000000 3.253912 0.000 0 0.000
17501.00 1230.10 100.138999 0.0000000000000000 0.000000 244.001627 -1246680.935787 30.777028 125.900629 -22.382602 1396.408578 -9.071 -9.071 0.000000 3.253693 0.000 0 0.000
17401.00 1229.93 100.138999 0.0000000000000000 0.000000 244.001627 -1246988.716445 30.779104 125.906020 -22.389152 1396.332947 -9.076 -9.076 0.000000 3.253474 0.000 0 0.000
17301.00 1229.76 100.138999 0.0000000000000000 0.000000 244.001627 -1247296.517864 30.781180 125.911411 -22.395703 1396.257317 -9.082 -9.082 0.000000 3.253254 0.000 0 0.000
17201.00 1229.58 100.138999 0.0000000000000000 0.000000 244.001627 -1247604.340054 30.783258 125.916799 -22.402254 1396.181690 -9.087 -9.087 0.000000 3.253034 0.000 0 0.000
17101.00 1229.41 100.138999 0.0000000000000000 0.000000 244.001627 -1247912.183026 30.785337 125.922185 -22.408806 1396.106065 -9.093 -9.093 0.000000 3.252815 0.000 0 0.000
17001.00 1229.23 100.138999 0.0000000000000000 0.000000 244.001627 -1248220.046790 30.787416 125.927570 -22.415358 1396.030443 -9.098 -9.098 0.000000 3.252595 0.000 0 0.000
16901.00 1229.06 100.138999 0.0000000000000000 0.000000 244.001627 -1248527.931357 30.789497 125.932953 -22.421911 1395.954822 -9.104 -9.104 0.000000 3.252375 0.000 0 0.000
16801.00 1228.89 100.138999 0.0000000000000000 0.000000 244.001627 -1248835.836736 30.791579 125.938335 -22.428464 1395.879202 -9.109 -9.109 0.000000 3.252155 0.000 0 0.000
16701.00 1228.71 100.138999 0.0000000000000000 0.000000 244.001627 -1249143.762938 30.793662 125.943714 -22.435018 1395.803585 -9.115 -9.115 0.000000 3.251935 0.000 0 0.000
16601.00 1228.54 100.138999 0.0000000000000000 0.000000 244.001627 -1249451.709973 30.795746 125.949092 -22.441573 1395.727968 -9.120 -9.120 0.000000 3.251715 0.000 0 0.000
16501.00 1228.36 100.138999 0.0000000000000000 0.000000 244.001627 -1249759.677852 30.797830 125.954468 -22.448128 1395.652353 -9.126 -9.126 0.000000 3.251495 0.000 0 0.000
16401.00 1228.19 100.138999 0.0000000000000000 0.000000 244.001627 -1250067.666586 30.799916 125.959842 -22.454684 1395.576739 -9.131 -9.131 0.000000 3.251275 0.000 0 0.000
16301.00 1228.02 100.138999 0.0000000000000000 0.000000 244.001627 -1250375.676183 30.802003 125.965214 -22.461240 1395.501126 -9.137 -9.137 0.000000 3.251055 0.000 0 0.000
16201.00 1227.84 100.138999 0.0000000000000000 0.000000 244.001627 -1250683.706656 30.804091 125.970585 -22.467797 1395.425514 -9.143 -9.143 0.000000 3.250834 0.000 0 0.000
16101.00 1227.67 100.138999 0.0000000000000000 0.000000 244.001627 -1250991.758013 30.806180 125.975954 -22.474354 1395.349903 -9.148 -9.148 0.000000 3.250614 0.000 0 0.000
16001.00 1227.50 100.138999 0.0000000000000000 0.000000 244.001627 -1251299.830267 30.808270 125.981321 -22.480912 1395.274292 -9.154 -9.154 0.000000 3.250393 0.000 0 0.000
15901.00 1227.32 100.138999 0.0000000000000000 0.000000 244.001627 -1251607.923427 30.810362 125.986686 -22.487471 1395.198681 -9.159 -9.159 0.000000 3.250173 0.000 0 0.000
15801.00 1227.15 100.138999 0.0000000000000000 0.000000 244.001627 -1251916.037503 30.812454 125.992050 -22.494030 1395.123070 -9.165 -9.165 0.000000 3.249952 0.000 0 0.000
15701.00 1226.97 100.138999 0.0000000000000000 0.000000 244.001627 -1252224.172506 30.814547 125.997412 -22.500590 1395.047460 -9.170 -9.170 0.000000 3.249731 0.000 0 0.000
15601.00 1226.80 100.138999 0.0000000000000000 0.000000 244.001627 -1252532.328448 30.816641 126.002772 -22.507150 1394.971849 -9.176 -9.176 0.000000 3.249510 0.000 0 0.000
15501.00 1226.63 100.138999 0.0000000000000000 0.000000 244.001627 -1252840.505337 30.818737 126.008130 -22.513711 1394.896238 -9.181 -9.181 0.000000 3.249290 0.000 0 0.000
15401.00 1226.45 100.138999 0.0000000000000000 0.000000 244.001627 -1253148.703185 30.820833 126.013487 -22.520272 1394.820627 -9.187 -9.187 0.000000 3.249069 0.000 0 0.000
15301.00 1226.28 100.138999 0.0000000000000000 0.000000 244.001627 -1253456.922003 30.822931 126.018841 -22.526834 1394.745015 -9.192 -9.192 0.000000 3.248847 0.000 0 0.000
15201.00 1226.11 100.138999 0.0000000000000000 0.000000 244.001627 -1253765.161800 30.825029 126.024194 -22.533397 1394.669402 -9.198 -9.198 0.000000 3.248626 0.000 0 0.000
15101.00 1225.93 100.138999 0.0000000000000000 0.000000 244.001627 -1254073.422588 30.827129 126.029546 -22.539960 1394.593788 -9.204 -9.204 0.000000 3.248405 0.000 0 0.000
15001.00 1225.76 100.138999 0.0000000000000000 0.000000 244.001627 -1254381.704377 30.829229 126.034895 -22.546524 1394.518174 -9.209 -9.209 0.000000 3.248184 0.000 0 0.000
14901.00 1225.59 100.138999 0.0000000000000000 0.000000 244.001627 -1254690.007178 30.831331 126.040243 -22.553088 1394.442558 -9.215 -9.215 0.000000 3.247962 0.000 0 0.000
14801.00 1225.41 100.138999 0.0000000000000000 0.000000 244.001627 -1254998.331001 30.833434 126.045589 -22.559653 1394.366940 -9.220 -9.220 0.000000 3.247741 0.000 0 0.000
14701.00 1225.24 100.138999 0.0000000000000000 0.000000 244.001627 -1255306.675858 30.835538 126.050933 -22.566219 1394.291321 -9.226 -9.226 0.000000 3.247519 0.000 0 0.000
14601.00 1225.06 100.138999 0.0000000000000000 0.000000 244.001627 -1255615.041758 30.837643 126.056275 -22.572785 1394.215700 -9.231 -9.231 0.000000 3.247297 0.000 0 0.000
14501.00 1224.89 100.138999 0.0000000000000000 0.000000 244.001627 -1255923.428713 30.839749 126.061616 -22.579352 1394.140077 -9.237 -9.237 0.000000 3.247076 0.000 0 0.000
14401.00 1224.72 100.138999 0.0000000000000000 0.000000 244.001627 -1256231.836733 30.841856 126.066955 -22.585919 1394.064452 -9.242 -9.242 0.000000 3.246854 0.000 0 0.000
14301.00 1224.54 100.138999 0.0000000000000000 0.000000 244.001627 -1256540.265829 30.843964 126.072292 -22.592487 1393.988825 -9.248 -9.248 0.000000 3.246632 0.000 0 0.000
14201.00 1224.37 100.138999 0.0000000000000000 0.000000 244.001627 -1256848.716012 30.846073 126.077627 -22.599056 1393.913195 -9.254 -9.254 0.000000 3.246410 0.000 0 0.000
14101.00 1224.20 100.138999 0.0000000000000000 0.000000 244.001627 -1257157.187293 30.848183 126.082960 -22.605625 1393.837563 -9.259 -9.259 0.000000 3.246188 0.000 0 0.000
14001.00 1224.02 100.138999 0.0000000000000000 0.000000 244.001627 -1257465.679682 30.850295 126.088292 -22.612195 1393.761928 -9.265 -9.265 0.000000 3.245966 0.000 0 0.000
13901.00 1223.85 100.138999 0.0000000000000000 0.000000 244.001627 -1257774.193191 30.852407 126.093622 -22.618765 1393.686290 -9.270 -9.270 0.000000 3.245743 0.000 0 0.000
13801.00 1223.67 100.138999 0.0000000000000000 0.000000 244.001627 -1258082.727829 30.854521 126.098950 -22.625336 1393.610648 -9.276 -9.276 0.000000 3.245521 0.000 0 0.000
13701.00 1223.50 100.138999 0.0000000000000000 0.000000 244.001627 -1258391.283609 30.856635 126.104276 -22.631907 1393.535004 -9.281 -9.281 0.000000 3.245299 0.000 0 0.000
13601.00 1223.33 100.138999 0.0000000000000000 0.000000 244.001627 -1258699.860540 30.858751 126.109601 -22.638479 1393.459356 -9.287 -9.287 0.000000 3.245076 0.000 0 0.000
13501.00 1223.15 100.138999 0.0000000000000000 0.000000 244.001627 -1259008.458635 30.860868 126.114924 -22.645052 1393.383704 -9.293 -9.293 0.000000 3.244854 0.000 0 0.000
13401.00 1222.98 100.138999 0.0000000000000000 0.000000 244.001627 -1259317.077903 30.862986 126.120245 -22.651625 1393.308048 -9.298 -9.298 0.000000 3.244631 0.000 0 0.000
13301.00 1222.81 100.138999 0.0000000000000000 0.000000 244.001627 -1259625.718356 30.865105 126.125564 -22.658199 1393.232389 -9.304 -9.304 0.000000 3.244408 0.000 0 0.000
13201.00 1222.63 100.138999 0.0000000000000000 0.000000 244.001627 -1259934.380005 30.867225 126.130882 -22.664774 1393.156725 -9.309 -9.309 0.000000 3.244185 0.000 0 0.000
13101.00 1222.46 100.138999 0.0000000000000000 0.000000 244.001627 -1260243.062861 30.869346 126.136197 -22.671349 1393.081056 -9.315 -9.315 0.000000 3.243962 0.000 0 0.000
13001.00 1222.29 100.138999 0.0000000000000000 0.000000 244.001627 -1260551.766934 30.871469 126.141511 -22.677925 1393.005383 -9.321 -9.321 0.000000 3.243739 0.000 0 0.000
12901.00 1222.11 100.138999 0.0000000000000000 0.000000 244.001627 -1260860.492236 30.873592 126.146823 -22.684501 1392.929706 -9.326 -9.326 0.000000 3.243516 0.000 0 0.000
12801.00 1221.94 100.138999 0.0000000000000000 0.000000 244.001627 -1261169.238778 30.875717 126.152134 -22.691078 1392.854023 -9.332 -9.332 0.000000 3.243293 0.000 0 0.000
12701.00 1221.76 100.138999 0.0000000000000000 0.000000 244.001627 -1261478.006572 30.877842 126.157442 -22.697655 1392.778335 -9.337 -9.337 0.000000 3.243070 0.000 0 0.000
12601.00 1221.59 100.138999 0.0000000000000000 0.000000 244.001627 -1261786.795627 30.879969 126.162749 -22.704234 1392.702642 -9.343 -9.343 0.000000 3.242846 0.000 0 0.000
12501.00 1221.42 100.138999 0.0000000000000000 0.000000 244.001627 -1262095.605955 30.882097 126.168054 -22.710812 1392.626943 -9.349 -9.349 0.000000 3.242623 0.000 0 0.000
12401.00 1221.24 100.138999 0.0000000000000000 0.000000 244.001627 -1262404.437568 30.884226 126.173357 -22.717392 1392.551239 -9.354 -9.354 0.000000 3.242400 0.000 0 0.000
12301.00 1221.07 100.138999 0.0000000000000000 0.000000 244.001627 -1262713.290476 30.886356 126.178659 -22.723972 1392.475528 -9.360 -9.360 0.000000 3.242176 0.000 0 0.000
12201.00 1220.90 100.138999 0.0000000000000000 0.000000 244.001627 -1263022.164692 30.888487 126.183959 -22.730552 1392.399812 -9.365 -9.365 0.000000 3.241952 0.000 0 0.000
12101.00 1220.72 100.138999 0.0000000000000000 0.000000 244.001627 -1263331.060225 30.890620 126.189256 -22.737134 1392.324089 -9.371 -9.371 0.000000 3.241728 0.000 0 0.000
12001.00 1220.55 100.138999 0.0000000000000000 0.000000 244.001627 -1263639.977087 30.892753 126.194553 -22.743715 1392.248359 -9.377 -9.377 0.000000 3.241505 0.000 0 0.000
11901.00 1220.38 100.138999 0.0000000000000000 0.000000 244.001627 -1263948.915291 30.894888 126.199847 -22.750298 1392.172623 -9.382 -9.382 0.000000 3.241281 0.000 0 0.000
11801.00 1220.20 100.138999 0.0000000000000000 0.000000 244.001627 -1264257.874845 30.897023 126.205139 -22.756881 1392.096880 -9.388 -9.388 0.000000 3.241057 0.000 0 0.000
11701.00 1220.03 100.138999 0.0000000000000000 0.000000 244.001627 -1264566.855763 30.899160 126.210430 -22.763465 1392.021130 -9.393 -9.393 0.000000 3.240832 0.000 0 0.000
11601.00 1219.86 100.138999 0.0000000000000000 0.000000 244.001627 -1264875.858056 30.901298 126.215719 -22.770049 1391.945372 -9.399 -9.399 0.000000 3.240608 0.000 0 0.000
11501.00 1219.68 100.138999 0.0000000000000000 0.000000 244.001627 -1265184.881734 30.903438 126.221006 -22.776634 1391.869607 -9.405 -9.405 0.000000 3.240384 0.000 0 0.000
11401.00 1219.51 100.138999 0.0000000000000000 0.000000 244.001627 -1265493.926810 30.905578 126.226291 -22.783220 1391.793834 -9.410 -9.410 0.000000 3.240159 0.000 0 0.000
11301.00 1219.33 100.138999 0.0000000000000000 0.000000 244.001627 -1265802.993294 30.907719 126.231575 -22.789806 1391.718053 -9.416 -9.416 0.000000 3.239935 0.000 0 0.000
11201.00 1219.16 100.138999 0.0000000000000000 0.000000 244.001627 -1266112.081199 30.909862 126.236857 -22.796393 1391.642264 -9.422 -9.422 0.000000 3.239710 0.000 0 0.000
11101.00 1218.99 100.138999 0.0000000000000000 0.000000 244.001627 -1266421.190534 30.912006 126.242137 -22.802980 1391.566467 -9.427 -9.427 0.000000 3.239486 0.000 0 0.000
11001.00 1218.81 100.138999 0.0000000000000000 0.000000 244.001627 -1266730.321313 30.914150 126.247415 -22.809568 1391.490661 -9.433 -9.433 0.000000 3.239261 0.000 0 0.000
10901.00 1218.64 100.138999 0.0000000000000000 0.000000 244.001627 -1267039.473547 30.916296 126.252691 -22.816157 1391.414846 -9.438 -9.438 0.000000 3.239036 0.000 0 0.000
10801.00 1218.47 100.138999 0.0000000000000000 0.000000 244.001627 -1267348.647246 30.918444 126.257966 -22.822746 1391.339022 -9.444 -9.444 0.000000 3.238811 0.000 0 0.000
10701.00 1218.29 100.138999 0.0000000000000000 0.000000 244.001627 -1267657.842424 30.920592 126.263239 -22.829336 1391.263189 -9.450 -9.450 0.000000 3.238586 0.000 0 0.000
10601.00 1218.12 100.138999 0.0000000000000000 0.000000 244.001627 -1267967.059090 30.922741 126.268510 -22.835927 1391.187347 -9.455 -9.455 0.000000 3.238361 0.000 0 0.000
10501.00 1217.95 100.138999 0.0000000000000000 0.000000 244.001627 -1268276.297258 30.924892 126.273779 -22.842518 1391.111495 -9.461 -9.461 0.000000 3.238136 0.000 0 0.000
10401.00 1217.77 100.138999 0.0000000000000000 0.000000 244.001627 -1268585.556937 30.927044 126.279046 -22.849110 1391.035633 -9.467 -9.467 0.000000 3.237910 0.000 0 0.000
10301.00 1217.60 100.138999 0.0000000000000000 0.000000 244.001627 -1268894.838141 30.929197 126.284312 -22.855703 1390.959760 -9.472 -9.472 0.000000 3.237685 0.000 0 0.000
10201.00 1217.42 100.138999 0.0000000000000000 0.000000 244.001627 -1269204.140881 30.931351 126.289576 -22.862296 1390.883878 -9.478 -9.478 0.000000 3.237460 0.000 0 0.000
10101.00 1217.18 100.138999 0.0001871436839390 0.000230 244.001627 -1269513.468136 30.934844 126.299221 -22.898278 1391.073796 -12.793 -12.793 2.628957 3.237234 2.895 0 0.000
10001.00 1216.86 100.138999 0.0006129570439438 0.000755 244.001627 -1269822.842543 30.940047 126.314442 -22.972021 1391.601641 -12.754 -12.754 2.628193 3.237009 2.908 0 0.000
9901.00 1216.53 100.138999 0.0010456419912423 0.001288 244.001627 -1270132.269265 30.945307 126.329801 -23.047239 1392.137592 -12.716 -12.716 2.627443 3.236784 2.921 0 0.000
9801.00 1216.20 100.138999 0.0014854889664983 0.001830 244.001627 -1270441.748879 30.950626 126.345307 -23.123987 1392.681838 -12.677 -12.677 2.626706 3.236559 2.934 0 0.000
9701.00 1215.86 100.138999 0.0019328044781292 0.002381 244.001627 -1270751.281982 30.956005 126.360967 -23.202323 1393.234578 -12.639 -12.639 2.625982 3.236334 2.947 0 0.000
9601.00 1215.53 100.138999 0.0023879122031681 0.002942 244.001627 -1271060.869192 30.961448 126.376789 -23.282308 1393.796025 -12.599 -12.599 2.625273 3.236110 2.960 0 0.000
9501.00 1215.20 100.138999 0.0028511541359021 0.003513 244.001627 -1271370.511151 30.966955 126.392781 -23.364006 1394.366406 -12.560 -12.560 2.624577 3.235885 2.973 0 0.000
9401.00 1214.86 100.138999 0.0033228918441408 0.004094 244.001627 -1271680.208526 30.972531 126.408952 -23.447484 1394.945966 -12.520 -12.520 2.623897 3.235660 2.986 0 0.000
9301.00 1214.52 100.138999 0.0038035077984195 0.004687 244.001627 -1271989.962008 30.978177 126.425312 -23.532813 1395.534963 -12.480 -12.480 2.623232 3.235435 2.999 0 0.000
9201.00 1214.38 100.138999 0.0035301714761917 0.004350 244.001627 -1272299.774882 30.986337 126.420515 -23.537350 1395.256445 -12.427 -12.427 2.622758 3.234375 3.009 0 0.000
9101.00 1214.95 100.138999 0.0004682633826651 0.000577 244.001627 -1272609.722678 31.003033 126.337959 -23.236495 1391.759227 -12.325 -12.325 2.622964 3.230324 3.011 0 0.000
9001.00 1214.85 100.138999 0.0000000000000000 0.000000 244.001627 -1272919.806748 31.012786 126.327453 -23.222663 1391.267030 -9.455 -9.455 0.000000 3.228958 3.012 0 0.000
8901.00 1214.62 100.138999 0.0000000000000000 0.000000 244.001627 -1273229.977328 31.021322 126.329949 -23.260952 1391.313410 -9.450 -9.450 0.000000 3.228070 3.012 0 0.000
8801.00 1214.39 100.138999 0.0000000000000000 0.000000 244.001627 -1273540.233048 31.029815 126.332494 -23.298890 1391.352958 -9.445 -9.445 0.000000 3.227186 3.012 0 0.000
8701.00 1214.16 100.138999 0.0000000000000000 0.000000 244.001627 -1273850.573499 31.038269 126.335085 -23.336501 1391.385701 -9.440 -9.440 0.000000 3.226307 3.012 0 0.000
8601.00 1213.93 100.138999 0.0000000000000000 0.000000 244.001627 -1274160.998323 31.046690 126.337721 -23.373805 1391.411655 -9.436 -9.436 0.000000 3.225432 3.012 0 0.000
8501.00 1213.70 100.138999 0.0000000000000000 0.000000 244.001627 -1274471.507211 31.055083 126.340400 -23.410826 1391.430828 -9.431 -9.431 0.000000 3.224561 3.012 0 0.000
8401.00 1213.47 100.138999 0.0000000000000000 0.000000 244.001627 -1274782.099900 31.063452 126.343120 -23.447586 1391.443216 -9.426 -9.426 0.000000 3.223692 3.012 0 0.000
8301.00 1213.25 100.138999 0.0000000000000000 0.000000 244.001627 -1275092.776180 31.071802 126.345879 -23.484108 1391.448806 -9.421 -9.421 0.000000 3.222826 3.012 0 0.000
8201.00 1213.02 100.138999 0.0000000000000000 0.000000 244.001627 -1275403.535892 31.080139 126.348675 -23.520414 1391.447575 -9.417 -9.417 0.000000 3.221961 3.012 0 0.000
8101.00 1212.79 100.138999 0.0000000000000000 0.000000 244.001627 -1275714.378928 31.088468 126.351507 -23.556528 1391.439489 -9.412 -9.412 0.000000 3.221098 3.012 0 0.000
8001.00 1212.56 100.138999 0.0000000000000000 0.000000 244.001627 -1276025.305234 31.096794 126.354372 -23.592474 1391.424502 -9.407 -9.407 0.000000 3.220236 3.012 0 0.000
7901.00 1212.34 100.138999 0.0000000000000000 0.000000 244.001627 -1276336.314811 31.105123 126.357269 -23.628274 1391.402558 -9.402 -9.402 0.000000 3.219373 3.012 0 0.000
7801.00 1212.11 100.138999 0.0000000000000000 0.000000 244.001627 -1276647.407714 31.113460 126.360197 -23.663953 1391.373590 -9.398 -9.398 0.000000 3.218511 3.012 0 0.000
7701.00 1211.88 100.138999 0.0000000000000000 0.000000 244.001627 -1276958.584057 31.121812 126.363154 -23.699536 1391.337518 -9.393 -9.393 0.000000 3.217647 3.012 0 0.000
7601.00 1211.66 100.138999 0.0000000000000000 0.000000 244.001627 -1277269.844012 31.130183 126.366137 -23.735047 1391.294250 -9.388 -9.388 0.000000 3.216782 3.012 0 0.000
7501.00 1211.43 100.138999 0.0000000000000000 0.000000 244.001627 -1277581.187813 31.138582 126.369146 -23.770511 1391.243683 -9.383 -9.383 0.000000 3.215914 3.012 0 0.000
7401.00 1211.20 100.138999 0.0000000000000000 0.000000 244.001627 -1277892.615752 31.147012 126.372178 -23.805956 1391.185700 -9.378 -9.378 0.000000 3.215043 3.012 0 0.000
7301.00 1210.97 100.138999 0.0000000000000000 0.000000 244.001627 -1278204.128190 31.155482 126.375233 -23.841405 1391.120173 -9.373 -9.373 0.000000 3.214169 3.012 0 0.000
7201.00 1210.74 100.138999 0.0000000000000000 0.000000 244.001627 -1278515.725550 31.163998 126.378308 -23.876888 1391.046962 -9.368 -9.368 0.000000 3.213291 3.012 0 0.000
7101.00 1210.51 100.138999 0.0000000000000000 0.000000 244.001627 -1278827.408324 31.172566 126.381402 -23.912430 1390.965912 -9.362 -9.362 0.000000 3.212408 3.012 0 0.000
7001.00 1210.29 100.138999 0.0000000000000000 0.000000 244.001627 -1279139.177072 31.181194 126.384514 -23.948060 1390.876860 -9.357 -9.357 0.000000 3.211519 3.012 0 0.000
6901.00 1210.06 100.138999 0.0000000000000000 0.000000 244.001627 -1279451.032424 31.189888 126.387641 -23.983805 1390.779628 -9.351 -9.351 0.000000 3.210624 3.012 0 0.000
6801.00 1209.83 100.138999 0.0000000000000000 0.000000 244.001627 -1279762.975083 31.198657 126.390783 -24.019695 1390.674028 -9.346 -9.346 0.000000 3.209722 3.012 0 0.000
6701.00 1209.59 100.138999 0.0000000000000000 0.000000 244.001627 -1280075.005826 31.207506 126.393939 -24.055756 1390.559864 -9.340 -9.340 0.000000 3.208811 3.012 0 0.000
6601.00 1209.36 100.138999 0.0000000000000000 0.000000 244.001627 -1280387.125502 31.216444 126.397106 -24.092020 1390.436931 -9.334 -9.334 0.000000 3.207893 3.012 0 0.000
6501.00 1209.13 100.138999 0.0000000000000000 0.000000 244.001627 -1280699.335035 31.225479 126.400283 -24.128512 1390.305017 -9.328 -9.328 0.000000 3.206964 3.012 0 0.000
6401.00 1208.90 100.138999 0.0000000000000000 0.000000 244.001627 -1281011.635425 31.234617 126.403470 -24.165264 1390.163906 -9.321 -9.321 0.000000 3.206026 3.012 0 0.000
6301.00 1208.67 100.138999 0.0000000000000000 0.000000 244.001627 -1281324.027744 31.243866 126.406666 -24.202300 1390.013382 -9.315 -9.315 0.000000 3.205077 3.012 0 0.000
6201.00 1208.43 100.138999 0.0000000000000000 0.000000 244.001627 -1281636.513137 31.253233 126.409868 -24.239650 1389.853231 -9.308 -9.308 0.000000 3.204116 3.012 0 0.000
6101.00 1208.20 100.138999 0.0000000000000000 0.000000 244.001627 -1281949.092818 31.262725 126.413077 -24.277337 1389.683245 -9.301 -9.301 0.000000 3.203144 3.012 0 0.000
6001.00 1207.96 100.138999 0.0000000000000000 0.000000 244.001627 -1282261.768067 31.272348 126.416293 -24.315385 1389.503231 -9.293 -9.293 0.000000 3.202158 3.012 0 0.000
5901.00 1207.72 100.138999 0.0000000000000000 0.000000 244.001627 -1282574.540226 31.282107 126.419513 -24.353817 1389.313011 -9.285 -9.285 0.000000 3.201159 3.012 0 0.000
5801.00 1207.49 100.138999 0.0000000000000000 0.000000 244.001627 -1282887.410689 31.292009 126.422739 -24.392650 1389.112433 -9.277 -9.277 0.000000 3.200146 3.012 0 0.000
5701.00 1207.25 100.138999 0.0000000000000000 0.000000 244.001627 -1283200.380900 31.302057 126.425971 -24.431899 1388.901376 -9.269 -9.269 0.000000 3.199119 3.012 0 0.000
5601.00 1207.01 100.138999 0.0000000000000000 0.000000 244.001627 -1283513.452335 31.312255 126.429207 -24.471576 1388.679761 -9.260 -9.260 0.000000 3.198077 3.012 0 0.000
5501.00 1206.77 100.138999 0.0000000000000000 0.000000 244.001627 -1283826.626498 31.322603 126.432450 -24.511686 1388.447556 -9.251 -9.251 0.000000 3.197020 3.012 0 0.000
5401.00 1206.53 100.138999 0.0000000000000000 0.000000 244.001627 -1284139.904901 31.333103 126.435700 -24.552229 1388.204788 -9.242 -9.242 0.000000 3.195949 3.012 0 0.000
5301.00 1206.29 100.138999 0.0000000000000000 0.000000 244.001627 -1284453.289052 31.343752 126.438959 -24.593201 1387.951547 -9.232 -9.232 0.000000 3.194863 3.012 0 0.000
5201.00 1206.05 100.138999 0.0000000000000000 0.000000 244.001627 -1284766.780436 31.354548 126.442227 -24.634587 1387.687999 -9.222 -9.222 0.000000 3.193763 3.012 0 0.000
5101.00 1205.80 100.138999 0.0000000000000000 0.000000 244.001627 -1285080.380494 31.365486 126.445507 -24.676369 1387.414390 -9.212 -9.212 0.000000 3.192649 3.012 0 0.000
5001.00 1205.56 100.138999 0.0000000000000000 0.000000 244.001627 -1285394.090607 31.376558 126.448801 -24.718520 1387.131052 -9.201 -9.201 0.000000 3.191523 3.012 0 0.000
4901.00 1205.32 100.138999 0.0000000000000000 0.000000 244.001627 -1285707.912071 31.387755 126.452112 -24.761004 1386.838404 -9.190 -9.190 0.000000 3.190384 3.012 0 0.000
4801.00 1205.08 100.138999 0.0000000000000000 0.000000 244.001627 -1286021.846078 31.399064 126.455442 -24.803778 1386.536956 -9.178 -9.178 0.000000 3.189235 3.012 0 0.000
4701.00 1204.83 100.138999 0.0000000000000000 0.000000 244.001627 -1286335.893693 31.410474 126.458795 -24.846793 1386.227306 -9.166 -9.166 0.000000 3.188077 3.012 0 0.000
4601.00 1204.48 100.138999 0.0004281482845447 0.000518 244.001627 -1286650.056466 31.422898 126.473189 -24.954815 1386.385389 -9.402 -9.402 2.633452 3.187103 3.218 0 0.000
4501.00 1203.43 100.138999 0.0036830175387783 0.004455 244.001627 -1286964.379398 31.441847 126.560224 -25.494301 1389.654318 -9.365 -9.365 2.632973 3.187365 3.230 0 0.000
4401.00 1202.34 100.138999 0.0070931203979923 0.008576 244.001627 -1287278.896596 31.461753 126.651073 -26.063658 1393.050863 -9.329 -9.329 2.632421 3.187642 3.242 0 0.000
4301.00 1201.21 100.138999 0.0106591721746145 0.012883 244.001627 -1287593.617680 31.482625 126.745734 -26.663465 1396.571881 -9.295 -9.295 2.631794 3.187935 3.255 0 0.000
4201.00 1200.05 100.072323 0.0137166773832144 0.016573 243.823303 -1287053.196470 31.479039 126.742576 -27.159775 1398.691806 -9.263 -9.263 2.631095 3.188248 3.269 0 0.000
4101.00 1198.86 99.696630 0.0138397170083910 0.016728 242.819457 -1282545.488565 31.358432 126.272023 -27.059854 1393.902100 -9.232 -9.232 2.630348 3.188599 3.283 0 0.000
4001.00 1197.65 99.309956 0.0139617249077022 0.016882 241.787253 -1277892.514079 31.234041 125.787401 -26.955647 1388.985688 -9.203 -9.203 2.629551 3.188987 3.297 0 0.000
3901.00 1196.42 98.912544 0.0140826665837763 0.017035 240.727390 -1273097.105389 31.105944 125.289009 -26.847262 1383.946330 -9.176 -9.176 2.628707 3.189412 3.312 0 0.000
3801.00 1195.15 98.504638 0.0142025050948124 0.017188 239.640584 -1268162.165532 30.974225 124.777154 -26.734803 1378.787840 -9.150 -9.150 2.627816 3.189874 3.327 0 0.000
3701.00 1193.87 98.086490 0.0143212000605686 0.017340 238.527561 -1263090.668380 30.838964 124.252150 -26.618370 1373.514075 -9.126 -9.126 2.626877 3.190374 3.343 0 0.000
3601.00 1192.56 97.658357 0.0144387064538974 0.017491 237.389059 -1257885.659997 30.700246 123.714317 -26.498064 1368.128945 -9.104 -9.104 2.625893 3.190911 3.359 0 0.000
3501.00 1191.23 97.220502 0.0145549729922472 0.017641 236.225832 -1252550.261420 30.558156 123.163984 -26.373982 1362.636403 -9.083 -9.083 2.624865 3.191487 3.376 0 0.000
3401.00 1189.87 96.773192 0.0146699402394917 0.017791 235.038646 -1247087.673340 30.412780 122.601486 -26.246221 1357.040457 -9.065 -9.065 2.623793 3.192102 3.393 0 0.000
3301.00 1188.49 96.316702 0.0147835381152155 0.017939 233.828282 -1241501.182961 30.264207 122.027165 -26.114877 1351.345168 -9.048 -9.048 2.622681 3.192755 3.411 0 0.000
3201.00 1187.10 95.851314 0.0148956830227294 0.018087 232.595542 -1235794.173733 30.112529 121.441374 -25.980042 1345.554658 -9.033 -9.033 2.621530 3.193448 3.429 0 0.000
3101.00 1185.68 95.377316 0.0150062742845333 0.018233 231.341242 -1229970.138317 29.957838 120.844477 -25.841809 1339.673122 -9.019 -9.019 2.620343 3.194181 3.447 0 0.000
3001.00 1184.24 94.895008 0.0151151899182326 0.018377 230.066226 -1224032.695524 29.800231 120.236846 -25.700272 1333.704833 -9.008 -9.008 2.619121 3.194954 3.466 0 0.000
2901.00 1182.78 94.404699 0.0152222816950438 0.018520 228.771362 -1217985.611893 29.639809 119.618869 -25.555520 1327.654168 -8.999 -8.999 2.617869 3.195767 3.485 0 0.000
2801.00 1181.30 93.906711 0.0153273693541006 0.018662 227.457554 -1211832.828601 29.476676 118.990951 -25.407647 1321.525621 -8.991 -8.991 2.616590 3.196622 3.504 0 0.000
2701.00 1179.81 93.401382 0.0154302339868306 0.018801 226.125741 -1205578.494514 29.310942 118.353514 -25.256742 1315.323831 -8.985 -8.985 2.615287 3.197517 3.524 0 0.000
2601.00 1178.30 92.889067 0.0155306105331551 0.018938 224.776911 -1199227.006129 29.142725 117.707004 -25.102897 1309.053613 -8.981 -8.981 2.613964 3.198453 3.544 0 0.000
2501.00 1176.77 92.370145 0.0156281795770186 0.019071 223.412108 -1192783.055167 28.972150 117.051894 -24.946204 1302.719995 -8.979 -8.979 2.612627 3.199430 3.564 0 0.000
2401.00 1175.23 91.845018 0.0157225584109650 0.019202 222.032442 -1186251.684312 28.799349 116.388689 -24.786755 1296.328262 -8.979 -8.979 2.611279 3.200448 3.585 0 0.000
2301.00 1173.68 91.314120 0.0158132921317996 0.019328 220.639104 -1179638.351587 28.624469 115.717934 -24.624646 1289.884007 -8.981 -8.981 2.609928 3.201506 3.605 0 0.000
2201.00 1172.11 90.777923 0.0158998450689216 0.019450 219.233376 -1172949.002871 28.447666 115.040219 -24.459974 1283.393186 -8.984 -8.984 2.608578 3.202604 3.626 0 0.000
2101.00 1170.53 90.236937 0.0159815941069787 0.019566 217.816650 -1166190.151758 28.269113 114.356185 -24.292841 1276.862187 -8.989 -8.989 2.607236 3.203740 3.647 0 0.000
2001.00 1168.94 89.691724 0.0160578255028598 0.019676 216.390441 -1159368.964061 28.089001 113.666535 -24.123355 1270.297894 -8.996 -8.996 2.605909 3.204912 3.668 0 0.000
1901.00 1167.34 89.142899 0.0161277385220835 0.019779 214.956405 -1152493.342522 27.907539 112.972043 -23.951635 1263.707760 -9.005 -9.005 2.604605 3.206120 3.688 0 0.000
1801.00 1165.74 88.591137 0.0161904600336058 0.019872 213.516352 -1145572.003558 27.724958 112.273558 -23.777816 1257.099873 -9.016 -9.016 2.603332 3.207360 3.709 0 0.000
1701.00 1164.13 88.037178 0.0162450770229090 0.019956 212.072258 -1138614.533436 27.541512 111.572011 -23.602052 1250.483015 -9.028 -9.028 2.602097 3.208631 3.729 0 0.000
1601.00 1162.52 87.481825 0.0162906964831257 0.020029 210.626262 -1131631.403756 27.357479 110.868419 -23.424534 1243.866694 -9.041 -9.041 2.600910 3.209928 3.749 0 0.000
1501.00 1160.90 86.925945 0.0163265462861054 0.020089 209.180658 -1124633.916206 27.173160 110.163880 -23.245500 1237.261129 -9.056 -9.056 2.599779 3.211248 3.769 0 0.000
1401.00 1159.30 86.370449 0.0163521364051958 0.020137 207.737855 -1117634.032359 26.988875 109.459560 -23.065259 1230.677170 -9.073 -9.073 2.598712 3.212586 3.788 0 0.000
1301.00 1157.69 85.816270 0.0163675075442116 0.020172 206.300312 -1110644.024313 26.804957 108.756663 -22.884221 1224.126095 -9.090 -9.090 2.597716 3.213938 3.807 0 0.000
1201.00 1156.09 85.264315 0.0163736080911594 0.020195 204.870411 -1103675.854325 26.621733 108.056377 -22.702943 1217.619240 -9.109 -9.109 2.596797 3.215299 3.825 0 0.000
1101.00 1154.50 84.715384 0.0163728668089182 0.020209 203.450256 -1096740.149670 26.439506 107.359786 -22.522194 1211.167371 -9.129 -9.129 2.595955 3.216665 3.842 0 0.000
1001.00 1153.45 84.170051 0.0138858105771403 0.017154 202.041353 -1089844.547423 26.252419 106.615871 -21.960575 1202.997635 -9.114 -9.114 2.595297 3.216845 3.853 0 0.000
901.00 1152.56 83.839679 0.0131131260517814 0.016207 201.188745 -1085767.600610 26.146417 106.181617 -21.757252 1198.376128 -9.089 -9.089 2.594481 3.216629 3.864 0 0.000
801.00 1151.65 83.576039 0.0131887705402230 0.016305 200.508994 -1082564.997175 26.066556 105.849838 -21.714692 1195.056894 -9.068 -9.068 2.593393 3.216414 3.876 0 0.000
701.00 1150.74 83.306842 0.0132309180240949 0.016365 199.815514 -1079287.339133 25.984767 105.510174 -21.665878 1191.647496 -9.050 -9.050 2.592040 3.216202 3.890 0 0.000
601.00 1149.83 83.034966 0.0132358516969532 0.016380 199.115682 -1075972.338712 25.901921 105.166232 -21.610868 1188.181479 -9.036 -9.036 2.590438 3.215992 3.906 0 0.000
501.00 1148.93 82.763563 0.0132028385290030 0.016349 198.417565 -1072661.393745 25.818996 104.822039 -21.550260 1184.697568 -9.025 -9.025 2.588606 3.215784 3.923 0 0.000
401.00 1148.05 82.495807 0.0131342370284771 0.016276 197.729265 -1069396.240337 25.736992 104.481712 -21.485158 1181.236473 -9.017 -9.017 2.586571 3.215578 3.941 0 0.000
301.00 1147.20 82.234634 0.0130349901546449 0.016166 197.058262 -1066215.557133 25.656854 104.149118 -21.417031 1177.837314 -9.012 -9.012 2.584362 3.215373 3.960 0 0.000
201.00 1146.37 81.982531 0.0129117034967120 0.016027 196.410880 -1063152.194617 25.579395 103.827586 -21.347515 1174.534462 -9.010 -9.010 2.582005 3.215170 3.980 0 0.000
101.00 1145.58 81.741411 0.0127716064419967 0.015868 195.791963 -1060231.464044 25.505256 103.519716 -21.278217 1171.355372 -9.010 -9.010 2.579526 3.214968 4.000 0 0.000
1.00 1144.82 81.512568 0.0126216543231884 0.015697 195.204773 -1057470.584698 25.434883 103.227312 -21.210663 1168.318844 -9.013 -9.013 2.576935 3.214767 4.021 0 0.000
