Title: Depleted MORB Mantle of Workmann & Hart 2005

System Thermodynamic Data:
Pressure Temperature mass F phi S H V Cp dVdP*10^6 dVdT*10^6 fO2(absolute) fO2(absolute) rhol rhos viscosity aH2O chisqr
44001.00 1241.35 100.138999 0.0000000000000000 0.000000 240.451958 -1171795.780750 29.942491 123.606766 -19.854226 1371.234511 -7.073 -7.073 0.000000 3.344378 0.000 0 0.000
43901.00 1241.17 100.138999 0.0000000000000000 0.000000 240.451958 -1172095.215218 29.944403 123.612572 -19.861126 1371.171217 -7.078 -7.078 0.000000 3.344164 0.000 0 0.000
43801.00 1240.99 100.138999 0.0000000000000000 0.000000 240.451958 -1172394.668817 29.946317 123.618378 -19.868030 1371.108041 -7.082 -7.082 0.000000 3.343950 0.000 0 0.000
43701.00 1240.81 100.138999 0.0000000000000000 0.000000 240.451958 -1172694.141565 29.948233 123.624183 -19.874937 1371.044982 -7.087 -7.087 0.000000 3.343736 0.000 0 0.000
43601.00 1240.63 100.138999 0.0000000000000000 0.000000 240.451958 -1172993.633480 29.950151 123.629989 -19.881849 1370.982043 -7.092 -7.092 0.000000 3.343522 0.000 0 0.000
43501.00 1240.45 100.138999 0.0000000000000000 0.000000 240.451958 -1173293.144582 29.952070 123.635794 -19.888765 1370.919223 -7.096 -7.096 0.000000 3.343308 0.000 0 0.000
43401.00 1240.28 100.138999 0.0000000000000000 0.000000 240.451958 -1173592.674888 29.953992 123.641598 -19.895684 1370.856524 -7.101 -7.101 0.000000 3.343094 0.000 0 0.000
43301.00 1240.10 100.138999 0.0000000000000000 0.000000 240.451958 -1173892.224418 29.955915 123.647403 -19.902608 1370.793947 -7.105 -7.105 0.000000 3.342879 0.000 0 0.000
43201.00 1239.92 100.138999 0.0000000000000000 0.000000 240.451958 -1174191.793191 29.957840 123.653207 -19.909535 1370.731493 -7.110 -7.110 0.000000 3.342664 0.000 0 0.000
43101.00 1239.74 100.138999 0.0000000000000000 0.000000 240.451958 -1174491.381226 29.959767 123.659012 -19.916467 1370.669162 -7.115 -7.115 0.000000 3.342449 0.000 0 0.000
43001.00 1239.56 100.138999 0.0000000000000000 0.000000 240.451958 -1174790.988541 29.961696 123.664816 -19.923402 1370.606957 -7.119 -7.119 0.000000 3.342234 0.000 0 0.000
42901.00 1239.38 100.138999 0.0000000000000000 0.000000 240.451958 -1175090.615157 29.963627 123.670620 -19.930342 1370.544876 -7.124 -7.124 0.000000 3.342019 0.000 0 0.000
42801.00 1239.20 100.138999 0.0000000000000000 0.000000 240.451958 -1175390.261092 29.965560 123.676424 -19.937286 1370.482923 -7.129 -7.129 0.000000 3.341803 0.000 0 0.000
42701.00 1239.02 100.138999 0.0000000000000000 0.000000 240.451958 -1175689.926367 29.967495 123.682227 -19.944234 1370.421097 -7.134 -7.134 0.000000 3.341587 0.000 0 0.000
42601.00 1238.84 100.138999 0.0000000000000000 0.000000 240.451958 -1175989.611000 29.969432 123.688031 -19.951187 1370.359400 -7.138 -7.138 0.000000 3.341371 0.000 0 0.000
42501.00 1238.66 100.138999 0.0000000000000000 0.000000 240.451958 -1176289.315011 29.971371 123.693835 -19.958143 1370.297833 -7.143 -7.143 0.000000 3.341155 0.000 0 0.000
42401.00 1238.48 100.138999 0.0000000000000000 0.000000 240.451958 -1176589.038421 29.973312 123.699638 -19.965104 1370.236396 -7.148 -7.148 0.000000 3.340939 0.000 0 0.000
42301.00 1238.30 100.138999 0.0000000000000000 0.000000 240.451958 -1176888.781248 29.975254 123.705441 -19.972070 1370.175092 -7.152 -7.152 0.000000 3.340722 0.000 0 0.000
42201.00 1238.12 100.138999 0.0000000000000000 0.000000 240.451958 -1177188.543515 29.977199 123.711245 -19.979039 1370.113920 -7.157 -7.157 0.000000 3.340506 0.000 0 0.000
42101.00 1237.94 100.138999 0.0000000000000000 0.000000 240.451958 -1177488.325239 29.979146 123.717048 -19.986014 1370.052883 -7.162 -7.162 0.000000 3.340289 0.000 0 0.000
42001.00 1237.77 100.138999 0.0000000000000000 0.000000 240.451958 -1177788.126443 29.981095 123.722851 -19.992992 1369.991981 -7.167 -7.167 0.000000 3.340071 0.000 0 0.000
41901.00 1237.59 100.138999 0.0000000000000000 0.000000 240.451958 -1178087.947146 29.983046 123.728655 -19.999975 1369.931215 -7.172 -7.172 0.000000 3.339854 0.000 0 0.000
41801.00 1237.41 100.138999 0.0000000000000000 0.000000 240.451958 -1178387.787368 29.984999 123.734458 -20.006963 1369.870587 -7.176 -7.176 0.000000 3.339637 0.000 0 0.000
41701.00 1237.23 100.138999 0.0000000000000000 0.000000 240.451958 -1178687.647132 29.986954 123.740262 -20.013955 1369.810097 -7.181 -7.181 0.000000 3.339419 0.000 0 0.000
41601.00 1237.05 100.138999 0.0000000000000000 0.000000 240.451958 -1178987.526456 29.988911 123.746065 -20.020952 1369.749747 -7.186 -7.186 0.000000 3.339201 0.000 0 0.000
41501.00 1236.87 100.138999 0.0000000000000000 0.000000 240.451958 -1179287.425364 29.990871 123.751869 -20.027954 1369.689538 -7.191 -7.191 0.000000 3.338983 0.000 0 0.000
41401.00 1236.69 100.138999 0.0000000000000000 0.000000 240.451958 -1179587.343874 29.992832 123.757672 -20.034960 1369.629472 -7.196 -7.196 0.000000 3.338764 0.000 0 0.000
41301.00 1236.51 100.138999 0.0000000000000000 0.000000 240.451958 -1179887.282010 29.994796 123.763476 -20.041971 1369.569549 -7.201 -7.201 0.000000 3.338546 0.000 0 0.000
41201.00 1236.33 100.138999 0.0000000000000000 0.000000 240.451958 -1180187.239792 29.996761 123.769280 -20.048987 1369.509770 -7.206 -7.206 0.000000 3.338327 0.000 0 0.000
41101.00 1236.15 100.138999 0.0000000000000000 0.000000 240.451958 -1180487.217241 29.998729 123.775084 -20.056008 1369.450138 -7.211 -7.211 0.000000 3.338108 0.000 0 0.000
41001.00 1235.97 100.138999 0.0000000000000000 0.000000 240.451958 -1180787.214380 30.000699 123.780888 -20.063033 1369.390653 -7.216 -7.216 0.000000 3.337889 0.000 0 0.000
40901.00 1235.79 100.138999 0.0000000000000000 0.000000 240.451958 -1181087.231230 30.002671 123.786693 -20.070064 1369.331316 -7.220 -7.220 0.000000 3.337669 0.000 0 0.000
40801.00 1235.61 100.138999 0.0000000000000000 0.000000 240.451958 -1181387.267814 30.004646 123.792497 -20.077100 1369.272129 -7.225 -7.225 0.000000 3.337450 0.000 0 0.000
40701.00 1235.43 100.138999 0.0000000000000000 0.000000 240.451958 -1181687.324152 30.006622 123.798302 -20.084140 1369.213093 -7.230 -7.230 0.000000 3.337230 0.000 0 0.000
40601.00 1235.25 100.138999 0.0000000000000000 0.000000 240.451958 -1181987.400268 30.008601 123.804107 -20.091186 1369.154210 -7.235 -7.235 0.000000 3.337010 0.000 0 0.000
40501.00 1235.07 100.138999 0.0000000000000000 0.000000 240.451958 -1182287.496184 30.010582 123.809913 -20.098237 1369.095481 -7.240 -7.240 0.000000 3.336790 0.000 0 0.000
40401.00 1234.89 100.138999 0.0000000000000000 0.000000 240.451958 -1182587.611923 30.012566 123.815718 -20.105293 1369.036907 -7.245 -7.245 0.000000 3.336569 0.000 0 0.000
40301.00 1234.71 100.138999 0.0000000000000000 0.000000 240.451958 -1182887.747507 30.014551 123.821524 -20.112354 1368.978489 -7.250 -7.250 0.000000 3.336348 0.000 0 0.000
40201.00 1234.53 100.138999 0.0000000000000000 0.000000 240.451958 -1183187.902958 30.016539 123.827330 -20.119421 1368.920229 -7.255 -7.255 0.000000 3.336127 0.000 0 0.000
40101.00 1234.35 100.138999 0.0000000000000000 0.000000 240.451958 -1183488.078301 30.018530 123.833137 -20.126492 1368.862129 -7.261 -7.261 0.000000 3.335906 0.000 0 0.000
40001.00 1234.17 100.138999 0.0000000000000000 0.000000 240.451958 -1183788.273559 30.020522 123.838944 -20.133570 1368.804190 -7.266 -7.266 0.000000 3.335685 0.000 0 0.000
39901.00 1233.99 100.138999 0.0000000000000000 0.000000 240.451958 -1184088.488753 30.022517 123.844751 -20.140652 1368.746414 -7.271 -7.271 0.000000 3.335463 0.000 0 0.000
39801.00 1233.81 100.138999 0.0000000000000000 0.000000 240.451958 -1184388.723909 30.024514 123.850559 -20.147741 1368.688801 -7.276 -7.276 0.000000 3.335241 0.000 0 0.000
39701.00 1233.63 100.138999 0.0000000000000000 0.000000 240.451958 -1184688.979050 30.026514 123.856367 -20.154834 1368.631353 -7.281 -7.281 0.000000 3.335019 0.000 0 0.000
39601.00 1233.45 100.138999 0.0000000000000000 0.000000 240.451958 -1184989.254200 30.028516 123.862176 -20.161934 1368.574073 -7.286 -7.286 0.000000 3.334797 0.000 0 0.000
39501.00 1233.27 100.138999 0.0000000000000000 0.000000 240.451958 -1185289.549382 30.030521 123.867985 -20.169039 1368.516961 -7.291 -7.291 0.000000 3.334574 0.000 0 0.000
39401.00 1233.09 100.138999 0.0000000000000000 0.000000 240.451958 -1185589.864621 30.032528 123.873795 -20.176149 1368.460019 -7.296 -7.296 0.000000 3.334351 0.000 0 0.000
39301.00 1232.91 100.138999 0.0000000000000000 0.000000 240.451958 -1185890.199942 30.034537 123.879605 -20.183266 1368.403249 -7.301 -7.301 0.000000 3.334128 0.000 0 0.000
39201.00 1232.73 100.138999 0.0000000000000000 0.000000 240.451958 -1186190.555368 30.036549 123.885416 -20.190388 1368.346653 -7.307 -7.307 0.000000 3.333905 0.000 0 0.000
39101.00 1232.55 100.138999 0.0000000000000000 0.000000 240.451958 -1186490.930926 30.038563 123.891227 -20.197516 1368.290231 -7.312 -7.312 0.000000 3.333681 0.000 0 0.000
39001.00 1232.37 100.138999 0.0000000000000000 0.000000 240.451958 -1186791.326638 30.040580 123.897039 -20.204650 1368.233987 -7.317 -7.317 0.000000 3.333458 0.000 0 0.000
38901.00 1232.19 100.138999 0.0000000000000000 0.000000 240.451958 -1187091.742532 30.042599 123.902851 -20.211790 1368.177920 -7.322 -7.322 0.000000 3.333234 0.000 0 0.000
38801.00 1232.01 100.138999 0.0000000000000000 0.000000 240.451958 -1187392.178632 30.044621 123.908664 -20.218937 1368.122034 -7.327 -7.327 0.000000 3.333009 0.000 0 0.000
38701.00 1231.83 100.138999 0.0000000000000000 0.000000 240.451958 -1187692.634963 30.046646 123.914478 -20.226089 1368.066330 -7.333 -7.333 0.000000 3.332785 0.000 0 0.000
38601.00 1231.65 100.138999 0.0000000000000000 0.000000 240.451958 -1187993.111551 30.048673 123.920293 -20.233247 1368.010809 -7.338 -7.338 0.000000 3.332560 0.000 0 0.000
38501.00 1231.47 100.138999 0.0000000000000000 0.000000 240.451958 -1188293.608423 30.050702 123.926108 -20.240412 1367.955474 -7.343 -7.343 0.000000 3.332335 0.000 0 0.000
38401.00 1231.29 100.138999 0.0000000000000000 0.000000 240.451958 -1188594.125604 30.052734 123.931924 -20.247583 1367.900326 -7.349 -7.349 0.000000 3.332109 0.000 0 0.000
38301.00 1231.11 100.138999 0.0000000000000000 0.000000 240.451958 -1188894.663121 30.054769 123.937741 -20.254760 1367.845367 -7.354 -7.354 0.000000 3.331884 0.000 0 0.000
38201.00 1230.93 100.138999 0.0000000000000000 0.000000 240.451958 -1189195.221000 30.056807 123.943559 -20.261944 1367.790600 -7.359 -7.359 0.000000 3.331658 0.000 0 0.000
38101.00 1230.75 100.138999 0.0000000000000000 0.000000 240.451958 -1189495.799268 30.058847 123.949377 -20.269135 1367.736026 -7.365 -7.365 0.000000 3.331432 0.000 0 0.000
38001.00 1230.57 100.138999 0.0000000000000000 0.000000 240.451958 -1189796.397951 30.060890 123.955197 -20.276332 1367.681646 -7.370 -7.370 0.000000 3.331205 0.000 0 0.000
37901.00 1230.39 100.138999 0.0000000000000000 0.000000 240.451958 -1190097.017078 30.062936 123.961017 -20.283535 1367.627464 -7.375 -7.375 0.000000 3.330979 0.000 0 0.000
37801.00 1230.20 100.138999 0.0000000000000000 0.000000 240.451958 -1190397.656676 30.064984 123.966838 -20.290745 1367.573481 -7.381 -7.381 0.000000 3.330752 0.000 0 0.000
37701.00 1230.02 100.138999 0.0000000000000000 0.000000 240.451958 -1190698.316771 30.067035 123.972661 -20.297963 1367.519698 -7.386 -7.386 0.000000 3.330525 0.000 0 0.000
37601.00 1229.84 100.138999 0.0000000000000000 0.000000 240.451958 -1190998.997393 30.069089 123.978484 -20.305186 1367.466119 -7.391 -7.391 0.000000 3.330297 0.000 0 0.000
37501.00 1229.66 100.138999 0.0000000000000000 0.000000 240.451958 -1191299.698568 30.071146 123.984308 -20.312417 1367.412745 -7.397 -7.397 0.000000 3.330069 0.000 0 0.000
37401.00 1229.48 100.138999 0.0000000000000000 0.000000 240.451958 -1191600.420326 30.073206 123.990133 -20.319655 1367.359579 -7.402 -7.402 0.000000 3.329841 0.000 0 0.000
37301.00 1229.30 100.138999 0.0000000000000000 0.000000 240.451958 -1191901.162695 30.075268 123.995960 -20.326900 1367.306622 -7.408 -7.408 0.000000 3.329613 0.000 0 0.000
37201.00 1229.12 100.138999 0.0000000000000000 0.000000 240.451958 -1192201.925704 30.077334 124.001787 -20.334152 1367.253876 -7.413 -7.413 0.000000 3.329384 0.000 0 0.000
37101.00 1228.94 100.138999 0.0000000000000000 0.000000 240.451958 -1192502.709382 30.079402 124.007616 -20.341412 1367.201345 -7.419 -7.419 0.000000 3.329155 0.000 0 0.000
37001.00 1228.76 100.138999 0.0000000000000000 0.000000 240.451958 -1192803.513758 30.081473 124.013446 -20.348678 1367.149031 -7.424 -7.424 0.000000 3.328926 0.000 0 0.000
36901.00 1228.58 100.138999 0.0000000000000000 0.000000 240.451958 -1193104.338862 30.083548 124.019277 -20.355952 1367.096935 -7.430 -7.430 0.000000 3.328696 0.000 0 0.000
36801.00 1228.40 100.138999 0.0000000000000000 0.000000 240.451958 -1193405.184723 30.085625 124.025110 -20.363234 1367.045060 -7.435 -7.435 0.000000 3.328467 0.000 0 0.000
36701.00 1228.21 100.138999 0.0000000000000000 0.000000 240.451958 -1193706.051373 30.087705 124.030944 -20.370523 1366.993408 -7.441 -7.441 0.000000 3.328237 0.000 0 0.000
36601.00 1228.03 100.138999 0.0000000000000000 0.000000 240.451958 -1194006.938840 30.089789 124.036779 -20.377819 1366.941982 -7.447 -7.447 0.000000 3.328006 0.000 0 0.000
36501.00 1227.85 100.138999 0.0000000000000000 0.000000 240.451958 -1194307.847156 30.091875 124.042616 -20.385124 1366.890785 -7.452 -7.452 0.000000 3.327775 0.000 0 0.000
36401.00 1227.67 100.138999 0.0000000000000000 0.000000 240.451958 -1194608.776352 30.093965 124.048454 -20.392436 1366.839819 -7.458 -7.458 0.000000 3.327544 0.000 0 0.000
36301.00 1227.49 100.138999 0.0000000000000000 0.000000 240.451958 -1194909.726459 30.096057 124.054293 -20.399756 1366.789086 -7.463 -7.463 0.000000 3.327313 0.000 0 0.000
36201.00 1227.31 100.138999 0.0000000000000000 0.000000 240.451958 -1195210.697509 30.098153 124.060134 -20.407084 1366.738589 -7.469 -7.469 0.000000 3.327081 0.000 0 0.000
36101.00 1227.13 100.138999 0.0000000000000000 0.000000 240.451958 -1195511.689532 30.100252 124.065977 -20.414420 1366.688331 -7.475 -7.475 0.000000 3.326849 0.000 0 0.000
36001.00 1226.94 100.138999 0.0000000000000000 0.000000 240.451958 -1195812.702563 30.102354 124.071821 -20.421765 1366.638315 -7.480 -7.480 0.000000 3.326617 0.000 0 0.000
35901.00 1226.76 100.138999 0.0000000000000000 0.000000 240.451958 -1196113.736631 30.104460 124.077667 -20.429117 1366.588543 -7.486 -7.486 0.000000 3.326384 0.000 0 0.000
35801.00 1226.58 100.138999 0.0000000000000000 0.000000 240.451958 -1196414.791772 30.106569 124.083514 -20.436478 1366.539017 -7.492 -7.492 0.000000 3.326151 0.000 0 0.000
35701.00 1226.40 100.138999 0.0000000000000000 0.000000 240.451958 -1196715.868017 30.108681 124.089364 -20.443847 1366.489742 -7.498 -7.498 0.000000 3.325918 0.000 0 0.000
35601.00 1226.22 100.138999 0.0000000000000000 0.000000 240.451958 -1197016.965400 30.110796 124.095215 -20.451225 1366.440720 -7.503 -7.503 0.000000 3.325684 0.000 0 0.000
35501.00 1226.04 100.138999 0.0000000000000000 0.000000 240.451958 -1197318.083954 30.112915 124.101067 -20.458612 1366.391953 -7.509 -7.509 0.000000 3.325450 0.000 0 0.000
35401.00 1225.85 100.138999 0.0000000000000000 0.000000 240.451958 -1197619.223714 30.115037 124.106922 -20.466007 1366.343445 -7.515 -7.515 0.000000 3.325216 0.000 0 0.000
35301.00 1225.67 100.138999 0.0000000000000000 0.000000 240.451958 -1197920.384715 30.117163 124.112779 -20.473411 1366.295199 -7.521 -7.521 0.000000 3.324981 0.000 0 0.000
35201.00 1225.49 100.138999 0.0000000000000000 0.000000 240.451958 -1198221.566989 30.119292 124.118638 -20.480824 1366.247218 -7.527 -7.527 0.000000 3.324746 0.000 0 0.000
35101.00 1225.31 100.138999 0.0000000000000000 0.000000 240.451958 -1198522.770574 30.121425 124.124498 -20.488247 1366.199505 -7.533 -7.533 0.000000 3.324511 0.000 0 0.000
35001.00 1225.13 100.138999 0.0000000000000000 0.000000 240.451958 -1198823.995503 30.123561 124.130361 -20.495678 1366.152063 -7.538 -7.538 0.000000 3.324275 0.000 0 0.000
34901.00 1224.94 100.138999 0.0000000000000000 0.000000 240.451958 -1199125.241814 30.125701 124.136226 -20.503118 1366.104897 -7.544 -7.544 0.000000 3.324039 0.000 0 0.000
34801.00 1224.76 100.138999 0.0000000000000000 0.000000 240.451958 -1199426.509541 30.127845 124.142093 -20.510568 1366.058008 -7.550 -7.550 0.000000 3.323802 0.000 0 0.000
34701.00 1224.58 100.138999 0.0000000000000000 0.000000 240.451958 -1199727.798722 30.129992 124.147963 -20.518028 1366.011400 -7.556 -7.556 0.000000 3.323565 0.000 0 0.000
34601.00 1224.40 100.138999 0.0000000000000000 0.000000 240.451958 -1200029.109394 30.132143 124.153835 -20.525497 1365.965078 -7.562 -7.562 0.000000 3.323328 0.000 0 0.000
34501.00 1224.21 100.138999 0.0000000000000000 0.000000 240.451958 -1200330.441593 30.134298 124.159709 -20.532976 1365.919044 -7.568 -7.568 0.000000 3.323091 0.000 0 0.000
34401.00 1224.03 100.138999 0.0000000000000000 0.000000 240.451958 -1200631.795358 30.136456 124.165585 -20.540464 1365.873302 -7.574 -7.574 0.000000 3.322853 0.000 0 0.000
34301.00 1223.85 100.138999 0.0000000000000000 0.000000 240.451958 -1200933.170726 30.138618 124.171464 -20.547963 1365.827856 -7.580 -7.580 0.000000 3.322614 0.000 0 0.000
34201.00 1223.67 100.138999 0.0000000000000000 0.000000 240.451958 -1201234.567736 30.140784 124.177346 -20.555472 1365.782709 -7.586 -7.586 0.000000 3.322375 0.000 0 0.000
34101.00 1223.48 100.138999 0.0000000000000000 0.000000 240.451958 -1201535.986427 30.142954 124.183230 -20.562991 1365.737866 -7.592 -7.592 0.000000 3.322136 0.000 0 0.000
34001.00 1223.30 100.138999 0.0000000000000000 0.000000 240.451958 -1201837.426839 30.145128 124.189117 -20.570520 1365.693330 -7.598 -7.598 0.000000 3.321897 0.000 0 0.000
33901.00 1223.12 100.138999 0.0000000000000000 0.000000 240.451958 -1202138.889010 30.147307 124.195006 -20.578060 1365.649106 -7.604 -7.604 0.000000 3.321657 0.000 0 0.000
33801.00 1222.93 100.138999 0.0000000000000000 0.000000 240.451958 -1202440.372983 30.149489 124.200899 -20.585610 1365.605196 -7.610 -7.610 0.000000 3.321416 0.000 0 0.000
33701.00 1222.75 100.138999 0.0000000000000000 0.000000 240.451958 -1202741.878796 30.151675 124.206794 -20.593171 1365.561607 -7.617 -7.617 0.000000 3.321175 0.000 0 0.000
33601.00 1222.57 100.138999 0.0000000000000000 0.000000 240.451958 -1203043.406492 30.153865 124.212692 -20.600743 1365.518341 -7.623 -7.623 0.000000 3.320934 0.000 0 0.000
33501.00 1222.38 100.138999 0.0000000000000000 0.000000 240.451958 -1203344.956111 30.156060 124.218594 -20.608326 1365.475403 -7.629 -7.629 0.000000 3.320692 0.000 0 0.000
33401.00 1222.20 100.138999 0.0000000000000000 0.000000 240.451958 -1203646.527697 30.158258 124.224498 -20.615920 1365.432797 -7.635 -7.635 0.000000 3.320450 0.000 0 0.000
33301.00 1222.02 100.138999 0.0000000000000000 0.000000 240.451958 -1203948.121291 30.160461 124.230406 -20.623526 1365.390528 -7.641 -7.641 0.000000 3.320208 0.000 0 0.000
33201.00 1221.83 100.138999 0.0000000000000000 0.000000 240.451958 -1204249.736938 30.162669 124.236317 -20.631143 1365.348601 -7.648 -7.648 0.000000 3.319965 0.000 0 0.000
33101.00 1221.65 100.138999 0.0000000000000000 0.000000 240.451958 -1204551.374680 30.164880 124.242231 -20.638771 1365.307020 -7.654 -7.654 0.000000 3.319721 0.000 0 0.000
33001.00 1221.47 100.138999 0.0000000000000000 0.000000 240.451958 -1204853.034562 30.167097 124.248148 -20.646412 1365.265790 -7.660 -7.660 0.000000 3.319478 0.000 0 0.000
32901.00 1221.28 100.138999 0.0000000000000000 0.000000 240.451958 -1205154.716628 30.169317 124.254069 -20.654064 1365.224916 -7.666 -7.666 0.000000 3.319233 0.000 0 0.000
32801.00 1221.10 100.138999 0.0000000000000000 0.000000 240.451958 -1205456.420924 30.171543 124.259994 -20.661728 1365.184403 -7.673 -7.673 0.000000 3.318988 0.000 0 0.000
32701.00 1220.91 100.138999 0.0000000000000000 0.000000 240.451958 -1205758.147496 30.173772 124.265922 -20.669405 1365.144256 -7.679 -7.679 0.000000 3.318743 0.000 0 0.000
32601.00 1220.73 100.138999 0.0000000000000000 0.000000 240.451958 -1206059.896389 30.176007 124.271855 -20.677094 1365.104479 -7.686 -7.686 0.000000 3.318497 0.000 0 0.000
32501.00 1220.55 100.138999 0.0000000000000000 0.000000 240.451958 -1206361.667652 30.178246 124.277791 -20.684796 1365.065080 -7.692 -7.692 0.000000 3.318251 0.000 0 0.000
32401.00 1220.36 100.138999 0.0000000000000000 0.000000 240.451958 -1206663.461331 30.180490 124.283731 -20.692510 1365.026062 -7.698 -7.698 0.000000 3.318004 0.000 0 0.000
32301.00 1220.18 100.138999 0.0000000000000000 0.000000 240.451958 -1206965.277475 30.182739 124.289674 -20.700237 1364.987431 -7.705 -7.705 0.000000 3.317757 0.000 0 0.000
32201.00 1219.99 100.138999 0.0000000000000000 0.000000 240.451958 -1207267.116133 30.184993 124.295623 -20.707978 1364.949194 -7.711 -7.711 0.000000 3.317509 0.000 0 0.000
32101.00 1219.81 100.138999 0.0000000000000000 0.000000 240.451958 -1207568.977354 30.187252 124.301575 -20.715732 1364.911355 -7.718 -7.718 0.000000 3.317261 0.000 0 0.000
32001.00 1219.62 100.138999 0.0000000000000000 0.000000 240.451958 -1207870.861188 30.189516 124.307532 -20.723499 1364.873921 -7.724 -7.724 0.000000 3.317012 0.000 0 0.000
31901.00 1219.44 100.138999 0.0000000000000000 0.000000 240.451958 -1208172.767685 30.191785 124.313493 -20.731280 1364.836898 -7.731 -7.731 0.000000 3.316763 0.000 0 0.000
31801.00 1219.25 100.138999 0.0000000000000000 0.000000 240.451958 -1208474.696899 30.194059 124.319459 -20.739075 1364.800292 -7.737 -7.737 0.000000 3.316513 0.000 0 0.000
31701.00 1219.07 100.138999 0.0000000000000000 0.000000 240.451958 -1208776.648880 30.196338 124.325429 -20.746884 1364.764109 -7.744 -7.744 0.000000 3.316263 0.000 0 0.000
31601.00 1218.88 100.138999 0.0000000000000000 0.000000 240.451958 -1209078.623681 30.198623 124.331404 -20.754707 1364.728356 -7.751 -7.751 0.000000 3.316012 0.000 0 0.000
31501.00 1218.70 100.138999 0.0000000000000000 0.000000 240.451958 -1209380.621356 30.200913 124.337384 -20.762544 1364.693040 -7.757 -7.757 0.000000 3.315761 0.000 0 0.000
31401.00 1218.51 100.138999 0.0000000000000000 0.000000 240.451958 -1209682.641960 30.203209 124.343369 -20.770397 1364.658166 -7.764 -7.764 0.000000 3.315509 0.000 0 0.000
31301.00 1218.33 100.138999 0.0000000000000000 0.000000 240.451958 -1209984.685547 30.205510 124.349360 -20.778264 1364.623743 -7.771 -7.771 0.000000 3.315256 0.000 0 0.000
31201.00 1218.14 100.138999 0.0000000000000000 0.000000 240.451958 -1210286.752174 30.207817 124.355355 -20.786147 1364.589777 -7.777 -7.777 0.000000 3.315003 0.000 0 0.000
31101.00 1217.96 100.138999 0.0000000000000000 0.000000 240.451958 -1210588.841897 30.210129 124.361356 -20.794044 1364.556276 -7.784 -7.784 0.000000 3.314749 0.000 0 0.000
31001.00 1217.77 100.138999 0.0000000000000000 0.000000 240.451958 -1210890.954773 30.212447 124.367362 -20.801958 1364.523246 -7.791 -7.791 0.000000 3.314495 0.000 0 0.000
30901.00 1217.59 100.138999 0.0000000000000000 0.000000 240.451958 -1211193.090861 30.214771 124.373374 -20.809887 1364.490696 -7.798 -7.798 0.000000 3.314240 0.000 0 0.000
30801.00 1217.40 100.138999 0.0000000000000000 0.000000 240.451958 -1211495.250220 30.217101 124.379392 -20.817832 1364.458633 -7.805 -7.805 0.000000 3.313984 0.000 0 0.000
30701.00 1217.21 100.138999 0.0000000000000000 0.000000 240.451958 -1211797.432910 30.219438 124.385416 -20.825794 1364.427065 -7.812 -7.812 0.000000 3.313728 0.000 0 0.000
30601.00 1217.03 100.138999 0.0000000000000000 0.000000 240.451958 -1212099.638993 30.221780 124.391446 -20.833772 1364.396001 -7.818 -7.818 0.000000 3.313471 0.000 0 0.000
30501.00 1216.84 100.138999 0.0000000000000000 0.000000 240.451958 -1212401.868529 30.224128 124.397482 -20.841768 1364.365449 -7.825 -7.825 0.000000 3.313214 0.000 0 0.000
30401.00 1216.65 100.138999 0.0000000000000000 0.000000 240.451958 -1212704.121582 30.226483 124.403525 -20.849780 1364.335417 -7.832 -7.832 0.000000 3.312956 0.000 0 0.000
30301.00 1216.47 100.138999 0.0000000000000000 0.000000 240.451958 -1213006.398216 30.228845 124.409574 -20.857810 1364.305914 -7.839 -7.839 0.000000 3.312697 0.000 0 0.000
30201.00 1216.28 100.138999 0.0000000000000000 0.000000 240.451958 -1213308.698495 30.231212 124.415630 -20.865857 1364.276949 -7.846 -7.846 0.000000 3.312437 0.000 0 0.000
30101.00 1216.09 100.138999 0.0000000000000000 0.000000 240.451958 -1213611.022486 30.233587 124.421693 -20.873922 1364.248532 -7.853 -7.853 0.000000 3.312177 0.000 0 0.000
30001.00 1215.91 100.138999 0.0000000000000000 0.000000 240.451958 -1213913.370254 30.235968 124.427762 -20.882006 1364.220671 -7.861 -7.861 0.000000 3.311916 0.000 0 0.000
29901.00 1215.72 100.138999 0.0000000000000000 0.000000 240.451958 -1214215.741868 30.238356 124.433839 -20.890108 1364.193378 -7.868 -7.868 0.000000 3.311655 0.000 0 0.000
29801.00 1215.53 100.138999 0.0000000000000000 0.000000 240.451958 -1214518.137397 30.240751 124.439924 -20.898228 1364.166660 -7.875 -7.875 0.000000 3.311393 0.000 0 0.000
29701.00 1215.34 100.138999 0.0000000000000000 0.000000 240.451958 -1214820.556911 30.243153 124.446016 -20.906369 1364.140529 -7.882 -7.882 0.000000 3.311130 0.000 0 0.000
29601.00 1215.16 100.138999 0.0000000000000000 0.000000 240.451958 -1215123.000481 30.245562 124.452116 -20.914528 1364.114996 -7.889 -7.889 0.000000 3.310866 0.000 0 0.000
29501.00 1214.97 100.138999 0.0000000000000000 0.000000 240.451958 -1215425.468179 30.247979 124.458224 -20.922707 1364.090070 -7.896 -7.896 0.000000 3.310601 0.000 0 0.000
29401.00 1214.78 100.138999 0.0000000000000000 0.000000 240.451958 -1215727.960080 30.250403 124.464340 -20.930907 1364.065763 -7.904 -7.904 0.000000 3.310336 0.000 0 0.000
29301.00 1214.59 100.138999 0.0000000000000000 0.000000 240.451958 -1216030.476258 30.252834 124.470464 -20.939127 1364.042086 -7.911 -7.911 0.000000 3.310070 0.000 0 0.000
29201.00 1214.40 100.138999 0.0000000000000000 0.000000 240.451958 -1216333.016788 30.255273 124.476597 -20.947367 1364.019051 -7.918 -7.918 0.000000 3.309803 0.000 0 0.000
29101.00 1214.21 100.138999 0.0000000000000000 0.000000 240.451958 -1216635.581750 30.257720 124.482739 -20.955629 1363.996670 -7.926 -7.926 0.000000 3.309535 0.000 0 0.000
29001.00 1214.03 100.138999 0.0000000000000000 0.000000 240.451958 -1216938.171221 30.260175 124.488889 -20.963913 1363.974954 -7.933 -7.933 0.000000 3.309267 0.000 0 0.000
28901.00 1213.84 100.138999 0.0000000000000000 0.000000 240.451958 -1217240.785281 30.262638 124.495050 -20.972218 1363.953917 -7.941 -7.941 0.000000 3.308998 0.000 0 0.000
28801.00 1213.65 100.138999 0.0000000000000000 0.000000 240.451958 -1217543.424012 30.265109 124.501219 -20.980546 1363.933571 -7.948 -7.948 0.000000 3.308727 0.000 0 0.000
28701.00 1213.46 100.138999 0.0000000000000000 0.000000 240.451958 -1217846.087497 30.267589 124.507399 -20.988896 1363.913929 -7.956 -7.956 0.000000 3.308456 0.000 0 0.000
28601.00 1213.27 100.138999 0.0000000000000000 0.000000 240.451958 -1218148.775820 30.270077 124.513588 -20.997270 1363.895005 -7.963 -7.963 0.000000 3.308184 0.000 0 0.000
28501.00 1213.08 100.138999 0.0000000000000000 0.000000 240.451958 -1218451.489067 30.272574 124.519788 -21.005667 1363.876812 -7.971 -7.971 0.000000 3.307912 0.000 0 0.000
28401.00 1212.89 100.138999 0.0000000000000000 0.000000 240.451958 -1218754.227326 30.275079 124.525998 -21.014088 1363.859366 -7.978 -7.978 0.000000 3.307638 0.000 0 0.000
28301.00 1212.70 100.138999 0.0000000000000000 0.000000 240.451958 -1219056.990687 30.277594 124.532219 -21.022534 1363.842681 -7.986 -7.986 0.000000 3.307363 0.000 0 0.000
28201.00 1212.51 100.138999 0.0000000000000000 0.000000 240.451958 -1219359.779238 30.280118 124.538451 -21.031004 1363.826771 -7.994 -7.994 0.000000 3.307087 0.000 0 0.000
28101.00 1212.32 100.138999 0.0000000000000000 0.000000 240.451958 -1219662.593074 30.282651 124.544694 -21.039500 1363.811652 -8.002 -8.002 0.000000 3.306811 0.000 0 0.000
28001.00 1212.13 100.138999 0.0000000000000000 0.000000 240.451958 -1219965.432288 30.285194 124.550949 -21.048021 1363.797341 -8.009 -8.009 0.000000 3.306533 0.000 0 0.000
27901.00 1211.94 100.138999 0.0000000000000000 0.000000 240.451958 -1220268.296977 30.287746 124.557216 -21.056569 1363.783853 -8.017 -8.017 0.000000 3.306255 0.000 0 0.000
27801.00 1211.75 100.138999 0.0000000000000000 0.000000 240.451958 -1220571.187237 30.290308 124.563496 -21.065143 1363.771206 -8.025 -8.025 0.000000 3.305975 0.000 0 0.000
27701.00 1211.55 100.138999 0.0000000000000000 0.000000 240.451958 -1220874.103169 30.292880 124.569788 -21.073745 1363.759416 -8.033 -8.033 0.000000 3.305694 0.000 0 0.000
27601.00 1211.36 100.138999 0.0000000000000000 0.000000 240.451958 -1221177.044874 30.295463 124.576092 -21.082375 1363.748502 -8.041 -8.041 0.000000 3.305412 0.000 0 0.000
27501.00 1211.17 100.138999 0.0000000000000000 0.000000 240.451958 -1221480.012456 30.298056 124.582411 -21.091033 1363.738481 -8.049 -8.049 0.000000 3.305130 0.000 0 0.000
27401.00 1210.98 100.138999 0.0000000000000000 0.000000 240.451958 -1221783.006020 30.300659 124.588742 -21.099720 1363.729372 -8.057 -8.057 0.000000 3.304846 0.000 0 0.000
27301.00 1210.79 100.138999 0.0000000000000000 0.000000 240.451958 -1222086.025675 30.303274 124.595088 -21.108436 1363.721194 -8.065 -8.065 0.000000 3.304560 0.000 0 0.000
27201.00 1210.59 100.138999 0.0000000000000000 0.000000 240.451958 -1222389.071529 30.305899 124.601448 -21.117182 1363.713968 -8.074 -8.074 0.000000 3.304274 0.000 0 0.000
27101.00 1210.40 100.138999 0.0000000000000000 0.000000 240.451958 -1222692.143695 30.308536 124.607823 -21.125959 1363.707714 -8.082 -8.082 0.000000 3.303987 0.000 0 0.000
27001.00 1210.21 100.138999 0.0000000000000000 0.000000 240.451958 -1222995.242287 30.311184 124.614213 -21.134768 1363.702452 -8.090 -8.090 0.000000 3.303698 0.000 0 0.000
26901.00 1210.01 100.138999 0.0000000000000000 0.000000 240.451958 -1223298.367423 30.313845 124.620618 -21.143608 1363.698204 -8.098 -8.098 0.000000 3.303408 0.000 0 0.000
26801.00 1209.82 100.138999 0.0000000000000000 0.000000 240.451958 -1223601.519220 30.316517 124.627040 -21.152480 1363.694993 -8.107 -8.107 0.000000 3.303117 0.000 0 0.000
26701.00 1209.63 100.138999 0.0000000000000000 0.000000 240.451958 -1223904.697800 30.319201 124.633478 -21.161386 1363.692840 -8.115 -8.115 0.000000 3.302824 0.000 0 0.000
26601.00 1209.43 100.138999 0.0000000000000000 0.000000 240.451958 -1224207.903288 30.321898 124.639932 -21.170326 1363.691770 -8.124 -8.124 0.000000 3.302531 0.000 0 0.000
26501.00 1209.24 100.138999 0.0000000000000000 0.000000 240.451958 -1224511.135811 30.324608 124.646404 -21.179300 1363.691806 -8.132 -8.132 0.000000 3.302236 0.000 0 0.000
26401.00 1209.04 100.138999 0.0000000000000000 0.000000 240.451958 -1224814.395496 30.327331 124.652894 -21.188310 1363.692974 -8.141 -8.141 0.000000 3.301939 0.000 0 0.000
26301.00 1208.85 100.138999 0.0000000000000000 0.000000 240.451958 -1225117.682477 30.330067 124.659401 -21.197355 1363.695298 -8.149 -8.149 0.000000 3.301641 0.000 0 0.000
26201.00 1208.65 100.138999 0.0000000000000000 0.000000 240.451958 -1225420.996889 30.332817 124.665928 -21.206438 1363.698805 -8.158 -8.158 0.000000 3.301342 0.000 0 0.000
26101.00 1208.46 100.138999 0.0000000000000000 0.000000 240.451958 -1225724.338868 30.335581 124.672474 -21.215558 1363.703522 -8.167 -8.167 0.000000 3.301041 0.000 0 0.000
26001.00 1208.26 100.138999 0.0000000000000000 0.000000 240.451958 -1226027.708556 30.338359 124.679039 -21.224716 1363.709476 -8.176 -8.176 0.000000 3.300739 0.000 0 0.000
25901.00 1208.07 100.138999 0.0000000000000000 0.000000 240.451958 -1226331.106098 30.341152 124.685625 -21.233914 1363.716697 -8.184 -8.184 0.000000 3.300435 0.000 0 0.000
25801.00 1207.87 100.138999 0.0000000000000000 0.000000 240.451958 -1226634.531639 30.343959 124.692231 -21.243151 1363.725212 -8.193 -8.193 0.000000 3.300130 0.000 0 0.000
25701.00 1207.67 100.138999 0.0000000000000000 0.000000 240.451958 -1226937.985330 30.346782 124.698859 -21.252430 1363.735054 -8.202 -8.202 0.000000 3.299823 0.000 0 0.000
25601.00 1207.48 100.138999 0.0000000000000000 0.000000 240.451958 -1227241.467325 30.349620 124.705509 -21.261750 1363.746252 -8.211 -8.211 0.000000 3.299514 0.000 0 0.000
25501.00 1207.28 100.138999 0.0000000000000000 0.000000 240.451958 -1227544.977780 30.352474 124.712182 -21.271113 1363.758839 -8.221 -8.221 0.000000 3.299204 0.000 0 0.000
25401.00 1207.08 100.138999 0.0000000000000000 0.000000 240.451958 -1227848.516857 30.355344 124.718878 -21.280519 1363.772847 -8.230 -8.230 0.000000 3.298892 0.000 0 0.000
25301.00 1206.88 100.138999 0.0000000000000000 0.000000 240.451958 -1228152.084720 30.358231 124.725597 -21.289971 1363.788311 -8.239 -8.239 0.000000 3.298578 0.000 0 0.000
25201.00 1206.69 100.138999 0.0000000000000000 0.000000 240.451958 -1228455.681536 30.361135 124.732341 -21.299467 1363.805265 -8.248 -8.248 0.000000 3.298263 0.000 0 0.000
25101.00 1206.49 100.138999 0.0000000000000000 0.000000 240.451958 -1228759.307477 30.364056 124.739111 -21.309011 1363.823745 -8.258 -8.258 0.000000 3.297945 0.000 0 0.000
25001.00 1206.29 100.138999 0.0000000000000000 0.000000 240.451958 -1229062.962719 30.366995 124.745906 -21.318602 1363.843788 -8.267 -8.267 0.000000 3.297626 0.000 0 0.000
24901.00 1206.09 100.138999 0.0000000000000000 0.000000 240.451958 -1229366.647443 30.369952 124.752728 -21.328242 1363.865433 -8.277 -8.277 0.000000 3.297305 0.000 0 0.000
24801.00 1205.89 100.138999 0.0000000000000000 0.000000 240.451958 -1229670.361831 30.372928 124.759577 -21.337932 1363.888718 -8.286 -8.286 0.000000 3.296982 0.000 0 0.000
24701.00 1205.69 100.138999 0.0000000000000000 0.000000 240.451958 -1229974.106073 30.375923 124.766454 -21.347673 1363.913684 -8.296 -8.296 0.000000 3.296657 0.000 0 0.000
24601.00 1205.49 100.138999 0.0000000000000000 0.000000 240.451958 -1230277.880361 30.378938 124.773360 -21.357466 1363.940371 -8.306 -8.306 0.000000 3.296330 0.000 0 0.000
24501.00 1205.29 100.138999 0.0000000000000000 0.000000 240.451958 -1230581.684892 30.381972 124.780296 -21.367312 1363.968824 -8.316 -8.316 0.000000 3.296001 0.000 0 0.000
24401.00 1205.08 100.138999 0.0000000000000000 0.000000 240.451958 -1230885.519869 30.385027 124.787262 -21.377214 1363.999086 -8.326 -8.326 0.000000 3.295669 0.000 0 0.000
24301.00 1204.88 100.138999 0.0000000000000000 0.000000 240.451958 -1231189.385498 30.388103 124.794260 -21.387171 1364.031203 -8.336 -8.336 0.000000 3.295336 0.000 0 0.000
24201.00 1204.68 100.138999 0.0000000000000000 0.000000 240.451958 -1231493.281991 30.391200 124.801290 -21.397185 1364.065220 -8.346 -8.346 0.000000 3.295000 0.000 0 0.000
24101.00 1204.48 100.138999 0.0000000000000000 0.000000 240.451958 -1231797.209566 30.394319 124.808353 -21.407258 1364.101188 -8.356 -8.356 0.000000 3.294662 0.000 0 0.000
24001.00 1204.27 100.138999 0.0000000000000000 0.000000 240.451958 -1232101.168445 30.397461 124.815451 -21.417391 1364.139154 -8.366 -8.366 0.000000 3.294321 0.000 0 0.000
23901.00 1204.07 100.138999 0.0000000000000000 0.000000 240.451958 -1232405.158855 30.400625 124.822583 -21.427586 1364.179171 -8.377 -8.377 0.000000 3.293978 0.000 0 0.000
23801.00 1203.87 100.138999 0.0000000000000000 0.000000 240.451958 -1232709.181029 30.403814 124.829752 -21.437843 1364.221291 -8.387 -8.387 0.000000 3.293633 0.000 0 0.000
23701.00 1203.66 100.138999 0.0000000000000000 0.000000 240.451958 -1233013.235208 30.407026 124.836957 -21.448166 1364.265568 -8.398 -8.398 0.000000 3.293285 0.000 0 0.000
23601.00 1203.46 100.138999 0.0000000000000000 0.000000 240.451958 -1233317.321635 30.410264 124.844201 -21.458554 1364.312060 -8.408 -8.408 0.000000 3.292934 0.000 0 0.000
23501.00 1203.25 100.138999 0.0000000000000000 0.000000 240.451958 -1233621.440563 30.413526 124.851484 -21.469010 1364.360823 -8.419 -8.419 0.000000 3.292581 0.000 0 0.000
23401.00 1203.04 100.138999 0.0000000000000000 0.000000 240.451958 -1233925.592249 30.416815 124.858808 -21.479535 1364.411918 -8.430 -8.430 0.000000 3.292225 0.000 0 0.000
23301.00 1202.84 100.138999 0.0000000000000000 0.000000 240.451958 -1234229.776956 30.420131 124.866173 -21.490131 1364.465406 -8.441 -8.441 0.000000 3.291866 0.000 0 0.000
23201.00 1202.63 100.138999 0.0000000000000000 0.000000 240.451958 -1234533.994957 30.423474 124.873581 -21.500801 1364.521352 -8.452 -8.452 0.000000 3.291504 0.000 0 0.000
23101.00 1202.42 100.138999 0.0000000000000000 0.000000 240.451958 -1234838.246528 30.426845 124.881033 -21.511545 1364.579821 -8.463 -8.463 0.000000 3.291140 0.000 0 0.000
23001.00 1202.21 100.138999 0.0000000000000000 0.000000 240.451958 -1235142.531955 30.430245 124.888531 -21.522366 1364.640880 -8.475 -8.475 0.000000 3.290772 0.000 0 0.000
22901.00 1202.00 100.138999 0.0000000000000000 0.000000 240.451958 -1235446.851530 30.433675 124.896075 -21.533265 1364.704601 -8.486 -8.486 0.000000 3.290401 0.000 0 0.000
22801.00 1201.79 100.138999 0.0000000000000000 0.000000 240.451958 -1235751.205554 30.437135 124.903667 -21.544246 1364.771057 -8.497 -8.497 0.000000 3.290027 0.000 0 0.000
22701.00 1201.58 100.138999 0.0000000000000000 0.000000 240.451958 -1236055.594334 30.440626 124.911309 -21.555309 1364.840321 -8.509 -8.509 0.000000 3.289650 0.000 0 0.000
22601.00 1201.37 100.138999 0.0000000000000000 0.000000 240.451958 -1236360.018187 30.444150 124.919001 -21.566456 1364.912472 -8.521 -8.521 0.000000 3.289269 0.000 0 0.000
22501.00 1201.16 100.138999 0.0000000000000000 0.000000 240.451958 -1236664.477437 30.447706 124.926746 -21.577692 1364.987591 -8.533 -8.533 0.000000 3.288885 0.000 0 0.000
22401.00 1200.95 100.138999 0.0000000000000000 0.000000 240.451958 -1236968.972419 30.451296 124.934545 -21.589016 1365.065761 -8.545 -8.545 0.000000 3.288497 0.000 0 0.000
22301.00 1200.74 100.138999 0.0000000000000000 0.000000 240.451958 -1237273.503474 30.454921 124.942400 -21.600433 1365.147068 -8.557 -8.557 0.000000 3.288106 0.000 0 0.000
22201.00 1200.52 100.138999 0.0000000000000000 0.000000 240.451958 -1237578.070955 30.458581 124.950313 -21.611944 1365.231601 -8.569 -8.569 0.000000 3.287711 0.000 0 0.000
22101.00 1200.31 100.138999 0.0000000000000000 0.000000 240.451958 -1237882.675223 30.462278 124.958284 -21.623552 1365.319453 -8.582 -8.582 0.000000 3.287312 0.000 0 0.000
22001.00 1200.09 100.138999 0.0000000000000000 0.000000 240.451958 -1238187.316650 30.466013 124.966317 -21.635260 1365.410721 -8.594 -8.594 0.000000 3.286909 0.000 0 0.000
21901.00 1199.88 100.138999 0.0000000000000000 0.000000 240.451958 -1238491.995619 30.469787 124.974412 -21.647071 1365.505503 -8.607 -8.607 0.000000 3.286501 0.000 0 0.000
21801.00 1199.66 100.138999 0.0000000000000000 0.000000 240.451958 -1238796.712523 30.473601 124.982572 -21.658986 1365.603904 -8.620 -8.620 0.000000 3.286090 0.000 0 0.000
21701.00 1199.44 100.138999 0.0000000000000000 0.000000 240.451958 -1239101.467766 30.477455 124.990800 -21.671011 1365.706030 -8.633 -8.633 0.000000 3.285675 0.000 0 0.000
21601.00 1199.23 100.138999 0.0000000000000000 0.000000 240.451958 -1239406.261764 30.481352 124.999096 -21.683146 1365.811993 -8.646 -8.646 0.000000 3.285255 0.000 0 0.000
21501.00 1199.01 100.138999 0.0000000000000000 0.000000 240.451958 -1239711.094946 30.485292 125.007463 -21.695397 1365.921910 -8.659 -8.659 0.000000 3.284830 0.000 0 0.000
21401.00 1198.79 100.138999 0.0000000000000000 0.000000 240.451958 -1240015.967753 30.489277 125.015905 -21.707765 1366.035900 -8.673 -8.673 0.000000 3.284401 0.000 0 0.000
21301.00 1198.57 100.138999 0.0000000000000000 0.000000 240.451958 -1240320.880639 30.493308 125.024422 -21.720255 1366.154089 -8.687 -8.687 0.000000 3.283966 0.000 0 0.000
21201.00 1198.35 100.138999 0.0000000000000000 0.000000 240.451958 -1240625.834071 30.497386 125.033018 -21.732871 1366.276608 -8.700 -8.700 0.000000 3.283527 0.000 0 0.000
21101.00 1198.12 100.138999 0.0000000000000000 0.000000 240.451958 -1240930.828532 30.501514 125.041694 -21.745615 1366.403592 -8.714 -8.714 0.000000 3.283083 0.000 0 0.000
21001.00 1197.90 100.138999 0.0000000000000000 0.000000 240.451958 -1241235.864518 30.505692 125.050455 -21.758493 1366.535183 -8.729 -8.729 0.000000 3.282633 0.000 0 0.000
20901.00 1197.68 100.138999 0.0000000000000000 0.000000 240.451958 -1241540.942542 30.509922 125.059302 -21.771507 1366.671527 -8.743 -8.743 0.000000 3.282178 0.000 0 0.000
20801.00 1197.45 100.138999 0.0000000000000000 0.000000 240.451958 -1241846.063132 30.514205 125.068239 -21.784663 1366.812780 -8.758 -8.758 0.000000 3.281717 0.000 0 0.000
20701.00 1197.23 100.138999 0.0000000000000000 0.000000 240.451958 -1242151.226834 30.518544 125.077269 -21.797965 1366.959100 -8.772 -8.772 0.000000 3.281251 0.000 0 0.000
20601.00 1197.00 100.138999 0.0000000000000000 0.000000 240.451958 -1242456.434209 30.522940 125.086394 -21.811417 1367.110656 -8.787 -8.787 0.000000 3.280778 0.000 0 0.000
20501.00 1196.77 100.138999 0.0000000000000000 0.000000 240.451958 -1242761.685839 30.527396 125.095619 -21.825024 1367.267622 -8.803 -8.803 0.000000 3.280299 0.000 0 0.000
20401.00 1196.54 100.138999 0.0000000000000000 0.000000 240.451958 -1243066.982324 30.531912 125.104947 -21.838792 1367.430180 -8.818 -8.818 0.000000 3.279814 0.000 0 0.000
20301.00 1196.31 100.138999 0.0000000000000000 0.000000 240.451958 -1243372.324283 30.536491 125.114381 -21.852726 1367.598521 -8.834 -8.834 0.000000 3.279322 0.000 0 0.000
20201.00 1196.08 100.138999 0.0000000000000000 0.000000 240.451958 -1243677.712359 30.541135 125.123925 -21.866832 1367.772844 -8.849 -8.849 0.000000 3.278824 0.000 0 0.000
20101.00 1195.85 100.138999 0.0000000000000000 0.000000 240.451958 -1243983.147213 30.545847 125.133584 -21.881114 1367.953358 -8.865 -8.865 0.000000 3.278318 0.000 0 0.000
20001.00 1195.61 100.138999 0.0000000000000000 0.000000 240.451958 -1244288.629531 30.550628 125.143361 -21.895580 1368.140281 -8.882 -8.882 0.000000 3.277805 0.000 0 0.000
19901.00 1195.38 100.138999 0.0000000000000000 0.000000 240.451958 -1244594.160022 30.555482 125.153262 -21.910235 1368.333840 -8.898 -8.898 0.000000 3.277284 0.000 0 0.000
19801.00 1195.14 100.138999 0.0000000000000000 0.000000 240.451958 -1244899.739421 30.560410 125.163290 -21.925087 1368.534276 -8.915 -8.915 0.000000 3.276756 0.000 0 0.000
19701.00 1194.90 100.138999 0.0000000000000000 0.000000 240.451958 -1245205.368488 30.565416 125.173451 -21.940142 1368.741838 -8.932 -8.932 0.000000 3.276219 0.000 0 0.000
19601.00 1194.66 100.138999 0.0000000000000000 0.000000 240.451958 -1245511.048012 30.570502 125.183749 -21.955408 1368.956789 -8.949 -8.949 0.000000 3.275674 0.000 0 0.000
19501.00 1194.42 100.138999 0.0000000000000000 0.000000 240.451958 -1245816.778810 30.575671 125.194191 -21.970892 1369.179405 -8.967 -8.967 0.000000 3.275120 0.000 0 0.000
19401.00 1194.18 100.138999 0.0000000000000000 0.000000 240.451958 -1246122.561728 30.580927 125.204781 -21.986602 1369.409973 -8.985 -8.985 0.000000 3.274557 0.000 0 0.000
19301.00 1193.94 100.138999 0.0000000000000000 0.000000 240.451958 -1246428.397647 30.586272 125.215526 -22.002548 1369.648798 -9.003 -9.003 0.000000 3.273985 0.000 0 0.000
19201.00 1193.69 100.138999 0.0000000000000000 0.000000 240.451958 -1246734.287478 30.591710 125.226431 -22.018737 1369.896197 -9.021 -9.021 0.000000 3.273403 0.000 0 0.000
19101.00 1193.44 100.138999 0.0000000000000000 0.000000 240.451958 -1247040.232169 30.597245 125.237504 -22.035180 1370.152503 -9.040 -9.040 0.000000 3.272811 0.000 0 0.000
19001.00 1193.20 100.138999 0.0000000000000000 0.000000 240.451958 -1247346.232703 30.602879 125.248751 -22.051886 1370.418069 -9.059 -9.059 0.000000 3.272208 0.000 0 0.000
18901.00 1192.94 100.138999 0.0000000000000000 0.000000 240.451958 -1247652.290105 30.608619 125.260180 -22.068865 1370.693263 -9.079 -9.079 0.000000 3.271595 0.000 0 0.000
18801.00 1192.69 100.138999 0.0000000000000000 0.000000 240.451958 -1247958.405437 30.614466 125.271797 -22.086129 1370.978473 -9.098 -9.098 0.000000 3.270970 0.000 0 0.000
18701.00 1192.44 100.138999 0.0000000000000000 0.000000 240.451958 -1248264.579805 30.620427 125.283612 -22.103688 1371.274105 -9.118 -9.118 0.000000 3.270333 0.000 0 0.000
18601.00 1192.18 100.138999 0.0000000000000000 0.000000 240.451958 -1248570.814363 30.626505 125.295632 -22.121555 1371.580590 -9.139 -9.139 0.000000 3.269684 0.000 0 0.000
18501.00 1191.92 100.138999 0.0000000000000000 0.000000 240.451958 -1248877.110307 30.632705 125.307867 -22.139743 1371.898378 -9.160 -9.160 0.000000 3.269022 0.000 0 0.000
18401.00 1191.66 100.138999 0.0000000000000000 0.000000 240.451958 -1249183.468888 30.639033 125.320325 -22.158265 1372.227944 -9.181 -9.181 0.000000 3.268347 0.000 0 0.000
18301.00 1191.40 100.138999 0.0000000000000000 0.000000 240.451958 -1249489.891406 30.645493 125.333017 -22.177135 1372.569787 -9.202 -9.202 0.000000 3.267658 0.000 0 0.000
18201.00 1191.13 100.138999 0.0000000000000000 0.000000 240.451958 -1249796.379218 30.652093 125.345952 -22.196368 1372.924435 -9.224 -9.224 0.000000 3.266955 0.000 0 0.000
18101.00 1190.86 100.138999 0.0000000000000000 0.000000 240.451958 -1250102.933740 30.658836 125.359143 -22.215979 1373.292442 -9.247 -9.247 0.000000 3.266236 0.000 0 0.000
18001.00 1190.59 100.138999 0.0000000000000000 0.000000 240.451958 -1250409.556448 30.665731 125.372600 -22.235985 1373.674391 -9.269 -9.269 0.000000 3.265502 0.000 0 0.000
17901.00 1190.32 100.138999 0.0000000000000000 0.000000 240.451958 -1250716.248884 30.672783 125.386336 -22.256404 1374.070897 -9.293 -9.293 0.000000 3.264751 0.000 0 0.000
17801.00 1190.04 100.138999 0.0000000000000000 0.000000 240.451958 -1251023.012658 30.680000 125.400364 -22.277254 1374.482609 -9.316 -9.316 0.000000 3.263983 0.000 0 0.000
17701.00 1189.76 100.138999 0.0000000000000000 0.000000 240.451958 -1251329.849452 30.687388 125.414696 -22.298554 1374.910209 -9.340 -9.340 0.000000 3.263197 0.000 0 0.000
17601.00 1189.48 100.138999 0.0000000000000000 0.000000 240.451958 -1251636.761024 30.694957 125.429348 -22.320325 1375.354417 -9.365 -9.365 0.000000 3.262393 0.000 0 0.000
17501.00 1189.19 100.138999 0.0000000000000000 0.000000 240.451958 -1251943.749214 30.702713 125.444334 -22.342588 1375.815991 -9.390 -9.390 0.000000 3.261568 0.000 0 0.000
17401.00 1188.90 100.138999 0.0000000000000000 0.000000 240.451958 -1252250.815943 30.710666 125.459671 -22.365367 1376.295729 -9.416 -9.416 0.000000 3.260724 0.000 0 0.000
17301.00 1188.61 100.138999 0.0000000000000000 0.000000 240.451958 -1252557.963225 30.718825 125.475375 -22.388684 1376.794473 -9.442 -9.442 0.000000 3.259858 0.000 0 0.000
17201.00 1188.40 100.138999 0.0000000000000000 0.000000 240.451958 -1252865.178523 30.722886 125.483981 -22.400687 1376.908379 -9.455 -9.455 0.000000 3.259427 0.000 0 0.000
17101.00 1188.24 100.138999 0.0000000000000000 0.000000 240.451958 -1253172.417796 30.724968 125.489152 -22.407232 1376.836460 -9.460 -9.460 0.000000 3.259206 0.000 0 0.000
17001.00 1188.07 100.138999 0.0000000000000000 0.000000 240.451958 -1253479.677893 30.727051 125.494322 -22.413779 1376.764546 -9.466 -9.466 0.000000 3.258985 0.000 0 0.000
16901.00 1187.91 100.138999 0.0000000000000000 0.000000 240.451958 -1253786.958826 30.729135 125.499490 -22.420325 1376.692638 -9.472 -9.472 0.000000 3.258764 0.000 0 0.000
16801.00 1187.74 100.138999 0.0000000000000000 0.000000 240.451958 -1254094.260604 30.731220 125.504656 -22.426873 1376.620734 -9.477 -9.477 0.000000 3.258543 0.000 0 0.000
16701.00 1187.57 100.138999 0.0000000000000000 0.000000 240.451958 -1254401.583238 30.733306 125.509821 -22.433420 1376.548835 -9.483 -9.483 0.000000 3.258322 0.000 0 0.000
16601.00 1187.41 100.138999 0.0000000000000000 0.000000 240.451958 -1254708.926736 30.735393 125.514984 -22.439969 1376.476941 -9.489 -9.489 0.000000 3.258100 0.000 0 0.000
16501.00 1187.24 100.138999 0.0000000000000000 0.000000 240.451958 -1255016.291109 30.737481 125.520145 -22.446518 1376.405052 -9.494 -9.494 0.000000 3.257879 0.000 0 0.000
16401.00 1187.07 100.138999 0.0000000000000000 0.000000 240.451958 -1255323.676367 30.739570 125.525304 -22.453067 1376.333167 -9.500 -9.500 0.000000 3.257658 0.000 0 0.000
16301.00 1186.91 100.138999 0.0000000000000000 0.000000 240.451958 -1255631.082519 30.741660 125.530462 -22.459618 1376.261286 -9.506 -9.506 0.000000 3.257436 0.000 0 0.000
16201.00 1186.74 100.138999 0.0000000000000000 0.000000 240.451958 -1255938.509576 30.743751 125.535618 -22.466168 1376.189410 -9.511 -9.511 0.000000 3.257215 0.000 0 0.000
16101.00 1186.57 100.138999 0.0000000000000000 0.000000 240.451958 -1256245.957548 30.745843 125.540773 -22.472720 1376.117538 -9.517 -9.517 0.000000 3.256993 0.000 0 0.000
16001.00 1186.41 100.138999 0.0000000000000000 0.000000 240.451958 -1256553.426445 30.747936 125.545925 -22.479272 1376.045669 -9.523 -9.523 0.000000 3.256771 0.000 0 0.000
15901.00 1186.24 100.138999 0.0000000000000000 0.000000 240.451958 -1256860.916277 30.750030 125.551076 -22.485824 1375.973805 -9.528 -9.528 0.000000 3.256550 0.000 0 0.000
15801.00 1186.08 100.138999 0.0000000000000000 0.000000 240.451958 -1257168.427053 30.752125 125.556225 -22.492377 1375.901944 -9.534 -9.534 0.000000 3.256328 0.000 0 0.000
15701.00 1185.91 100.138999 0.0000000000000000 0.000000 240.451958 -1257475.958784 30.754221 125.561373 -22.498931 1375.830087 -9.540 -9.540 0.000000 3.256106 0.000 0 0.000
15601.00 1185.74 100.138999 0.0000000000000000 0.000000 240.451958 -1257783.511480 30.756318 125.566519 -22.505485 1375.758234 -9.545 -9.545 0.000000 3.255884 0.000 0 0.000
15501.00 1185.58 100.138999 0.0000000000000000 0.000000 240.451958 -1258091.085150 30.758416 125.571663 -22.512040 1375.686383 -9.551 -9.551 0.000000 3.255662 0.000 0 0.000
15401.00 1185.41 100.138999 0.0000000000000000 0.000000 240.451958 -1258398.679806 30.760515 125.576805 -22.518596 1375.614536 -9.557 -9.557 0.000000 3.255440 0.000 0 0.000
15301.00 1185.24 100.138999 0.0000000000000000 0.000000 240.451958 -1258706.295457 30.762615 125.581946 -22.525152 1375.542692 -9.563 -9.563 0.000000 3.255217 0.000 0 0.000
15201.00 1185.08 100.138999 0.0000000000000000 0.000000 240.451958 -1259013.932113 30.764716 125.587085 -22.531708 1375.470851 -9.568 -9.568 0.000000 3.254995 0.000 0 0.000
15101.00 1184.91 100.138999 0.0000000000000000 0.000000 240.451958 -1259321.589784 30.766818 125.592222 -22.538266 1375.399013 -9.574 -9.574 0.000000 3.254773 0.000 0 0.000
15001.00 1184.75 100.138999 0.0000000000000000 0.000000 240.451958 -1259629.268481 30.768921 125.597357 -22.544823 1375.327177 -9.580 -9.580 0.000000 3.254550 0.000 0 0.000
14901.00 1184.58 100.138999 0.0000000000000000 0.000000 240.451958 -1259936.968214 30.771025 125.602491 -22.551382 1375.255344 -9.585 -9.585 0.000000 3.254328 0.000 0 0.000
14801.00 1184.41 100.138999 0.0000000000000000 0.000000 240.451958 -1260244.688992 30.773130 125.607623 -22.557941 1375.183514 -9.591 -9.591 0.000000 3.254105 0.000 0 0.000
14701.00 1184.25 100.138999 0.0000000000000000 0.000000 240.451958 -1260552.430826 30.775237 125.612754 -22.564501 1375.111685 -9.597 -9.597 0.000000 3.253882 0.000 0 0.000
14601.00 1184.08 100.138999 0.0000000000000000 0.000000 240.451958 -1260860.193727 30.777344 125.617882 -22.571061 1375.039859 -9.602 -9.602 0.000000 3.253660 0.000 0 0.000
14501.00 1183.91 100.138999 0.0000000000000000 0.000000 240.451958 -1261167.977705 30.779452 125.623009 -22.577622 1374.968035 -9.608 -9.608 0.000000 3.253437 0.000 0 0.000
14401.00 1183.75 100.138999 0.0000000000000000 0.000000 240.451958 -1261475.782769 30.781561 125.628135 -22.584183 1374.896212 -9.614 -9.614 0.000000 3.253214 0.000 0 0.000
14301.00 1183.58 100.138999 0.0000000000000000 0.000000 240.451958 -1261783.608930 30.783671 125.633258 -22.590745 1374.824391 -9.620 -9.620 0.000000 3.252991 0.000 0 0.000
14201.00 1183.42 100.138999 0.0000000000000000 0.000000 240.451958 -1262091.456198 30.785783 125.638380 -22.597308 1374.752572 -9.625 -9.625 0.000000 3.252768 0.000 0 0.000
14101.00 1183.25 100.138999 0.0000000000000000 0.000000 240.451958 -1262399.324584 30.787895 125.643500 -22.603871 1374.680755 -9.631 -9.631 0.000000 3.252545 0.000 0 0.000
14001.00 1183.08 100.138999 0.0000000000000000 0.000000 240.451958 -1262707.214098 30.790008 125.648618 -22.610435 1374.608938 -9.637 -9.637 0.000000 3.252321 0.000 0 0.000
13901.00 1182.92 100.138999 0.0000000000000000 0.000000 240.451958 -1263015.124751 30.792122 125.653735 -22.616999 1374.537123 -9.643 -9.643 0.000000 3.252098 0.000 0 0.000
13801.00 1182.75 100.138999 0.0000000000000000 0.000000 240.451958 -1263323.056552 30.794238 125.658850 -22.623564 1374.465308 -9.648 -9.648 0.000000 3.251875 0.000 0 0.000
13701.00 1182.59 100.138999 0.0000000000000000 0.000000 240.451958 -1263631.009512 30.796354 125.663963 -22.630130 1374.393495 -9.654 -9.654 0.000000 3.251651 0.000 0 0.000
13601.00 1182.42 100.138999 0.0000000000000000 0.000000 240.451958 -1263938.983641 30.798472 125.669075 -22.636696 1374.321682 -9.660 -9.660 0.000000 3.251428 0.000 0 0.000
13501.00 1182.25 100.138999 0.0000000000000000 0.000000 240.451958 -1264246.978950 30.800590 125.674185 -22.643263 1374.249870 -9.665 -9.665 0.000000 3.251204 0.000 0 0.000
13401.00 1182.09 100.138999 0.0000000000000000 0.000000 240.451958 -1264554.995450 30.802710 125.679293 -22.649830 1374.178058 -9.671 -9.671 0.000000 3.250980 0.000 0 0.000
13301.00 1181.92 100.138999 0.0000000000000000 0.000000 240.451958 -1264863.033150 30.804830 125.684399 -22.656398 1374.106247 -9.677 -9.677 0.000000 3.250756 0.000 0 0.000
13201.00 1181.76 100.138999 0.0000000000000000 0.000000 240.451958 -1265171.092061 30.806952 125.689504 -22.662967 1374.034435 -9.683 -9.683 0.000000 3.250533 0.000 0 0.000
13101.00 1181.59 100.138999 0.0000000000000000 0.000000 240.451958 -1265479.172194 30.809075 125.694607 -22.669536 1373.962624 -9.688 -9.688 0.000000 3.250309 0.000 0 0.000
13001.00 1181.42 100.138999 0.0000000000000000 0.000000 240.451958 -1265787.273559 30.811198 125.699708 -22.676106 1373.890813 -9.694 -9.694 0.000000 3.250085 0.000 0 0.000
12901.00 1181.26 100.138999 0.0000000000000000 0.000000 240.451958 -1266095.396166 30.813323 125.704808 -22.682677 1373.819001 -9.700 -9.700 0.000000 3.249860 0.000 0 0.000
12801.00 1181.09 100.138999 0.0000000000000000 0.000000 240.451958 -1266403.540027 30.815449 125.709906 -22.689248 1373.747188 -9.706 -9.706 0.000000 3.249636 0.000 0 0.000
12701.00 1180.92 100.138999 0.0000000000000000 0.000000 240.451958 -1266711.705151 30.817576 125.715002 -22.695820 1373.675376 -9.711 -9.711 0.000000 3.249412 0.000 0 0.000
12601.00 1180.76 100.138999 0.0000000000000000 0.000000 240.451958 -1267019.891550 30.819704 125.720096 -22.702392 1373.603562 -9.717 -9.717 0.000000 3.249188 0.000 0 0.000
12501.00 1180.59 100.138999 0.0000000000000000 0.000000 240.451958 -1267328.099233 30.821833 125.725189 -22.708965 1373.531747 -9.723 -9.723 0.000000 3.248963 0.000 0 0.000
12401.00 1180.43 100.138999 0.0000000000000000 0.000000 240.451958 -1267636.328212 30.823963 125.730280 -22.715539 1373.459932 -9.729 -9.729 0.000000 3.248739 0.000 0 0.000
12301.00 1180.26 100.138999 0.0000000000000000 0.000000 240.451958 -1267944.578498 30.826094 125.735369 -22.722113 1373.388115 -9.734 -9.734 0.000000 3.248514 0.000 0 0.000
12201.00 1180.09 100.138999 0.0000000000000000 0.000000 240.451958 -1268252.850099 30.828226 125.740457 -22.728688 1373.316297 -9.740 -9.740 0.000000 3.248289 0.000 0 0.000
12101.00 1179.93 100.138999 0.0000000000000000 0.000000 240.451958 -1268561.143029 30.830360 125.745543 -22.735263 1373.244477 -9.746 -9.746 0.000000 3.248065 0.000 0 0.000
12001.00 1179.76 100.138999 0.0000000000000000 0.000000 240.451958 -1268869.457296 30.832494 125.750627 -22.741840 1373.172656 -9.752 -9.752 0.000000 3.247840 0.000 0 0.000
11901.00 1179.60 100.138999 0.0000000000000000 0.000000 240.451958 -1269177.792912 30.834629 125.755709 -22.748416 1373.100832 -9.757 -9.757 0.000000 3.247615 0.000 0 0.000
11801.00 1179.43 100.138999 0.0000000000000000 0.000000 240.451958 -1269486.149888 30.836766 125.760790 -22.754994 1373.029007 -9.763 -9.763 0.000000 3.247390 0.000 0 0.000
11701.00 1179.26 100.138999 0.0000000000000000 0.000000 240.451958 -1269794.528234 30.838903 125.765869 -22.761572 1372.957180 -9.769 -9.769 0.000000 3.247165 0.000 0 0.000
11601.00 1179.10 100.138999 0.0000000000000000 0.000000 240.451958 -1270102.927961 30.841042 125.770946 -22.768150 1372.885350 -9.775 -9.775 0.000000 3.246940 0.000 0 0.000
11501.00 1178.93 100.138999 0.0000000000000000 0.000000 240.451958 -1270411.349080 30.843182 125.776022 -22.774729 1372.813518 -9.781 -9.781 0.000000 3.246714 0.000 0 0.000
11401.00 1178.77 100.138999 0.0000000000000000 0.000000 240.451958 -1270719.791601 30.845323 125.781096 -22.781309 1372.741683 -9.786 -9.786 0.000000 3.246489 0.000 0 0.000
11301.00 1178.60 100.138999 0.0000000000000000 0.000000 240.451958 -1271028.255536 30.847465 125.786168 -22.787890 1372.669845 -9.792 -9.792 0.000000 3.246264 0.000 0 0.000
11201.00 1178.43 100.138999 0.0000000000000000 0.000000 240.451958 -1271336.740895 30.849607 125.791238 -22.794471 1372.598005 -9.798 -9.798 0.000000 3.246038 0.000 0 0.000
11101.00 1178.27 100.138999 0.0000000000000000 0.000000 240.451958 -1271645.247689 30.851752 125.796307 -22.801053 1372.526161 -9.804 -9.804 0.000000 3.245812 0.000 0 0.000
11001.00 1178.10 100.138999 0.0000000000000000 0.000000 240.451958 -1271953.775930 30.853897 125.801374 -22.807635 1372.454314 -9.809 -9.809 0.000000 3.245587 0.000 0 0.000
10901.00 1177.94 100.138999 0.0000000000000000 0.000000 240.451958 -1272262.325627 30.856043 125.806439 -22.814218 1372.382464 -9.815 -9.815 0.000000 3.245361 0.000 0 0.000
10801.00 1177.77 100.138999 0.0000000000000000 0.000000 240.451958 -1272570.896792 30.858190 125.811503 -22.820802 1372.310610 -9.821 -9.821 0.000000 3.245135 0.000 0 0.000
10701.00 1177.60 100.138999 0.0000000000000000 0.000000 240.451958 -1272879.489436 30.860339 125.816565 -22.827386 1372.238752 -9.827 -9.827 0.000000 3.244909 0.000 0 0.000
10601.00 1177.44 100.138999 0.0000000000000000 0.000000 240.451958 -1273188.103570 30.862488 125.821625 -22.833971 1372.166891 -9.833 -9.833 0.000000 3.244683 0.000 0 0.000
10501.00 1177.27 100.138999 0.0000000000000000 0.000000 240.451958 -1273496.739204 30.864639 125.826683 -22.840556 1372.095025 -9.838 -9.838 0.000000 3.244457 0.000 0 0.000
10401.00 1177.11 100.138999 0.0000000000000000 0.000000 240.451958 -1273805.396350 30.866791 125.831740 -22.847143 1372.023155 -9.844 -9.844 0.000000 3.244231 0.000 0 0.000
10301.00 1176.94 100.138999 0.0000000000000000 0.000000 240.451958 -1274114.075019 30.868943 125.836795 -22.853730 1371.951281 -9.850 -9.850 0.000000 3.244005 0.000 0 0.000
10201.00 1176.77 100.138999 0.0000000000000000 0.000000 240.451958 -1274422.775222 30.871097 125.841848 -22.860317 1371.879401 -9.856 -9.856 0.000000 3.243778 0.000 0 0.000
10101.00 1176.61 100.138999 0.0000000000000000 0.000000 240.451958 -1274731.496970 30.873252 125.846899 -22.866905 1371.807518 -9.862 -9.862 0.000000 3.243552 0.000 0 0.000
10001.00 1176.44 100.138999 0.0000000000000000 0.000000 240.451958 -1275040.240274 30.875409 125.851949 -22.873494 1371.735629 -9.867 -9.867 0.000000 3.243325 0.000 0 0.000
9901.00 1176.28 100.138999 0.0000000000000000 0.000000 240.451958 -1275349.005144 30.877566 125.856997 -22.880083 1371.663735 -9.873 -9.873 0.000000 3.243099 0.000 0 0.000
9801.00 1176.11 100.138999 0.0000000000000000 0.000000 240.451958 -1275657.791594 30.879724 125.862044 -22.886673 1371.591836 -9.879 -9.879 0.000000 3.242872 0.000 0 0.000
9701.00 1175.95 100.138999 0.0000000000000000 0.000000 240.451958 -1275966.599632 30.881884 125.867088 -22.893264 1371.519931 -9.885 -9.885 0.000000 3.242645 0.000 0 0.000
9601.00 1175.78 100.138999 0.0000000000000000 0.000000 240.451958 -1276275.429272 30.884044 125.872131 -22.899855 1371.448021 -9.891 -9.891 0.000000 3.242419 0.000 0 0.000
9501.00 1175.61 100.138999 0.0000000000000000 0.000000 240.451958 -1276584.280980 30.887007 125.876786 -22.910578 1371.397331 -9.895 -9.895 0.000000 3.242108 0.000 0 0.000
9401.00 1175.38 100.138999 0.0000000000000000 0.000000 240.451958 -1276893.196748 30.896132 125.878484 -22.953010 1371.507004 -9.890 -9.890 0.000000 3.241150 0.000 0 0.000
9301.00 1175.15 100.138999 0.0000000000000000 0.000000 240.451958 -1277202.203333 30.905171 125.880251 -22.994881 1371.609167 -9.884 -9.884 0.000000 3.240202 0.000 0 0.000
9201.00 1174.92 100.138999 0.0000000000000000 0.000000 240.451958 -1277511.299905 30.914130 125.882083 -23.036217 1371.703926 -9.879 -9.879 0.000000 3.239263 0.000 0 0.000
9101.00 1174.69 100.138999 0.0000000000000000 0.000000 240.451958 -1277820.485684 30.923014 125.883978 -23.077041 1371.791375 -9.874 -9.874 0.000000 3.238332 0.000 0 0.000
9001.00 1174.46 100.138999 0.0000000000000000 0.000000 240.451958 -1278129.759940 30.931826 125.885933 -23.117379 1371.871600 -9.869 -9.869 0.000000 3.237410 0.000 0 0.000
8901.00 1174.24 100.138999 0.0000000000000000 0.000000 240.451958 -1278439.121990 30.940573 125.887947 -23.157254 1371.944676 -9.864 -9.864 0.000000 3.236495 0.000 0 0.000
8801.00 1174.01 100.138999 0.0000000000000000 0.000000 240.451958 -1278748.571201 30.949259 125.890017 -23.196689 1372.010672 -9.859 -9.859 0.000000 3.235586 0.000 0 0.000
8701.00 1173.79 100.138999 0.0000000000000000 0.000000 240.451958 -1279058.106989 30.957889 125.892140 -23.235710 1372.069644 -9.854 -9.854 0.000000 3.234684 0.000 0 0.000
8601.00 1173.56 100.138999 0.0000000000000000 0.000000 240.451958 -1279367.728817 30.966468 125.894315 -23.274338 1372.121639 -9.850 -9.850 0.000000 3.233788 0.000 0 0.000
8501.00 1173.34 100.138999 0.0000000000000000 0.000000 240.451958 -1279677.436201 30.975001 125.896539 -23.312598 1372.166697 -9.845 -9.845 0.000000 3.232897 0.000 0 0.000
8401.00 1173.12 100.138999 0.0000000000000000 0.000000 240.451958 -1279987.228704 30.983493 125.898810 -23.350513 1372.204845 -9.840 -9.840 0.000000 3.232011 0.000 0 0.000
8301.00 1172.90 100.138999 0.0000000000000000 0.000000 240.451958 -1280297.105938 30.991948 125.901126 -23.388106 1372.236101 -9.836 -9.836 0.000000 3.231130 0.000 0 0.000
8201.00 1172.67 100.138999 0.0000000000000000 0.000000 240.451958 -1280607.067570 31.000373 125.903485 -23.425401 1372.260472 -9.831 -9.831 0.000000 3.230251 0.000 0 0.000
8101.00 1172.45 100.138999 0.0000000000000000 0.000000 240.451958 -1280917.113314 31.008772 125.905884 -23.462422 1372.277956 -9.826 -9.826 0.000000 3.229376 0.000 0 0.000
8001.00 1172.23 100.138999 0.0000000000000000 0.000000 240.451958 -1281227.242940 31.017150 125.908323 -23.499192 1372.288540 -9.822 -9.822 0.000000 3.228504 0.000 0 0.000
7901.00 1172.01 100.138999 0.0000000000000000 0.000000 240.451958 -1281537.456269 31.025513 125.910798 -23.535735 1372.292197 -9.817 -9.817 0.000000 3.227634 0.000 0 0.000
7801.00 1171.79 100.138999 0.0000000000000000 0.000000 240.451958 -1281847.753178 31.033867 125.913309 -23.572075 1372.288892 -9.813 -9.813 0.000000 3.226765 0.000 0 0.000
7701.00 1171.57 100.138999 0.0000000000000000 0.000000 240.451958 -1282158.133599 31.042217 125.915852 -23.608238 1372.278576 -9.808 -9.808 0.000000 3.225897 0.000 0 0.000
7601.00 1171.34 100.138999 0.0000000000000000 0.000000 240.451958 -1282468.597522 31.050569 125.918426 -23.644247 1372.261189 -9.804 -9.804 0.000000 3.225029 0.000 0 0.000
7501.00 1171.12 100.138999 0.0000000000000000 0.000000 240.451958 -1282779.144995 31.058928 125.921030 -23.680130 1372.236658 -9.799 -9.799 0.000000 3.224161 0.000 0 0.000
7401.00 1170.90 100.138999 0.0000000000000000 0.000000 240.451958 -1283089.776128 31.067301 125.923660 -23.715910 1372.204896 -9.794 -9.794 0.000000 3.223292 0.000 0 0.000
7301.00 1170.68 100.138999 0.0000000000000000 0.000000 240.451958 -1283400.491091 31.075695 125.926316 -23.751616 1372.165805 -9.790 -9.790 0.000000 3.222422 0.000 0 0.000
7201.00 1170.46 100.138999 0.0000000000000000 0.000000 240.451958 -1283711.290119 31.084116 125.928995 -23.787273 1372.119270 -9.785 -9.785 0.000000 3.221549 0.000 0 0.000
7101.00 1170.24 100.138999 0.0000000000000000 0.000000 240.451958 -1284022.173515 31.092570 125.931696 -23.822909 1372.065166 -9.780 -9.780 0.000000 3.220673 0.000 0 0.000
7001.00 1170.02 100.138999 0.0000000000000000 0.000000 240.451958 -1284333.141646 31.101064 125.934416 -23.858553 1372.003350 -9.775 -9.775 0.000000 3.219793 0.000 0 0.000
6901.00 1169.79 100.138999 0.0000000000000000 0.000000 240.451958 -1284644.194954 31.109606 125.937154 -23.894234 1371.933668 -9.770 -9.770 0.000000 3.218909 0.000 0 0.000
6801.00 1169.57 100.138999 0.0000000000000000 0.000000 240.451958 -1284955.333951 31.118203 125.939908 -23.929980 1371.855948 -9.765 -9.765 0.000000 3.218020 0.000 0 0.000
6701.00 1169.35 100.138999 0.0000000000000000 0.000000 240.451958 -1285266.559223 31.126863 125.942677 -23.965822 1371.770005 -9.760 -9.760 0.000000 3.217125 0.000 0 0.000
6601.00 1169.12 100.138999 0.0000000000000000 0.000000 240.451958 -1285577.871436 31.135592 125.945457 -24.001790 1371.675642 -9.755 -9.755 0.000000 3.216223 0.000 0 0.000
6501.00 1168.90 100.138999 0.0000000000000000 0.000000 240.451958 -1285889.271331 31.144400 125.948248 -24.037916 1371.572646 -9.749 -9.749 0.000000 3.215313 0.000 0 0.000
6401.00 1168.68 100.138999 0.0000000000000000 0.000000 240.451958 -1286200.759733 31.153295 125.951048 -24.074231 1371.460792 -9.744 -9.744 0.000000 3.214395 0.000 0 0.000
6301.00 1168.45 100.138999 0.0000000000000000 0.000000 240.451958 -1286512.337547 31.162284 125.953856 -24.110768 1371.339845 -9.738 -9.738 0.000000 3.213468 0.000 0 0.000
6201.00 1168.22 100.138999 0.0000000000000000 0.000000 240.451958 -1286824.005763 31.171377 125.956668 -24.147558 1371.209558 -9.732 -9.732 0.000000 3.212531 0.000 0 0.000
6101.00 1168.00 100.138999 0.0000000000000000 0.000000 240.451958 -1287135.765454 31.180581 125.959485 -24.184633 1371.069678 -9.726 -9.726 0.000000 3.211582 0.000 0 0.000
6001.00 1167.77 100.138999 0.0000000000000000 0.000000 240.451958 -1287447.617777 31.189905 125.962305 -24.222025 1370.919949 -9.719 -9.719 0.000000 3.210622 0.000 0 0.000
5901.00 1167.54 100.138999 0.0000000000000000 0.000000 240.451958 -1287759.563974 31.199357 125.965125 -24.259766 1370.760114 -9.712 -9.712 0.000000 3.209649 0.000 0 0.000
5801.00 1167.31 100.138999 0.0000000000000000 0.000000 240.451958 -1288071.605365 31.208945 125.967946 -24.297884 1370.589919 -9.705 -9.705 0.000000 3.208663 0.000 0 0.000
5701.00 1167.08 100.138999 0.0000000000000000 0.000000 240.451958 -1288383.743351 31.218677 125.970766 -24.336408 1370.409121 -9.698 -9.698 0.000000 3.207663 0.000 0 0.000
5601.00 1166.85 100.138999 0.0000000000000000 0.000000 240.451958 -1288695.979404 31.228560 125.973585 -24.375364 1370.217493 -9.690 -9.690 0.000000 3.206648 0.000 0 0.000
5501.00 1166.62 100.138999 0.0000000000000000 0.000000 240.451958 -1289008.315065 31.238599 125.976401 -24.414774 1370.014834 -9.683 -9.683 0.000000 3.205617 0.000 0 0.000
5401.00 1166.38 100.138999 0.0000000000000000 0.000000 240.451958 -1289320.751932 31.248801 125.979215 -24.454659 1369.800975 -9.674 -9.674 0.000000 3.204571 0.000 0 0.000
5301.00 1166.15 100.138999 0.0000000000000000 0.000000 240.451958 -1289633.291650 31.259170 125.982027 -24.495032 1369.575788 -9.666 -9.666 0.000000 3.203508 0.000 0 0.000
5201.00 1165.91 100.138999 0.0000000000000000 0.000000 240.451958 -1289945.935900 31.269708 125.984837 -24.535904 1369.339201 -9.657 -9.657 0.000000 3.202428 0.000 0 0.000
5101.00 1165.68 100.138999 0.0000000000000000 0.000000 240.451958 -1290258.686384 31.280417 125.987646 -24.577277 1369.091204 -9.647 -9.647 0.000000 3.201332 0.000 0 0.000
5001.00 1165.44 100.138999 0.0000000000000000 0.000000 240.451958 -1290571.544802 31.291295 125.990456 -24.619148 1368.831862 -9.638 -9.638 0.000000 3.200219 0.000 0 0.000
4901.00 1165.20 100.138999 0.0000000000000000 0.000000 240.451958 -1290884.512840 31.302340 125.993269 -24.661505 1368.561325 -9.627 -9.627 0.000000 3.199090 0.000 0 0.000
4801.00 1164.96 100.138999 0.0000000000000000 0.000000 240.451958 -1291197.592138 31.313546 125.996086 -24.704328 1368.279839 -9.617 -9.617 0.000000 3.197945 0.000 0 0.000
4701.00 1164.72 100.138999 0.0000000000000000 0.000000 240.451958 -1291510.784274 31.324906 125.998910 -24.747587 1367.987748 -9.606 -9.606 0.000000 3.196785 0.000 0 0.000
4601.00 1164.49 100.138999 0.0000000000000000 0.000000 240.451958 -1291824.090737 31.336409 126.001745 -24.791244 1367.685505 -9.595 -9.595 0.000000 3.195612 0.000 0 0.000
4501.00 1164.25 100.138999 0.0000000000000000 0.000000 240.451958 -1292137.512897 31.348043 126.004595 -24.835252 1367.373670 -9.583 -9.583 0.000000 3.194426 0.000 0 0.000
4401.00 1164.01 100.138999 0.0000000000000000 0.000000 240.451958 -1292451.051986 31.359792 126.007463 -24.879553 1367.052908 -9.571 -9.571 0.000000 3.193229 0.000 0 0.000
4301.00 1163.77 100.138999 0.0000000000000000 0.000000 240.451958 -1292764.709069 31.371639 126.010354 -24.924085 1366.723984 -9.559 -9.559 0.000000 3.192023 0.000 0 0.000
4201.00 1163.53 100.138999 0.0000000000000000 0.000000 240.451958 -1293078.485026 31.383564 126.013272 -24.968774 1366.387756 -9.546 -9.546 0.000000 3.190810 0.000 0 0.000
4101.00 1163.29 100.138999 0.0000000000000000 0.000000 240.451958 -1293392.380533 31.395545 126.016222 -25.013544 1366.045155 -9.534 -9.534 0.000000 3.189593 0.000 0 0.000
4001.00 1163.05 100.138999 0.0000000000000000 0.000000 240.451958 -1293706.396045 31.407561 126.019208 -25.058315 1365.697173 -9.521 -9.521 0.000000 3.188372 0.000 0 0.000
3901.00 1162.82 100.138999 0.0000000000000000 0.000000 240.451958 -1294020.531789 31.419588 126.022236 -25.103001 1365.344844 -9.507 -9.507 0.000000 3.187152 0.000 0 0.000
3801.00 1162.58 100.138999 0.0000000000000000 0.000000 240.451958 -1294334.787758 31.431602 126.025310 -25.147519 1364.989225 -9.494 -9.494 0.000000 3.185934 0.000 0 0.000
3701.00 1162.35 100.138999 0.0000000000000000 0.000000 240.451958 -1294649.163710 31.443580 126.028433 -25.191787 1364.631370 -9.481 -9.481 0.000000 3.184720 0.000 0 0.000
3601.00 1162.11 100.138999 0.0000000000000000 0.000000 240.451958 -1294963.659169 31.455500 126.031610 -25.235723 1364.272321 -9.468 -9.468 0.000000 3.183513 0.000 0 0.000
3501.00 1161.88 100.138999 0.0000000000000000 0.000000 240.451958 -1295278.273442 31.467339 126.034844 -25.279251 1363.913082 -9.454 -9.454 0.000000 3.182315 0.000 0 0.000
3401.00 1161.66 100.138999 0.0000000000000000 0.000000 240.451958 -1295593.005621 31.479078 126.038138 -25.322301 1363.554607 -9.441 -9.441 0.000000 3.181129 0.000 0 0.000
3301.00 1161.43 100.138999 0.0000000000000000 0.000000 240.451958 -1295907.854604 31.490697 126.041493 -25.364808 1363.197788 -9.428 -9.428 0.000000 3.179955 0.000 0 0.000
3201.00 1161.20 100.138999 0.0000000000000000 0.000000 240.451958 -1296222.819113 31.502180 126.044913 -25.406713 1362.843449 -9.415 -9.415 0.000000 3.178796 0.000 0 0.000
3101.00 1160.98 100.138999 0.0000000000000000 0.000000 240.451958 -1296537.897708 31.513512 126.048398 -25.447967 1362.492333 -9.402 -9.402 0.000000 3.177653 0.000 0 0.000
3001.00 1160.76 100.138999 0.0000000000000000 0.000000 240.451958 -1296853.088811 31.524680 126.051950 -25.488525 1362.145105 -9.389 -9.389 0.000000 3.176527 0.000 0 0.000
2901.00 1160.54 100.138999 0.0000000000000000 0.000000 240.451958 -1297168.390722 31.535672 126.055568 -25.528351 1361.802348 -9.377 -9.377 0.000000 3.175420 0.000 0 0.000
2801.00 1160.33 100.138999 0.0000000000000000 0.000000 240.451958 -1297483.801642 31.546480 126.059253 -25.567417 1361.464565 -9.365 -9.365 0.000000 3.174332 0.000 0 0.000
2701.00 1160.11 100.138999 0.0000000000000000 0.000000 240.451958 -1297799.319690 31.557097 126.063004 -25.605698 1361.132182 -9.353 -9.353 0.000000 3.173264 0.000 0 0.000
2601.00 1159.90 100.138999 0.0000000000000000 0.000000 240.451958 -1298114.942918 31.567516 126.066821 -25.643180 1360.805551 -9.341 -9.341 0.000000 3.172217 0.000 0 0.000
2501.00 1159.69 100.138999 0.0000000000000000 0.000000 240.451958 -1298430.669332 31.577733 126.070703 -25.679850 1360.484957 -9.330 -9.330 0.000000 3.171190 0.000 0 0.000
2401.00 1159.49 100.138999 0.0000000000000000 0.000000 240.451958 -1298746.496906 31.587747 126.074648 -25.715703 1360.170621 -9.319 -9.319 0.000000 3.170185 0.000 0 0.000
2301.00 1159.28 100.138999 0.0000000000000000 0.000000 240.451958 -1299062.423591 31.597556 126.078656 -25.750738 1359.862705 -9.309 -9.309 0.000000 3.169201 0.000 0 0.000
2201.00 1159.08 100.138999 0.0000000000000000 0.000000 240.451958 -1299378.447334 31.607159 126.082723 -25.784959 1359.561322 -9.299 -9.299 0.000000 3.168238 0.000 0 0.000
2101.00 1158.88 100.138999 0.0000000000000000 0.000000 240.451958 -1299694.566082 31.616557 126.086850 -25.818370 1359.266534 -9.289 -9.289 0.000000 3.167296 0.000 0 0.000
2001.00 1158.68 100.138999 0.0000000000000000 0.000000 240.451958 -1300010.777800 31.625753 126.091033 -25.850983 1358.978367 -9.280 -9.280 0.000000 3.166375 0.000 0 0.000
1901.00 1158.33 100.138999 0.0006632245201214 0.000807 240.451958 -1300327.081875 31.637437 126.111620 -26.003633 1359.336729 -8.644 -8.644 2.601248 3.165661 3.736 0 0.000
1801.00 1156.63 100.138999 0.0071083847897426 0.008649 240.451958 -1300643.631414 31.672663 126.274304 -27.218246 1365.179570 -8.661 -8.661 2.598461 3.166599 3.769 0 0.000
1701.00 1154.89 100.138999 0.0137558144097676 0.016736 240.451958 -1300960.539037 31.709060 126.441113 -28.486825 1371.034070 -8.681 -8.681 2.595644 3.167629 3.802 0 0.000
1601.00 1153.13 99.759097 0.0168083751963554 0.020466 239.459869 -1296326.687934 31.599803 126.035746 -28.943926 1369.013099 -8.702 -8.702 2.592795 3.168740 3.835 0 0.000
1501.00 1151.35 99.073039 0.0169366737458316 0.020651 237.669872 -1287692.612510 31.372633 125.168819 -28.731692 1360.741601 -8.726 -8.726 2.589912 3.169923 3.869 0 0.000
1401.00 1149.54 98.378859 0.0170685398052633 0.020843 235.860312 -1278940.998018 31.142376 124.291308 -28.516273 1352.393378 -8.751 -8.751 2.587001 3.171179 3.904 0 0.000
1301.00 1147.71 97.676440 0.0172042233196349 0.021040 234.030935 -1270069.962202 30.908988 123.403058 -28.297657 1343.967698 -8.779 -8.779 2.584066 3.172511 3.939 0 0.000
1201.00 1145.86 96.965650 0.0173439534258772 0.021243 232.181454 -1261077.451272 30.672425 122.503898 -28.075822 1335.463682 -8.809 -8.809 2.581112 3.173923 3.974 0 0.000
1101.00 1143.99 96.246345 0.0174879311852190 0.021452 230.311560 -1251961.280083 30.432639 121.593645 -27.850742 1326.880346 -8.841 -8.841 2.578145 3.175416 4.010 0 0.000
1001.00 1142.10 95.518380 0.0176363203467768 0.021669 228.420932 -1242719.180958 30.189580 120.672105 -27.622379 1318.216641 -8.875 -8.875 2.575169 3.176993 4.046 0 0.000
901.00 1140.18 94.781603 0.0177892356252854 0.021892 226.509250 -1233348.863178 29.943199 119.739085 -27.390690 1309.471508 -8.911 -8.911 2.572190 3.178657 4.082 0 0.000
801.00 1138.23 94.035869 0.0179467274583531 0.022122 224.576206 -1223848.085654 29.693447 118.794394 -27.155620 1300.643940 -8.950 -8.950 2.569214 3.180410 4.119 0 0.000
701.00 1136.26 93.281044 0.0181087620485562 0.022358 222.621525 -1214214.746370 29.440281 117.837853 -26.917104 1291.733056 -8.990 -8.990 2.566247 3.182256 4.156 0 0.000
601.00 1134.26 92.517010 0.0182751949889493 0.022602 220.644987 -1204446.993362 29.183665 116.869307 -26.675068 1282.738196 -9.033 -9.033 2.563295 3.184198 4.194 0 0.000
501.00 1132.23 91.743680 0.0184457358124147 0.022852 218.646451 -1194543.363732 28.923572 115.888637 -26.429418 1273.659036 -9.079 -9.079 2.560366 3.186237 4.231 0 0.000
401.00 1130.18 90.961010 0.0186198994061882 0.023107 216.625894 -1184502.959832 28.659991 114.895775 -26.180048 1264.495726 -9.126 -9.126 2.557467 3.188376 4.269 0 0.000
301.00 1128.10 90.169016 0.0187969385529240 0.023367 214.583449 -1174325.675967 28.392931 113.890726 -25.926824 1255.249073 -9.176 -9.176 2.554607 3.190618 4.306 0 0.000
201.00 1125.99 89.367792 0.0189757478695471 0.023631 212.519465 -1164012.494711 28.122428 112.873594 -25.669582 1245.920769 -9.228 -9.228 2.551795 3.192964 4.344 0 0.000
101.00 1123.86 88.557547 0.0191547241943022 0.023896 210.434584 -1153565.881960 27.848556 111.844618 -25.408108 1236.513697 -9.282 -9.282 2.549043 3.195415 4.381 0 0.000
1.00 1121.69 87.738638 0.0193315557563224 0.024159 208.329840 -1142990.325145 27.571445 110.804220 -25.142313 1227.030974 -9.338 -9.338 2.546347 3.197971 4.418 0 0.000
