Title: Depleted MORB Mantle of Workmann & Hart 2005

Solid Composition:
Pressure Temperature mass SiO2 TiO2 Al2O3 Fe2O3 Cr2O3 FeO MnO MgO NiO CaO Na2O 
44001.00 1545.44 99.605762 44.671 0.121587 3.98818 0.189103 0.568629 7.94674 0.129541 38.7483 0.240305 3.16313 0.233489
43901.00 1545.22 99.608914 44.6709 0.121634 3.98798 0.189116 0.568626 7.94717 0.129545 38.7479 0.240303 3.16311 0.233707
43801.00 1544.99 99.612006 44.6707 0.12168 3.98779 0.189129 0.568622 7.94759 0.129548 38.7476 0.240301 3.1631 0.233922
43701.00 1544.77 99.615038 44.6705 0.121725 3.98759 0.189141 0.568619 7.948 0.129552 38.7473 0.240299 3.16308 0.234134
43601.00 1544.54 99.618010 44.6704 0.12177 3.9874 0.189153 0.568616 7.94841 0.129556 38.747 0.240297 3.16306 0.234341
43501.00 1544.32 99.620923 44.6702 0.121814 3.9872 0.189164 0.568613 7.94881 0.129559 38.7468 0.240294 3.16304 0.234546
43401.00 1544.09 99.623775 44.67 0.121857 3.98701 0.189176 0.568611 7.9492 0.129563 38.7465 0.240293 3.16303 0.234747
43301.00 1543.86 99.626568 44.6699 0.121899 3.98682 0.189187 0.568608 7.94959 0.129566 38.7462 0.240291 3.16301 0.234944
43201.00 1543.64 99.629301 44.6697 0.12194 3.98663 0.189198 0.568606 7.94996 0.12957 38.7459 0.240289 3.16299 0.235137
43101.00 1543.41 99.631973 44.6696 0.121981 3.98644 0.189209 0.568603 7.95034 0.129573 38.7457 0.240287 3.16297 0.235327
43001.00 1543.18 99.634586 44.6695 0.122021 3.98625 0.189219 0.568601 7.9507 0.129576 38.7454 0.240285 3.16295 0.235513
42901.00 1542.95 99.637138 44.6693 0.12206 3.98607 0.189229 0.568599 7.95106 0.12958 38.7452 0.240284 3.16293 0.235695
42801.00 1542.72 99.639630 44.6692 0.122098 3.98588 0.189239 0.568596 7.95141 0.129583 38.7449 0.240282 3.16291 0.235874
42701.00 1542.50 99.642062 44.669 0.122136 3.9857 0.189249 0.568595 7.95175 0.129587 38.7447 0.240281 3.16289 0.236048
42601.00 1542.27 99.644433 44.6689 0.122173 3.98551 0.189258 0.568593 7.95209 0.12959 38.7445 0.24028 3.16287 0.236219
42501.00 1542.04 99.646743 44.6688 0.122209 3.98533 0.189268 0.568591 7.95242 0.129593 38.7443 0.240278 3.16285 0.236386
42401.00 1541.81 99.648992 44.6687 0.122244 3.98515 0.189276 0.568589 7.95275 0.129596 38.7441 0.240277 3.16283 0.236549
42301.00 1541.57 99.651181 44.6685 0.122278 3.98497 0.189285 0.568587 7.95307 0.1296 38.7439 0.240276 3.16281 0.236708
42201.00 1541.34 99.653309 44.6684 0.122312 3.98479 0.189294 0.568586 7.95338 0.129603 38.7437 0.240275 3.16279 0.236863
42101.00 1541.11 99.655375 44.6683 0.122345 3.98461 0.189302 0.568584 7.95369 0.129606 38.7435 0.240274 3.16276 0.237015
42001.00 1540.88 99.657380 44.6682 0.122377 3.98444 0.18931 0.568583 7.95399 0.129609 38.7433 0.240273 3.16274 0.237162
41901.00 1540.65 99.659324 44.6681 0.122408 3.98426 0.189318 0.568582 7.95428 0.129613 38.7432 0.240272 3.16272 0.237305
41801.00 1540.41 99.661206 44.668 0.122438 3.98409 0.189325 0.568581 7.95456 0.129616 38.743 0.240272 3.1627 0.237444
41701.00 1540.18 99.663026 44.6679 0.122468 3.98391 0.189333 0.56858 7.95484 0.129619 38.7429 0.240271 3.16267 0.237578
41601.00 1539.95 99.664783 44.6678 0.122497 3.98374 0.18934 0.568579 7.95512 0.129622 38.7427 0.240271 3.16265 0.237709
41501.00 1539.71 99.666479 44.6677 0.122525 3.98356 0.189346 0.568578 7.95539 0.129625 38.7426 0.24027 3.16262 0.237835
41401.00 1539.48 99.668112 44.6676 0.122552 3.98339 0.189353 0.568577 7.95565 0.129628 38.7425 0.24027 3.1626 0.237958
41301.00 1539.24 99.669682 44.6675 0.122578 3.98322 0.189359 0.568576 7.9559 0.129631 38.7423 0.240269 3.16257 0.238075
41201.00 1539.01 99.671190 44.6674 0.122604 3.98305 0.189365 0.568575 7.95615 0.129634 38.7422 0.240269 3.16254 0.238189
41101.00 1538.77 99.672634 44.6673 0.122629 3.98288 0.189371 0.568575 7.95639 0.129637 38.7421 0.240269 3.16252 0.238298
41001.00 1538.54 99.674015 44.6672 0.122652 3.98271 0.189377 0.568574 7.95663 0.12964 38.742 0.240269 3.16249 0.238403
40901.00 1538.30 99.675331 44.6671 0.122675 3.98254 0.189382 0.568574 7.95686 0.129643 38.742 0.240269 3.16246 0.238504
40801.00 1538.06 99.676584 44.6671 0.122697 3.98237 0.189388 0.568573 7.95709 0.129646 38.7419 0.240269 3.16243 0.2386
40701.00 1537.82 99.677773 44.667 0.122719 3.9822 0.189392 0.568573 7.9573 0.129649 38.7418 0.240269 3.1624 0.238692
40601.00 1537.59 99.678897 44.6669 0.122739 3.98203 0.189397 0.568572 7.95752 0.129652 38.7418 0.24027 3.16237 0.238779
40501.00 1537.35 99.679956 44.6668 0.122759 3.98186 0.189402 0.568572 7.95772 0.129655 38.7417 0.24027 3.16234 0.238861
40401.00 1537.11 99.680950 44.6668 0.122778 3.98169 0.189406 0.568572 7.95792 0.129658 38.7417 0.240271 3.16231 0.238939
40301.00 1536.87 99.681878 44.6667 0.122796 3.98152 0.18941 0.568572 7.95812 0.129661 38.7416 0.240271 3.16228 0.239013
40201.00 1536.63 99.682741 44.6667 0.122813 3.98135 0.189414 0.568572 7.9583 0.129664 38.7416 0.240272 3.16225 0.239082
40101.00 1536.39 99.683537 44.6666 0.122829 3.98118 0.189417 0.568572 7.95849 0.129667 38.7416 0.240273 3.16221 0.239146
40001.00 1536.15 99.684267 44.6665 0.122844 3.98102 0.189421 0.568572 7.95866 0.129669 38.7416 0.240273 3.16218 0.239205
39901.00 1535.90 99.684930 44.6665 0.122858 3.98085 0.189424 0.568572 7.95883 0.129672 38.7416 0.240274 3.16214 0.23926
39801.00 1535.66 99.685525 44.6665 0.122872 3.98068 0.189426 0.568573 7.959 0.129675 38.7416 0.240275 3.16211 0.23931
39701.00 1535.42 99.686053 44.6664 0.122885 3.98051 0.189429 0.568573 7.95916 0.129678 38.7417 0.240277 3.16207 0.239355
39601.00 1535.18 99.686513 44.6664 0.122896 3.98034 0.189431 0.568573 7.95931 0.129681 38.7417 0.240278 3.16203 0.239395
39501.00 1534.93 99.686904 44.6663 0.122907 3.98017 0.189434 0.568574 7.95946 0.129684 38.7417 0.240279 3.16199 0.239431
39401.00 1534.69 99.687226 44.6663 0.122917 3.98 0.189435 0.568574 7.9596 0.129687 38.7418 0.240281 3.16195 0.239462
39301.00 1534.44 99.687478 44.6663 0.122926 3.97983 0.189437 0.568575 7.95973 0.129689 38.7419 0.240282 3.16191 0.239487
39201.00 1534.20 99.687661 44.6662 0.122935 3.97966 0.189439 0.568576 7.95986 0.129692 38.742 0.240284 3.16187 0.239508
39101.00 1533.95 99.687774 44.6662 0.122942 3.97949 0.18944 0.568576 7.95999 0.129695 38.742 0.240286 3.16183 0.239523
39001.00 1533.71 99.687816 44.6662 0.122948 3.97931 0.189441 0.568577 7.9601 0.129698 38.7421 0.240288 3.16179 0.239534
38901.00 1533.46 99.687786 44.6661 0.122954 3.97914 0.189441 0.568578 7.96022 0.129701 38.7423 0.24029 3.16174 0.23954
38801.00 1533.21 99.687685 44.6661 0.122958 3.97897 0.189442 0.568579 7.96032 0.129704 38.7424 0.240292 3.1617 0.23954
38701.00 1532.97 99.687511 44.6661 0.122962 3.97879 0.189442 0.56858 7.96042 0.129706 38.7425 0.240294 3.16165 0.239535
38601.00 1532.72 99.687264 44.6661 0.122965 3.97861 0.189442 0.568581 7.96052 0.129709 38.7426 0.240296 3.1616 0.239526
38501.00 1532.47 99.686945 44.6661 0.122966 3.97844 0.189442 0.568582 7.96061 0.129712 38.7428 0.240299 3.16155 0.239511
38401.00 1532.22 99.686551 44.6661 0.122967 3.97826 0.189441 0.568583 7.96069 0.129715 38.743 0.240301 3.1615 0.23949
38301.00 1531.97 99.686083 44.6661 0.122967 3.97808 0.18944 0.568585 7.96077 0.129718 38.7431 0.240304 3.16145 0.239465
38201.00 1531.72 99.685539 44.6661 0.122966 3.9779 0.189439 0.568586 7.96084 0.129721 38.7433 0.240307 3.1614 0.239434
38101.00 1531.47 99.684920 44.6661 0.122964 3.97772 0.189438 0.568588 7.96091 0.129724 38.7435 0.24031 3.16134 0.239398
38001.00 1531.22 99.684225 44.6661 0.122961 3.97753 0.189437 0.568589 7.96097 0.129726 38.7437 0.240313 3.16129 0.239356
37901.00 1530.97 99.683453 44.6661 0.122957 3.97735 0.189435 0.568591 7.96102 0.129729 38.744 0.240316 3.16123 0.239309
37801.00 1530.72 99.682603 44.6661 0.122952 3.97716 0.189433 0.568593 7.96107 0.129732 38.7442 0.24032 3.16117 0.239257
37701.00 1530.46 99.681675 44.6661 0.122946 3.97697 0.189431 0.568595 7.96112 0.129735 38.7445 0.240323 3.16111 0.239199
37601.00 1530.21 99.680668 44.6661 0.12294 3.97678 0.189428 0.568597 7.96116 0.129738 38.7447 0.240327 3.16105 0.239136
37501.00 1529.96 99.679581 44.6662 0.122932 3.97659 0.189425 0.568599 7.96119 0.129741 38.745 0.24033 3.16099 0.239067
37401.00 1529.70 99.678415 44.6662 0.122923 3.97639 0.189422 0.568601 7.96122 0.129744 38.7453 0.240334 3.16092 0.238992
37301.00 1529.45 99.677167 44.6662 0.122913 3.97619 0.189419 0.568603 7.96124 0.129747 38.7456 0.240338 3.16086 0.238912
37201.00 1529.19 99.675837 44.6662 0.122903 3.97599 0.189415 0.568606 7.96125 0.12975 38.7459 0.240342 3.16079 0.238826
37101.00 1528.93 99.674425 44.6663 0.122891 3.97579 0.189411 0.568608 7.96126 0.129753 38.7462 0.240347 3.16072 0.238735
37001.00 1528.68 99.672930 44.6663 0.122878 3.97558 0.189407 0.568611 7.96127 0.129756 38.7465 0.240351 3.16065 0.238638
36901.00 1528.42 99.671351 44.6663 0.122865 3.97538 0.189403 0.568614 7.96127 0.129759 38.7469 0.240356 3.16058 0.238535
36801.00 1528.16 99.669686 44.6664 0.12285 3.97517 0.189398 0.568617 7.96126 0.129762 38.7473 0.24036 3.1605 0.238427
36701.00 1527.90 99.667936 44.6664 0.122834 3.97495 0.189393 0.56862 7.96125 0.129766 38.7476 0.240365 3.16043 0.238312
36601.00 1527.64 99.666100 44.6665 0.122817 3.97474 0.189388 0.568623 7.96123 0.129769 38.748 0.24037 3.16035 0.238192
36501.00 1527.38 99.664176 44.6665 0.1228 3.97452 0.189382 0.568626 7.96121 0.129772 38.7485 0.240376 3.16027 0.238066
36401.00 1527.12 99.662164 44.6666 0.122781 3.97429 0.189376 0.56863 7.96118 0.129775 38.7489 0.240381 3.16018 0.237935
36301.00 1526.86 99.660063 44.6667 0.122761 3.97407 0.18937 0.568633 7.96114 0.129778 38.7493 0.240386 3.1601 0.237797
36201.00 1526.60 99.657871 44.6667 0.12274 3.97383 0.189364 0.568637 7.9611 0.129782 38.7498 0.240392 3.16001 0.237653
36101.00 1526.34 99.655589 44.6668 0.122718 3.9736 0.189357 0.568641 7.96106 0.129785 38.7502 0.240398 3.15992 0.237503
36001.00 1526.07 99.653214 44.6668 0.122696 3.97336 0.18935 0.568646 7.961 0.129789 38.7507 0.240404 3.15983 0.237348
35901.00 1525.81 99.650747 44.6669 0.122672 3.97312 0.189343 0.56865 7.96095 0.129792 38.7512 0.24041 3.15973 0.237186
35801.00 1525.54 99.648185 44.667 0.122647 3.97287 0.189335 0.568655 7.96088 0.129795 38.7517 0.240417 3.15964 0.237018
35701.00 1525.28 99.645529 44.6671 0.122621 3.97262 0.189327 0.568659 7.96082 0.129799 38.7523 0.240423 3.15954 0.236844
35601.00 1525.01 99.642776 44.6672 0.122593 3.97237 0.189319 0.568664 7.96074 0.129803 38.7528 0.24043 3.15944 0.236665
35501.00 1524.75 99.639926 44.6672 0.122565 3.97211 0.18931 0.56867 7.96066 0.129806 38.7534 0.240437 3.15933 0.236478
35401.00 1524.48 99.636978 44.6673 0.122536 3.97184 0.189301 0.568675 7.96058 0.12981 38.754 0.240444 3.15922 0.236286
35301.00 1524.21 99.633931 44.6674 0.122506 3.97157 0.189292 0.568681 7.96049 0.129814 38.7546 0.240451 3.15911 0.236088
35201.00 1523.94 99.630783 44.6675 0.122474 3.9713 0.189283 0.568687 7.96039 0.129817 38.7552 0.240459 3.159 0.235883
35101.00 1523.67 99.627533 44.6676 0.122442 3.97102 0.189273 0.568693 7.96029 0.129821 38.7558 0.240466 3.15889 0.235672
35001.00 1523.40 99.624180 44.6677 0.122408 3.97073 0.189263 0.5687 7.96018 0.129825 38.7565 0.240474 3.15877 0.235455
34901.00 1523.13 99.620723 44.6678 0.122374 3.97044 0.189252 0.568706 7.96006 0.129829 38.7572 0.240482 3.15864 0.235232
34801.00 1522.86 99.617161 44.6679 0.122338 3.97014 0.189241 0.568713 7.95995 0.129833 38.7578 0.240491 3.15852 0.235002
34701.00 1522.59 99.613493 44.668 0.122301 3.96984 0.18923 0.568721 7.95982 0.129837 38.7586 0.240499 3.15839 0.234766
34601.00 1522.32 99.609716 44.6682 0.122264 3.96952 0.189219 0.568729 7.95969 0.129841 38.7593 0.240508 3.15826 0.234523
34501.00 1522.04 99.605830 44.6683 0.122225 3.96921 0.189207 0.568737 7.95955 0.129845 38.76 0.240517 3.15812 0.234274
34401.00 1521.77 99.601833 44.6684 0.122184 3.96888 0.189194 0.568745 7.95941 0.12985 38.7608 0.240526 3.15798 0.234019
34301.00 1521.49 99.597724 44.6685 0.122143 3.96855 0.189182 0.568754 7.95926 0.129854 38.7616 0.240535 3.15784 0.233757
34201.00 1521.22 99.593502 44.6687 0.122101 3.96821 0.189169 0.568763 7.95911 0.129859 38.7624 0.240545 3.15769 0.233489
34101.00 1520.94 99.589165 44.6688 0.122057 3.96787 0.189155 0.568772 7.95895 0.129863 38.7632 0.240555 3.15754 0.233214
34001.00 1520.66 99.584711 44.6689 0.122013 3.96752 0.189142 0.568782 7.95878 0.129868 38.7641 0.240565 3.15739 0.232933
33901.00 1520.38 99.580140 44.6691 0.121967 3.96716 0.189128 0.568792 7.95861 0.129872 38.7649 0.240575 3.15723 0.232645
33801.00 1520.10 99.575449 44.6692 0.12192 3.96679 0.189113 0.568803 7.95843 0.129877 38.7658 0.240586 3.15707 0.232351
33701.00 1519.82 99.570637 44.6694 0.121872 3.96641 0.189098 0.568814 7.95825 0.129882 38.7668 0.240597 3.1569 0.23205
33601.00 1519.54 99.565702 44.6695 0.121823 3.96602 0.189083 0.568825 7.95806 0.129887 38.7677 0.240608 3.15673 0.231743
33501.00 1519.26 99.560643 44.6697 0.121773 3.96563 0.189067 0.568837 7.95787 0.129892 38.7687 0.240619 3.15655 0.231429
33401.00 1518.98 99.555458 44.6698 0.121722 3.96522 0.189051 0.56885 7.95766 0.129897 38.7696 0.240631 3.15637 0.231108
33301.00 1518.69 99.550145 44.67 0.121669 3.96481 0.189035 0.568863 7.95746 0.129903 38.7706 0.240643 3.15619 0.230781
33201.00 1518.41 99.544703 44.6702 0.121615 3.96439 0.189018 0.568876 7.95724 0.129908 38.7717 0.240655 3.156 0.230447
33101.00 1518.12 99.539129 44.6704 0.121561 3.96395 0.189 0.56889 7.95703 0.129914 38.7727 0.240667 3.1558 0.230106
33001.00 1517.84 99.533422 44.6705 0.121505 3.96351 0.188983 0.568905 7.9568 0.129919 38.7738 0.24068 3.1556 0.229759
32901.00 1517.55 99.527580 44.6707 0.121447 3.96306 0.188964 0.56892 7.95657 0.129925 38.7749 0.240693 3.15539 0.229405
32801.00 1517.26 99.521602 44.6709 0.121389 3.96259 0.188946 0.568935 7.95633 0.129931 38.776 0.240706 3.15518 0.229044
32701.00 1516.97 99.515484 44.6711 0.121329 3.96212 0.188927 0.568952 7.95609 0.129937 38.7772 0.24072 3.15496 0.228677
32601.00 1516.68 99.509225 44.6713 0.121269 3.96163 0.188907 0.568968 7.95584 0.129943 38.7784 0.240734 3.15474 0.228303
32501.00 1516.39 99.502823 44.6715 0.121207 3.96113 0.188887 0.568986 7.95558 0.129949 38.7796 0.240748 3.15451 0.227922
32401.00 1516.10 99.496276 44.6717 0.121144 3.96062 0.188867 0.569004 7.95532 0.129955 38.7808 0.240763 3.15428 0.227534
32301.00 1515.81 99.489582 44.6719 0.121079 3.9601 0.188846 0.569023 7.95505 0.129962 38.7821 0.240777 3.15403 0.22714
32201.00 1515.51 99.482738 44.6721 0.121014 3.95957 0.188825 0.569043 7.95478 0.129968 38.7834 0.240793 3.15379 0.226739
32101.00 1515.22 99.475743 44.6723 0.120947 3.95902 0.188803 0.569063 7.9545 0.129975 38.7847 0.240808 3.15353 0.226331
32001.00 1514.92 99.468593 44.6725 0.12088 3.95846 0.18878 0.569084 7.95421 0.129982 38.7861 0.240824 3.15327 0.225916
31901.00 1514.62 99.461287 44.6728 0.12081 3.95788 0.188758 0.569106 7.95392 0.129989 38.7875 0.24084 3.153 0.225494
31801.00 1514.32 99.453823 44.673 0.12074 3.95729 0.188734 0.569129 7.95361 0.129996 38.7889 0.240857 3.15272 0.225066
31701.00 1514.03 99.446197 44.6732 0.120669 3.95669 0.188711 0.569152 7.95331 0.130004 38.7903 0.240874 3.15244 0.224631
31601.00 1513.72 99.438408 44.6734 0.120596 3.95607 0.188686 0.569177 7.95299 0.130011 38.7918 0.240891 3.15215 0.224189
31501.00 1513.42 99.430452 44.6737 0.120522 3.95544 0.188662 0.569202 7.95267 0.130019 38.7933 0.240908 3.15185 0.22374
31401.00 1513.12 99.422327 44.6739 0.120447 3.95479 0.188636 0.569228 7.95235 0.130027 38.7948 0.240926 3.15154 0.223284
31301.00 1512.82 99.414031 44.6742 0.120371 3.95412 0.18861 0.569255 7.95202 0.130035 38.7964 0.240945 3.15123 0.222822
31201.00 1512.51 99.405560 44.6744 0.120293 3.95344 0.188584 0.569283 7.95168 0.130043 38.798 0.240964 3.1509 0.222353
31101.00 1512.21 99.396913 44.6747 0.120214 3.95274 0.188557 0.569312 7.95133 0.130051 38.7997 0.240983 3.15057 0.221877
31001.00 1511.90 99.388085 44.675 0.120134 3.95202 0.18853 0.569342 7.95097 0.13006 38.8013 0.241002 3.15023 0.221394
30901.00 1511.59 99.379074 44.6752 0.120053 3.95129 0.188502 0.569373 7.95061 0.130069 38.8031 0.241022 3.14988 0.220904
30801.00 1511.28 99.369878 44.6755 0.119971 3.95054 0.188473 0.569405 7.95025 0.130077 38.8048 0.241043 3.14952 0.220407
30701.00 1510.97 99.360492 44.6758 0.119887 3.94977 0.188444 0.569439 7.94987 0.130087 38.8066 0.241064 3.14915 0.219904
30601.00 1510.66 99.350915 44.6761 0.119802 3.94898 0.188414 0.569473 7.94949 0.130096 38.8084 0.241085 3.14877 0.219394
30501.00 1510.34 99.341142 44.6763 0.119716 3.94817 0.188384 0.569509 7.9491 0.130105 38.8103 0.241107 3.14838 0.218877
30401.00 1510.03 99.331170 44.6766 0.119629 3.94734 0.188353 0.569546 7.94871 0.130115 38.8122 0.241129 3.14798 0.218354
30301.00 1509.71 99.320997 44.6769 0.11954 3.94649 0.188322 0.569584 7.9483 0.130125 38.8142 0.241152 3.14757 0.217823
30201.00 1509.39 99.310618 44.6772 0.11945 3.94562 0.18829 0.569623 7.94789 0.130135 38.8161 0.241175 3.14714 0.217286
30101.00 1509.07 99.300030 44.6775 0.119359 3.94473 0.188258 0.569664 7.94748 0.130146 38.8182 0.241198 3.14671 0.216742
30001.00 1508.75 99.289230 44.6779 0.119267 3.94381 0.188225 0.569706 7.94705 0.130156 38.8202 0.241223 3.14626 0.216191
29901.00 1508.43 99.278214 44.6782 0.119173 3.94288 0.188191 0.569749 7.94662 0.130167 38.8224 0.241247 3.1458 0.215634
29801.00 1508.11 99.266978 44.6785 0.119078 3.94192 0.188157 0.569794 7.94618 0.130179 38.8245 0.241272 3.14533 0.21507
29701.00 1507.78 99.255518 44.6788 0.118982 3.94093 0.188122 0.56984 7.94573 0.13019 38.8267 0.241298 3.14485 0.214499
29601.00 1507.46 99.243831 44.6792 0.118885 3.93992 0.188086 0.569888 7.94528 0.130202 38.829 0.241324 3.14435 0.213922
29501.00 1507.13 99.231912 44.6795 0.118786 3.93889 0.18805 0.569937 7.94481 0.130213 38.8313 0.241351 3.14384 0.213338
29401.00 1506.80 99.219757 44.6798 0.118686 3.93783 0.188013 0.569988 7.94434 0.130226 38.8336 0.241378 3.14332 0.212748
29301.00 1506.47 99.207363 44.6802 0.118585 3.93674 0.187976 0.570041 7.94386 0.130238 38.836 0.241406 3.14278 0.21215
29201.00 1506.14 99.194724 44.6805 0.118483 3.93563 0.187938 0.570095 7.94338 0.130251 38.8385 0.241434 3.14223 0.211547
29101.00 1505.80 99.181837 44.6809 0.118379 3.93449 0.1879 0.570151 7.94288 0.130264 38.841 0.241463 3.14166 0.210937
29001.00 1505.47 99.168696 44.6813 0.118275 3.93332 0.18786 0.570209 7.94238 0.130277 38.8435 0.241493 3.14108 0.21032
28901.00 1505.13 99.155298 44.6816 0.118169 3.93212 0.187821 0.570268 7.94187 0.130291 38.8461 0.241523 3.14048 0.209697
28801.00 1504.79 99.141638 44.682 0.118061 3.93089 0.18778 0.57033 7.94135 0.130305 38.8488 0.241554 3.13986 0.209067
28701.00 1504.45 99.127711 44.6824 0.117953 3.92964 0.187739 0.570393 7.94082 0.130319 38.8515 0.241586 3.13923 0.208431
28601.00 1504.11 99.113554 44.6828 0.117843 3.92835 0.187698 0.570458 7.94028 0.130333 38.8543 0.241617 3.13858 0.207789
28501.00 1503.77 99.099184 44.6832 0.117732 3.92705 0.187656 0.570524 7.93974 0.130348 38.8571 0.24165 3.13792 0.20714
28401.00 1503.42 99.084598 44.6836 0.11762 3.92573 0.187613 0.570591 7.93918 0.130363 38.8599 0.241683 3.13725 0.206483
28301.00 1503.07 99.069793 44.684 0.117506 3.92439 0.18757 0.570659 7.93862 0.130378 38.8628 0.241716 3.13656 0.205821
28201.00 1502.72 99.054767 44.6844 0.117391 3.92303 0.187527 0.570729 7.93805 0.130393 38.8658 0.24175 3.13587 0.205151
28101.00 1502.37 99.039518 44.6848 0.117275 3.92164 0.187483 0.5708 7.93747 0.130408 38.8687 0.241785 3.13516 0.204475
28001.00 1502.02 99.024043 44.6852 0.117157 3.92024 0.187438 0.570873 7.93688 0.130424 38.8718 0.241819 3.13443 0.203792
27901.00 1501.67 99.008340 44.6856 0.117038 3.91881 0.187393 0.570947 7.93628 0.13044 38.8748 0.241855 3.13369 0.203102
27801.00 1501.31 98.992406 44.686 0.116918 3.91736 0.187348 0.571022 7.93567 0.130456 38.878 0.241891 3.13294 0.202406
27701.00 1500.96 98.976238 44.6865 0.116797 3.91588 0.187302 0.571099 7.93505 0.130472 38.8811 0.241927 3.13217 0.201704
27601.00 1500.60 98.959835 44.6869 0.116674 3.91439 0.187256 0.571177 7.93442 0.130489 38.8843 0.241964 3.13139 0.200994
27501.00 1500.24 98.943193 44.6873 0.11655 3.91287 0.18721 0.571256 7.93379 0.130505 38.8876 0.242002 3.1306 0.200279
27401.00 1499.88 98.926309 44.6878 0.116424 3.91132 0.187162 0.571337 7.93314 0.130522 38.8909 0.24204 3.12978 0.199556
27301.00 1499.51 98.909182 44.6882 0.116298 3.90975 0.187115 0.57142 7.93248 0.130539 38.8943 0.242078 3.12896 0.198828
27201.00 1499.15 98.891808 44.6887 0.11617 3.90815 0.187067 0.571504 7.93182 0.130557 38.8977 0.242117 3.12811 0.198093
27101.00 1498.78 98.874185 44.6892 0.116041 3.90653 0.187019 0.57159 7.93114 0.130575 38.9012 0.242157 3.12725 0.197352
27001.00 1498.41 98.856309 44.6896 0.11591 3.90489 0.18697 0.571677 7.93046 0.130593 38.9047 0.242197 3.12638 0.196604
26901.00 1498.04 98.838179 44.6901 0.115779 3.90321 0.186921 0.571766 7.92977 0.130611 38.9083 0.242238 3.12548 0.195851
26801.00 1497.66 98.819791 44.6906 0.115646 3.90151 0.186871 0.571856 7.92906 0.130629 38.9119 0.24228 3.12457 0.195091
26701.00 1497.29 98.801142 44.6911 0.115512 3.89978 0.186822 0.571948 7.92835 0.130648 38.9156 0.242322 3.12364 0.194325
26601.00 1496.91 98.782229 44.6915 0.115376 3.89803 0.186771 0.572042 7.92763 0.130667 38.9193 0.242365 3.1227 0.193553
26501.00 1496.53 98.763050 44.692 0.11524 3.89624 0.186721 0.572137 7.92689 0.130686 38.9231 0.242408 3.12173 0.192775
26401.00 1496.15 98.743602 44.6925 0.115102 3.89443 0.18667 0.572234 7.92615 0.130706 38.927 0.242452 3.12075 0.191991
26301.00 1495.77 98.723881 44.693 0.114963 3.89259 0.186618 0.572333 7.9254 0.130725 38.9309 0.242496 3.11975 0.191201
26201.00 1495.38 98.703885 44.6935 0.114823 3.89071 0.186567 0.572434 7.92464 0.130746 38.9349 0.242541 3.11872 0.190406
26101.00 1494.99 98.683610 44.6941 0.114682 3.88881 0.186515 0.572536 7.92386 0.130766 38.9389 0.242587 3.11768 0.189605
26001.00 1494.60 98.663054 44.6946 0.114539 3.88688 0.186463 0.57264 7.92308 0.130787 38.943 0.242634 3.11662 0.188798
25901.00 1494.21 98.642213 44.6951 0.114395 3.88491 0.18641 0.572747 7.92229 0.130808 38.9471 0.242681 3.11554 0.187985
25801.00 1493.81 98.621085 44.6956 0.114251 3.88291 0.186358 0.572854 7.92149 0.130829 38.9513 0.242729 3.11443 0.187168
25701.00 1493.42 98.599666 44.6962 0.114105 3.88088 0.186305 0.572964 7.92067 0.130851 38.9556 0.242777 3.11331 0.186345
25601.00 1493.02 98.577954 44.6967 0.113958 3.87881 0.186251 0.573076 7.91985 0.130872 38.96 0.242827 3.11216 0.185516
25501.00 1492.61 98.555944 44.6973 0.11381 3.87671 0.186198 0.57319 7.91901 0.130895 38.9644 0.242876 3.11099 0.184683
25401.00 1492.21 98.533635 44.6978 0.113661 3.87458 0.186144 0.573306 7.91817 0.130917 38.9688 0.242927 3.1098 0.183845
25301.00 1491.80 98.511023 44.6984 0.11351 3.87241 0.186091 0.573423 7.91732 0.13094 38.9734 0.242978 3.10858 0.183001
25201.00 1491.39 98.488104 44.6989 0.113359 3.87021 0.186037 0.573543 7.91645 0.130963 38.978 0.243031 3.10734 0.182153
25101.00 1490.98 98.464877 44.6995 0.113207 3.86797 0.185983 0.573665 7.91557 0.130987 38.9826 0.243083 3.10608 0.1813
25001.00 1490.56 98.441338 44.7001 0.113054 3.86569 0.185929 0.573789 7.91469 0.131011 38.9874 0.243137 3.10479 0.180443
24901.00 1490.15 98.417483 44.7007 0.1129 3.86337 0.185875 0.573915 7.91379 0.131035 38.9922 0.243191 3.10348 0.179581
24801.00 1489.73 98.393310 44.7013 0.112745 3.86102 0.185821 0.574043 7.91288 0.13106 38.9971 0.243246 3.10214 0.178715
24701.00 1489.30 98.368817 44.7018 0.112589 3.85863 0.185767 0.574173 7.91196 0.131085 39.002 0.243302 3.10077 0.177845
24601.00 1488.88 98.343999 44.7024 0.112432 3.8562 0.185712 0.574306 7.91103 0.13111 39.0071 0.243359 3.09938 0.176971
24501.00 1488.45 98.318855 44.703 0.112274 3.85373 0.185658 0.57444 7.91009 0.131136 39.0122 0.243416 3.09796 0.176093
24401.00 1488.02 98.293381 44.7036 0.112116 3.85121 0.185604 0.574577 7.90914 0.131162 39.0173 0.243475 3.09651 0.175211
24301.00 1487.58 98.267575 44.7043 0.111956 3.84866 0.185551 0.574716 7.90818 0.131189 39.0226 0.243534 3.09504 0.174326
24201.00 1487.14 98.241435 44.7049 0.111796 3.84606 0.185497 0.574858 7.90721 0.131216 39.0279 0.243593 3.09353 0.173438
24101.00 1486.70 98.214957 44.7055 0.111635 3.84343 0.185443 0.575002 7.90622 0.131243 39.0333 0.243654 3.092 0.172546
24001.00 1486.26 98.188139 44.7061 0.111474 3.84075 0.18539 0.575148 7.90523 0.131271 39.0388 0.243716 3.09044 0.171652
23901.00 1485.81 98.160980 44.7068 0.111312 3.83802 0.185337 0.575296 7.90422 0.131299 39.0444 0.243778 3.08885 0.170755
23801.00 1485.36 98.133477 44.7074 0.111149 3.83525 0.185285 0.575447 7.9032 0.131328 39.05 0.243841 3.08723 0.169856
23701.00 1484.90 98.105629 44.708 0.110986 3.83244 0.185233 0.575601 7.90218 0.131357 39.0557 0.243905 3.08557 0.168954
23601.00 1484.44 98.077433 44.7087 0.110823 3.82958 0.185181 0.575756 7.90114 0.131386 39.0615 0.24397 3.08389 0.168051
23501.00 1483.98 98.048888 44.7093 0.110659 3.82668 0.18513 0.575915 7.90009 0.131416 39.0674 0.244036 3.08217 0.167145
23401.00 1483.52 98.019994 44.71 0.110494 3.82373 0.185079 0.576075 7.89903 0.131446 39.0734 0.244103 3.08042 0.166239
23301.00 1483.05 97.990748 44.7107 0.11033 3.82073 0.185029 0.576239 7.89795 0.131477 39.0795 0.24417 3.07864 0.165331
23201.00 1482.57 97.961151 44.7113 0.110165 3.81768 0.184979 0.576404 7.89687 0.131508 39.0856 0.244239 3.07682 0.164423
23101.00 1482.10 97.931202 44.712 0.11 3.81459 0.184931 0.576572 7.89578 0.131539 39.0918 0.244308 3.07497 0.163514
23001.00 1481.61 97.900902 44.7127 0.109835 3.81144 0.184883 0.576743 7.89467 0.131571 39.0981 0.244378 3.07308 0.162604
22901.00 1481.13 97.870250 44.7133 0.109669 3.80825 0.184836 0.576916 7.89356 0.131604 39.1045 0.244449 3.07116 0.161695
22801.00 1480.64 97.839248 44.714 0.109504 3.80501 0.184789 0.577092 7.89243 0.131637 39.111 0.244521 3.06921 0.160787
22701.00 1480.15 97.807897 44.7147 0.109339 3.80172 0.184744 0.577271 7.89129 0.13167 39.1176 0.244594 3.06721 0.159879
22601.00 1479.65 97.776200 44.7154 0.109174 3.79838 0.1847 0.577451 7.89015 0.131704 39.1242 0.244668 3.06519 0.158973
22501.00 1479.14 97.744159 44.7161 0.10901 3.79499 0.184657 0.577635 7.88899 0.131738 39.131 0.244743 3.06312 0.158069
22401.00 1478.64 97.711778 44.7168 0.108846 3.79155 0.184615 0.577821 7.88782 0.131773 39.1378 0.244818 3.06102 0.157167
22301.00 1478.17 97.664917 44.7177 0.108512 3.78711 0.184499 0.578044 7.88613 0.13182 39.1475 0.244926 3.05821 0.155546
22201.00 1477.72 97.613587 44.7187 0.108128 3.78234 0.184359 0.57828 7.88429 0.131871 39.1581 0.245043 3.05515 0.153723
22101.00 1477.27 97.561771 44.7197 0.107741 3.77751 0.184217 0.578518 7.88245 0.131922 39.1688 0.245162 3.05204 0.151899
22001.00 1476.82 97.509459 44.7207 0.10735 3.77262 0.184072 0.57876 7.8806 0.131975 39.1797 0.245282 3.04887 0.150075
21901.00 1476.36 97.456645 44.7217 0.106955 3.76766 0.183925 0.579004 7.87874 0.132027 39.1907 0.245403 3.04565 0.148251
21801.00 1475.91 97.403319 44.7227 0.106557 3.76265 0.183775 0.579251 7.87687 0.132081 39.2018 0.245526 3.04237 0.146427
21701.00 1475.45 97.349473 44.7237 0.106155 3.75757 0.183622 0.579502 7.875 0.132136 39.2131 0.24565 3.03904 0.144604
21601.00 1474.99 97.295098 44.7246 0.105749 3.75242 0.183466 0.579756 7.87312 0.132191 39.2245 0.245776 3.03565 0.14278
21501.00 1474.52 97.240185 44.7256 0.10534 3.74721 0.183307 0.580013 7.87124 0.132247 39.236 0.245903 3.03219 0.140957
21401.00 1474.06 97.184725 44.7266 0.104926 3.74193 0.183146 0.580273 7.86934 0.132303 39.2477 0.246032 3.02868 0.139135
21301.00 1473.59 97.128709 44.7275 0.104509 3.73657 0.182981 0.580536 7.86745 0.132361 39.2595 0.246162 3.0251 0.137314
21201.00 1473.12 97.072127 44.7285 0.104088 3.73115 0.182814 0.580803 7.86554 0.132419 39.2715 0.246294 3.02146 0.135493
21101.00 1472.65 97.014968 44.7294 0.103662 3.72566 0.182643 0.581074 7.86363 0.132478 39.2836 0.246427 3.01775 0.133673
21001.00 1472.18 96.957223 44.7304 0.103233 3.72009 0.182469 0.581347 7.86171 0.132538 39.2959 0.246562 3.01398 0.131855
20901.00 1471.70 96.898880 44.7313 0.102799 3.71445 0.182292 0.581625 7.85978 0.132599 39.3083 0.246698 3.01013 0.130037
20801.00 1471.23 96.839931 44.7322 0.102362 3.70874 0.182112 0.581906 7.85785 0.13266 39.3209 0.246837 3.00622 0.128221
20701.00 1470.75 96.780363 44.7331 0.101919 3.70294 0.181928 0.582191 7.85591 0.132723 39.3336 0.246977 3.00224 0.126407
20601.00 1470.26 96.720164 44.734 0.101473 3.69707 0.181741 0.58248 7.85396 0.132786 39.3466 0.247119 2.99818 0.124594
20501.00 1469.78 96.659325 44.7349 0.101022 3.69111 0.18155 0.582772 7.85201 0.13285 39.3597 0.247262 2.99405 0.122783
20401.00 1469.29 96.597832 44.7358 0.100567 3.68507 0.181355 0.583069 7.85005 0.132916 39.3729 0.247408 2.98984 0.120974
20301.00 1468.80 96.535673 44.7367 0.100107 3.67895 0.181157 0.58337 7.84808 0.132982 39.3864 0.247555 2.98555 0.119167
20201.00 1468.31 96.472836 44.7376 0.0996424 3.67275 0.180955 0.583674 7.84611 0.133049 39.4 0.247704 2.98118 0.117363
20101.00 1467.82 96.409309 44.7384 0.0991732 3.66645 0.180749 0.583983 7.84412 0.133117 39.4138 0.247855 2.97673 0.115561
20001.00 1467.32 96.345077 44.7393 0.0986992 3.66007 0.180539 0.584297 7.84213 0.133186 39.4279 0.248008 2.97219 0.113761
19901.00 1466.82 96.280128 44.7401 0.0982204 3.65359 0.180325 0.584615 7.84014 0.133256 39.4421 0.248163 2.96757 0.111965
19801.00 1466.32 96.214447 44.7409 0.0977367 3.64702 0.180107 0.584937 7.83813 0.133327 39.4565 0.24832 2.96286 0.110171
19701.00 1465.82 96.148021 44.7417 0.097248 3.64036 0.179885 0.585264 7.83612 0.1334 39.4711 0.24848 2.95806 0.108381
19601.00 1465.31 96.080834 44.7426 0.0967543 3.63359 0.179658 0.585595 7.8341 0.133473 39.4859 0.248641 2.95317 0.106594
19501.00 1464.80 96.012871 44.7433 0.0962554 3.62673 0.179427 0.585932 7.83207 0.133547 39.5009 0.248805 2.94818 0.10481
19401.00 1464.29 95.944118 44.7441 0.0957513 3.61977 0.179191 0.586273 7.83003 0.133623 39.5161 0.248971 2.9431 0.10303
19301.00 1463.77 95.874558 44.7449 0.0952419 3.6127 0.178951 0.586619 7.82799 0.1337 39.5316 0.249139 2.93791 0.101254
19201.00 1463.25 95.804175 44.7457 0.0947271 3.60553 0.178706 0.58697 7.82594 0.133778 39.5473 0.249309 2.93263 0.0994824
19101.00 1462.73 95.732951 44.7464 0.0942068 3.59825 0.178456 0.587327 7.82388 0.133857 39.5632 0.249482 2.92723 0.0977149
19001.00 1462.21 95.660871 44.7471 0.0936809 3.59085 0.178201 0.587689 7.82181 0.133937 39.5794 0.249658 2.92173 0.095952
18901.00 1461.68 95.587916 44.7478 0.0931495 3.58335 0.177941 0.588057 7.81974 0.134019 39.5958 0.249836 2.91613 0.0941939
18801.00 1461.15 95.514068 44.7485 0.0926122 3.57573 0.177676 0.58843 7.81766 0.134102 39.6124 0.250016 2.9104 0.0924408
18701.00 1460.62 95.439308 44.7492 0.0920692 3.56798 0.177405 0.588808 7.81557 0.134187 39.6293 0.250199 2.90457 0.090693
18601.00 1460.08 95.363617 44.7499 0.0915202 3.56012 0.177129 0.589193 7.81347 0.134272 39.6465 0.250385 2.89861 0.0889506
18501.00 1459.54 95.286976 44.7505 0.0909653 3.55213 0.176848 0.589584 7.81136 0.134359 39.6639 0.250573 2.89253 0.087214
18401.00 1459.00 95.209364 44.7511 0.0904042 3.54402 0.17656 0.589981 7.80925 0.134448 39.6816 0.250765 2.88633 0.0854833
18301.00 1458.45 95.130759 44.7518 0.0898369 3.53577 0.176267 0.590384 7.80713 0.134538 39.6996 0.250959 2.87999 0.0837588
18201.00 1457.90 95.051142 44.7523 0.0892633 3.52739 0.175968 0.590793 7.805 0.13463 39.7179 0.251156 2.87353 0.0820409
18101.00 1457.34 94.970488 44.7529 0.0886833 3.51888 0.175663 0.591209 7.80286 0.134723 39.7365 0.251356 2.86693 0.0803297
18001.00 1456.78 94.888777 44.7535 0.0880968 3.51022 0.175351 0.591632 7.80071 0.134817 39.7553 0.25156 2.86019 0.0786255
17901.00 1456.22 94.805984 44.754 0.0875037 3.50142 0.175033 0.592062 7.79856 0.134914 39.7745 0.251766 2.85331 0.0769287
17801.00 1455.66 94.722086 44.7545 0.0869039 3.49247 0.174708 0.592499 7.7964 0.135012 39.794 0.251976 2.84629 0.0752395
17701.00 1455.09 94.637057 44.755 0.0862973 3.48337 0.174377 0.592943 7.79423 0.135111 39.8138 0.252189 2.83911 0.0735583
17601.00 1454.51 94.550872 44.7554 0.0856838 3.47412 0.174039 0.593395 7.79205 0.135212 39.834 0.252406 2.83178 0.0718852
17501.00 1453.93 94.463505 44.7559 0.0850632 3.46471 0.173693 0.593854 7.78987 0.135316 39.8545 0.252626 2.82429 0.0702207
17401.00 1453.35 94.374930 44.7563 0.0844356 3.45513 0.173341 0.594321 7.78768 0.135421 39.8754 0.252849 2.81663 0.0685651
17301.00 1452.76 94.285118 44.7566 0.0838006 3.44539 0.172981 0.594796 7.78548 0.135527 39.8966 0.253076 2.80881 0.0669187
17201.00 1452.17 94.194041 44.757 0.0831583 3.43548 0.172613 0.595279 7.78327 0.135636 39.9182 0.253307 2.80082 0.0652818
17101.00 1451.58 94.101669 44.7573 0.0825086 3.42539 0.172237 0.595771 7.78106 0.135747 39.9402 0.253542 2.79264 0.0636549
17001.00 1450.98 94.007973 44.7576 0.0818513 3.41512 0.171854 0.596271 7.77884 0.13586 39.9625 0.253781 2.78429 0.0620382
16901.00 1450.37 93.912921 44.7578 0.0811863 3.40466 0.171462 0.59678 7.77661 0.135975 39.9853 0.254024 2.77575 0.0604322
16801.00 1449.76 93.816482 44.758 0.0805135 3.39402 0.171062 0.597298 7.77437 0.136092 40.0085 0.254271 2.76701 0.0588371
16701.00 1449.15 93.718622 44.7582 0.0798327 3.38318 0.170654 0.597826 7.77213 0.136211 40.0321 0.254523 2.75808 0.0572535
16601.00 1448.53 93.619308 44.7584 0.079144 3.37214 0.170237 0.598363 7.76989 0.136332 40.0561 0.254779 2.74894 0.0556817
16501.00 1447.90 93.518506 44.7585 0.0784471 3.36089 0.16981 0.59891 7.76763 0.136456 40.0806 0.255039 2.73959 0.0541221
16401.00 1447.27 93.416179 44.7585 0.077742 3.34943 0.169375 0.599467 7.76537 0.136582 40.1056 0.255304 2.73003 0.0525752
16301.00 1446.64 93.312291 44.7585 0.0770285 3.33776 0.16893 0.600035 7.76311 0.13671 40.131 0.255574 2.72024 0.0510413
16201.00 1446.00 93.206803 44.7585 0.0763065 3.32586 0.168475 0.600613 7.76084 0.136842 40.157 0.255849 2.71022 0.049521
16101.00 1445.35 93.099679 44.7584 0.0755759 3.31373 0.168011 0.601202 7.75856 0.136975 40.1834 0.256129 2.69997 0.0480146
16001.00 1444.70 92.990876 44.7583 0.0748366 3.30136 0.167536 0.601802 7.75628 0.137111 40.2103 0.256414 2.68948 0.0465227
15901.00 1444.04 92.880356 44.7581 0.0740885 3.28875 0.167051 0.602414 7.754 0.13725 40.2378 0.256704 2.67873 0.0450457
15801.00 1443.38 92.768074 44.7579 0.0733316 3.27589 0.166555 0.603038 7.75171 0.137392 40.2659 0.257 2.66772 0.0435841
15701.00 1442.70 92.653990 44.7576 0.0725656 3.26278 0.166049 0.603674 7.74942 0.137537 40.2944 0.257301 2.65645 0.0421384
15601.00 1442.03 92.538057 44.7573 0.0717904 3.2494 0.165531 0.604322 7.74713 0.137684 40.3236 0.257609 2.64491 0.0407091
15501.00 1441.34 92.420232 44.7569 0.0710061 3.23575 0.165002 0.604983 7.74484 0.137835 40.3534 0.257922 2.63308 0.0392967
15401.00 1440.65 92.300467 44.7564 0.0702125 3.22181 0.164461 0.605658 7.74254 0.137989 40.3838 0.258241 2.62097 0.0379017
15301.00 1439.96 92.178715 44.7559 0.0694095 3.20759 0.163908 0.606346 7.74024 0.138146 40.4148 0.258567 2.60855 0.0365248
15201.00 1439.25 92.054928 44.7553 0.068597 3.19308 0.163343 0.607048 7.73794 0.138306 40.4465 0.258899 2.59583 0.0351664
15101.00 1438.54 91.929055 44.7546 0.0677749 3.17826 0.162765 0.607764 7.73565 0.13847 40.4789 0.259238 2.58278 0.0338271
15001.00 1437.82 91.801045 44.7538 0.0669432 3.16313 0.162175 0.608496 7.73335 0.138637 40.5119 0.259584 2.56941 0.0325074
14901.00 1437.10 91.670847 44.753 0.0661019 3.14767 0.161571 0.609242 7.73106 0.138808 40.5457 0.259937 2.5557 0.031208
14801.00 1436.36 91.538408 44.7521 0.0652508 3.13188 0.160955 0.610004 7.72877 0.138983 40.5802 0.260297 2.54165 0.0299294
14701.00 1435.62 91.403675 44.7511 0.0643899 3.11575 0.160324 0.610782 7.72649 0.139161 40.6155 0.260665 2.52723 0.0286722
14601.00 1434.87 91.266591 44.75 0.0635192 3.09927 0.159679 0.611576 7.72421 0.139343 40.6515 0.26104 2.51245 0.027437
14501.00 1434.11 91.127103 44.7488 0.0626387 3.08242 0.15902 0.612388 7.72194 0.13953 40.6884 0.261423 2.49728 0.0262244
14401.00 1433.34 90.985154 44.7475 0.0617484 3.06521 0.158346 0.613217 7.71968 0.13972 40.7261 0.261815 2.48173 0.0250351
14301.00 1432.57 90.840686 44.746 0.0608482 3.04761 0.157658 0.614063 7.71742 0.139915 40.7646 0.262214 2.46577 0.0238695
14201.00 1431.78 90.693644 44.7445 0.0599381 3.02961 0.156954 0.614928 7.71518 0.140114 40.804 0.262623 2.44939 0.0227284
14101.00 1430.99 90.543969 44.7429 0.0590184 3.01121 0.156235 0.615812 7.71295 0.140318 40.8444 0.26304 2.43258 0.0216122
14001.00 1430.19 90.391605 44.7411 0.0580889 2.9924 0.155499 0.616716 7.71074 0.140526 40.8856 0.263466 2.41534 0.0205217
13901.00 1429.37 90.236494 44.7392 0.0571498 2.97316 0.154748 0.617639 7.70855 0.14074 40.9279 0.263902 2.39764 0.0194575
13801.00 1428.55 90.078580 44.7371 0.0562012 2.95347 0.15398 0.618582 7.70637 0.140958 40.9711 0.264347 2.37947 0.01842
13701.00 1427.72 89.917807 44.7349 0.0552432 2.93334 0.153195 0.619546 7.70422 0.141181 41.0153 0.264803 2.36083 0.0174099
13601.00 1426.87 89.754121 44.7326 0.054276 2.91274 0.152394 0.620532 7.70209 0.141409 41.0606 0.265268 2.34169 0.0164277
13501.00 1426.02 89.587468 44.7301 0.0532997 2.89167 0.151575 0.62154 7.69998 0.141643 41.107 0.265744 2.32204 0.015474
13401.00 1425.16 89.417798 44.7274 0.0523148 2.87011 0.150739 0.62257 7.69791 0.141882 41.1544 0.26623 2.30188 0.0145494
13301.00 1424.28 89.245064 44.7245 0.0513213 2.84805 0.149885 0.623623 7.69587 0.142127 41.203 0.266727 2.28119 0.0136542
13201.00 1423.40 89.069220 44.7215 0.0503196 2.82549 0.149013 0.624699 7.69386 0.142377 41.2528 0.267236 2.25995 0.012789
13101.00 1422.50 88.890227 44.7183 0.04931 2.8024 0.148123 0.625799 7.6919 0.142633 41.3037 0.267755 2.23815 0.0119542
13001.00 1421.59 88.708047 44.7148 0.048293 2.77878 0.147214 0.626924 7.68997 0.142895 41.3559 0.268287 2.21578 0.0111502
12901.00 1420.67 88.522651 44.7112 0.0472691 2.75462 0.146288 0.628073 7.6881 0.143163 41.4093 0.26883 2.19283 0.0103774
12801.00 1419.74 88.334013 44.7073 0.0462386 2.7299 0.145342 0.629247 7.68627 0.143438 41.464 0.269385 2.16929 0.00963599
12701.00 1418.79 88.142117 44.7032 0.0452022 2.70463 0.144379 0.630447 7.6845 0.143719 41.5199 0.269953 2.14514 0.00892626
12601.00 1417.83 87.946952 44.6988 0.0441605 2.67879 0.143397 0.631672 7.68279 0.144006 41.5772 0.270532 2.12038 0.00824838
12501.00 1416.86 87.748518 44.6942 0.0431142 2.65237 0.142396 0.632924 7.68114 0.144299 41.6358 0.271125 2.095 0.00760244
12401.00 1415.88 87.546820 44.6893 0.0420639 2.62537 0.141378 0.634201 7.67957 0.144599 41.6958 0.27173 2.06899 0.00698847
12301.00 1414.89 87.341874 44.6842 0.0410105 2.59778 0.140341 0.635505 7.67807 0.144906 41.7571 0.272348 2.04234 0.00640641
12201.00 1413.88 87.133708 44.6787 0.0399547 2.56961 0.139286 0.636835 7.67665 0.145219 41.8198 0.272979 2.01505 0.00585608
12101.00 1412.86 86.922354 44.673 0.0388975 2.54084 0.138214 0.638192 7.67532 0.145539 41.8839 0.273623 1.98712 0.00533725
12001.00 1411.83 86.707859 44.6669 0.0378398 2.51148 0.137124 0.639575 7.67408 0.145866 41.9495 0.27428 1.95853 0.00484956
11901.00 1410.78 86.490274 44.6605 0.0367825 2.48152 0.136017 0.640985 7.67293 0.146199 42.0164 0.27495 1.9293 0.00439255
11801.00 1409.73 86.269664 44.6538 0.0357266 2.45098 0.134894 0.642421 7.67189 0.14654 42.0847 0.275633 1.89942 0.00396566
11701.00 1408.66 86.046100 44.6467 0.0346732 2.41985 0.133755 0.643882 7.67097 0.146886 42.1545 0.276329 1.86889 0.00356823
11601.00 1407.57 85.819663 44.6393 0.0336232 2.38813 0.1326 0.64537 7.67015 0.14724 42.2256 0.277038 1.83771 0.0031995
11501.00 1406.48 85.590444 44.6315 0.0325777 2.35584 0.13143 0.646882 7.66947 0.1476 42.2982 0.277759 1.80589 0.0028586
11401.00 1405.37 85.358540 44.6233 0.0315378 2.32298 0.130246 0.64842 7.6689 0.147967 42.3721 0.278493 1.77343 0.00254461
11301.00 1404.25 85.124062 44.6148 0.0305046 2.28955 0.129048 0.649982 7.66848 0.14834 42.4475 0.27924 1.74035 0.0022565
11201.00 1403.13 84.887126 44.6058 0.0294792 2.25558 0.127836 0.651567 7.66819 0.148719 42.5242 0.279999 1.70665 0.00199317
11101.00 1401.99 84.647863 44.5964 0.0284627 2.22108 0.126613 0.653176 7.66805 0.149105 42.6022 0.28077 1.67234 0.00175346
11001.00 1400.84 84.406409 44.5866 0.0274562 2.18605 0.125377 0.654808 7.66806 0.149496 42.6816 0.281552 1.63743 0.00153618
10901.00 1399.68 84.162914 44.5764 0.0264607 2.15052 0.124131 0.656461 7.66822 0.149894 42.7623 0.282346 1.60195 0.00134007
10801.00 1398.51 83.917536 44.5657 0.0254774 2.11451 0.122875 0.658135 7.66854 0.150298 42.8442 0.283151 1.56591 0.00116386
10701.00 1397.33 83.670444 44.5546 0.0245074 2.07804 0.121609 0.659828 7.66903 0.150707 42.9274 0.283966 1.52932 0.00100625
10601.00 1396.15 83.421817 44.5431 0.0235516 2.04113 0.120335 0.661541 7.66969 0.151121 43.0117 0.284792 1.4922 0.000865946
10501.00 1394.95 83.171841 44.531 0.0226112 2.0038 0.119054 0.663271 7.67052 0.15154 43.0972 0.285627 1.45459 0.000741652
10401.00 1393.76 82.920713 44.5186 0.021687 1.9661 0.117766 0.665017 7.67152 0.151964 43.1838 0.286472 1.41651 0.000632087
10301.00 1392.55 82.668636 44.5057 0.0207802 1.92803 0.116473 0.666778 7.6727 0.152393 43.2713 0.287325 1.37798 0.000535999
10201.00 1391.34 82.415820 44.4923 0.0198914 1.88965 0.115175 0.668553 7.67406 0.152826 43.3599 0.288186 1.33903 0.000452172
10101.00 1390.13 82.162479 44.4784 0.0190217 1.85098 0.113875 0.67034 7.6756 0.153262 43.4494 0.289054 1.29969 0.000379431
10001.00 1388.92 81.908834 44.4641 0.0181718 1.81206 0.112571 0.672138 7.67732 0.153702 43.5397 0.289929 1.26 0.000316657
9901.00 1387.70 81.655106 44.4494 0.0173425 1.77292 0.111266 0.673944 7.67922 0.154146 43.6307 0.29081 1.21999 0.000262788
9801.00 1386.48 81.401521 44.4341 0.0165343 1.7336 0.109961 0.675759 7.6813 0.154592 43.7225 0.291696 1.17969 0.000216826
9701.00 1385.26 81.148304 44.4185 0.015748 1.69415 0.108657 0.677579 7.68356 0.15504 43.8149 0.292586 1.13914 0.000177839
9601.00 1384.04 80.895679 44.4024 0.0149839 1.6546 0.107355 0.679404 7.686 0.155491 43.9078 0.29348 1.09837 0.000144967
9501.00 1383.37 80.765495 44.3932 0.0146172 1.63409 0.106665 0.680339 7.68727 0.155724 43.9554 0.293943 1.07868 0.000130185
9401.00 1382.77 80.654015 44.3849 0.0143147 1.61647 0.106066 0.681137 7.68837 0.155925 43.996 0.29434 1.06234 0.000118671
9301.00 1382.18 80.542470 44.3764 0.0140175 1.59881 0.105464 0.681936 7.68951 0.156126 44.0367 0.294739 1.04616 0.000108066
9201.00 1381.58 80.430831 44.3677 0.0137255 1.58109 0.104859 0.682735 7.69067 0.156328 44.0775 0.29514 1.03013 9.83086e-005
9101.00 1380.99 80.319071 44.3588 0.0134385 1.56331 0.104249 0.683535 7.69187 0.15653 44.1184 0.295542 1.01425 8.93372e-005
9001.00 1380.39 80.207161 44.3496 0.0131564 1.54548 0.103635 0.684336 7.6931 0.156734 44.1594 0.295945 0.998522 8.10962e-005
8901.00 1379.79 80.095069 44.3402 0.0128789 1.52757 0.103017 0.685139 7.69436 0.156938 44.2006 0.296351 0.982943 7.35328e-005
8801.00 1379.20 79.982768 44.3305 0.0126059 1.5096 0.102394 0.685943 7.69565 0.157144 44.2418 0.296758 0.967513 6.6598e-005
8701.00 1378.60 79.870226 44.3206 0.0123373 1.49156 0.101767 0.686748 7.69697 0.15735 44.2832 0.297168 0.952231 6.02456e-005
8601.00 1378.00 79.757414 44.3104 0.0120728 1.47344 0.101134 0.687555 7.69833 0.157558 44.3247 0.297579 0.937095 5.44327e-005
8501.00 1377.40 79.644302 44.3 0.0118124 1.45524 0.100496 0.688364 7.69972 0.157767 44.3664 0.297993 0.922106 4.91189e-005
8401.00 1376.80 79.530858 44.2893 0.0115559 1.43695 0.099853 0.689175 7.70114 0.157977 44.4083 0.29841 0.907262 4.42666e-005
8301.00 1376.20 79.417053 44.2784 0.0113032 1.41858 0.0992039 0.689989 7.70259 0.158188 44.4504 0.298828 0.892563 3.98408e-005
8201.00 1375.60 79.302856 44.2671 0.0110541 1.40011 0.0985488 0.690805 7.70409 0.1584 44.4926 0.29925 0.878008 3.58087e-005
8101.00 1374.99 79.188239 44.2556 0.0108085 1.38155 0.0978875 0.691623 7.70561 0.158614 44.535 0.299674 0.863597 3.21396e-005
8001.00 1374.39 79.073171 44.2437 0.0105663 1.36288 0.0972198 0.692444 7.70718 0.15883 44.5777 0.300101 0.84933 2.88051e-005
7901.00 1373.78 78.957624 44.2316 0.0103274 1.34411 0.0965455 0.693268 7.70878 0.159047 44.6206 0.300532 0.835205 2.57785e-005
7801.00 1373.17 78.841570 44.2191 0.0100917 1.32524 0.0958644 0.694095 7.71042 0.159266 44.6637 0.300965 0.821224 2.30352e-005
7701.00 1372.56 78.724982 44.2063 0.00985906 1.30625 0.0951762 0.694925 7.71209 0.159486 44.7071 0.301402 0.807387 2.0552e-005
7601.00 1371.94 78.607833 44.1932 0.00962945 1.28715 0.0944807 0.695759 7.71381 0.159708 44.7507 0.301842 0.793693 1.83075e-005
7501.00 1371.33 78.490099 44.1797 0.00940275 1.26794 0.0937779 0.696596 7.71556 0.159932 44.7946 0.302286 0.780143 1.62817e-005
7401.00 1370.71 78.371756 44.1659 0.00917889 1.2486 0.0930674 0.697437 7.71736 0.160157 44.8388 0.302733 0.766737 1.44562e-005
7301.00 1370.09 78.252783 44.1518 0.00895779 1.22915 0.0923492 0.698281 7.7192 0.160385 44.8832 0.303184 0.753477 1.28137e-005
7201.00 1369.47 78.133158 44.1373 0.00873941 1.20957 0.091623 0.69913 7.72108 0.160614 44.928 0.303639 0.740364 1.13383e-005
7101.00 1368.84 78.012866 44.1223 0.00852366 1.18987 0.0908888 0.699982 7.723 0.160845 44.973 0.304098 0.727398 1.00153e-005
7001.00 1368.21 77.891889 44.1071 0.00831052 1.17005 0.0901465 0.700838 7.72497 0.161079 45.0184 0.304561 0.714581 8.83086e-006
6901.00 1367.58 77.770215 44.0914 0.00809992 1.15011 0.0893959 0.701698 7.72699 0.161314 45.0641 0.305028 0.701914 7.77244e-006
6801.00 1366.94 77.647835 44.0753 0.00789184 1.13004 0.0886371 0.702562 7.72905 0.161552 45.1101 0.305499 0.6894 6.82835e-006
6701.00 1366.30 77.524740 44.0588 0.00768625 1.10985 0.0878699 0.70343 7.73115 0.161792 45.1564 0.305974 0.67704 5.98781e-006
6601.00 1365.66 77.400929 44.0419 0.00748312 1.08954 0.0870943 0.704303 7.73331 0.162033 45.2031 0.306454 0.664837 5.2409e-006
6501.00 1365.02 77.276401 44.0246 0.00728244 1.06911 0.0863104 0.705179 7.73551 0.162277 45.25 0.306938 0.652792 4.5785e-006
6401.00 1364.37 77.151163 44.0068 0.0070842 1.04857 0.0855183 0.706059 7.73776 0.162523 45.2974 0.307426 0.640909 3.99221e-006
6301.00 1363.72 77.025222 43.9886 0.0068884 1.02792 0.084718 0.706942 7.74006 0.162772 45.345 0.307919 0.62919 3.47436e-006
6201.00 1363.07 76.898594 43.9699 0.00669506 1.00718 0.0839097 0.70783 7.74241 0.163022 45.393 0.308416 0.617638 3.01791e-006
6101.00 1362.41 76.771297 43.9508 0.00650418 0.986333 0.0830935 0.708721 7.7448 0.163274 45.4413 0.308917 0.606256 2.61642e-006
6001.00 1361.75 76.643356 43.9313 0.00631578 0.965403 0.0822697 0.709615 7.74725 0.163529 45.4899 0.309422 0.595048 2.26404e-006
5901.00 1361.09 76.514802 43.9112 0.0061299 0.944395 0.0814386 0.710512 7.74975 0.163785 45.5388 0.309932 0.584017 1.95542e-006
5801.00 1360.42 76.385670 43.8908 0.00594658 0.92332 0.0806005 0.711412 7.7523 0.164044 45.588 0.310445 0.573165 1.68573e-006
5701.00 1359.76 76.256002 43.8698 0.00576584 0.90219 0.0797557 0.712314 7.7549 0.164304 45.6375 0.310962 0.562498 1.45056e-006
5601.00 1359.09 76.125846 43.8484 0.00558776 0.881017 0.0789047 0.713218 7.75755 0.164566 45.6872 0.311483 0.552018 1.24594e-006
5501.00 1358.41 75.995255 43.8265 0.00541236 0.859816 0.078048 0.714124 7.76025 0.16483 45.7372 0.312008 0.541728 1.0683e-006
5401.00 1357.74 75.864290 43.8042 0.00523973 0.838602 0.077186 0.715032 7.76299 0.165095 45.7875 0.312536 0.531633 9.14423e-007
5301.00 1357.06 75.733014 43.7814 0.00506991 0.817392 0.0763194 0.71594 7.76579 0.165362 45.8379 0.313066 0.521735 7.81407e-007
5201.00 1356.39 75.603346 43.8423 0.00507889 0.816473 0.0763201 0.717102 7.77791 0.165643 45.9123 0.313602 0.522726 0
5101.00 1355.71 75.471592 43.8187 0.00491518 0.795348 0.075447 0.718011 7.78081 0.165912 45.9632 0.314138 0.513248 0
5001.00 1355.03 75.339760 43.7947 0.00475451 0.774283 0.0745713 0.71892 7.78376 0.166183 46.0141 0.314676 0.503978 0
4901.00 1354.34 75.207932 43.7703 0.00459693 0.753299 0.0736938 0.719827 7.78674 0.166454 46.0652 0.315216 0.494917 0
4801.00 1353.66 75.076197 43.7455 0.00444253 0.732418 0.0728152 0.720733 7.78977 0.166725 46.1163 0.315758 0.486067 0
4701.00 1352.98 74.944643 43.7203 0.00429136 0.71166 0.0719362 0.721636 7.79283 0.166998 46.1674 0.316301 0.477431 0
4601.00 1352.29 74.813362 43.6947 0.0041435 0.691048 0.0710578 0.722536 7.79593 0.16727 46.2186 0.316844 0.46901 0
4501.00 1351.61 74.682445 43.6687 0.00399901 0.670604 0.0701806 0.723433 7.79906 0.167542 46.2696 0.317388 0.460803 0
4401.00 1350.93 74.551984 43.6423 0.00385793 0.65035 0.0693056 0.724325 7.80221 0.167814 46.3206 0.317931 0.452813 0
4301.00 1350.25 74.422068 43.6157 0.00372033 0.630307 0.0684336 0.725213 7.8054 0.168086 46.3715 0.318474 0.445039 0
4201.00 1349.57 74.292787 43.5887 0.00358625 0.610497 0.0675653 0.726096 7.8086 0.168357 46.4223 0.319017 0.437479 0
4101.00 1348.89 74.164223 43.5613 0.00345572 0.59094 0.0667015 0.726973 7.81183 0.168628 46.4728 0.319557 0.430134 0
4001.00 1348.21 74.036459 43.5337 0.00332878 0.571657 0.065843 0.727844 7.81508 0.168897 46.5231 0.320097 0.423001 0
3901.00 1347.53 73.909569 43.5059 0.00320545 0.552666 0.0649905 0.728708 7.81834 0.169165 46.5732 0.320634 0.416078 0
3801.00 1346.86 73.783622 43.4778 0.00308573 0.533984 0.0641447 0.729565 7.82161 0.169432 46.623 0.321169 0.409363 0
3701.00 1346.19 73.658681 43.4494 0.00296963 0.515629 0.0633061 0.730415 7.82488 0.169697 46.6726 0.321701 0.402853 0
3601.00 1345.53 73.534802 43.4209 0.00285715 0.497614 0.0624754 0.731258 7.82816 0.16996 46.7217 0.322231 0.396543 0
3501.00 1344.86 73.412032 43.3921 0.00274826 0.479955 0.061653 0.732093 7.83145 0.170222 46.7706 0.322757 0.39043 0
3401.00 1344.20 73.290409 43.3631 0.00264295 0.462662 0.0608394 0.732919 7.83473 0.170481 46.819 0.32328 0.384509 0
3301.00 1343.54 73.169964 43.334 0.00254117 0.445747 0.060035 0.733738 7.83801 0.170739 46.8671 0.323799 0.378775 0
3201.00 1342.89 73.050719 43.3047 0.00244288 0.429217 0.0592402 0.734549 7.84128 0.170994 46.9147 0.324314 0.373224 0
3101.00 1342.24 72.932685 43.2752 0.00234805 0.413082 0.0584551 0.735351 7.84454 0.171248 46.962 0.324826 0.36785 0
3001.00 1341.59 72.815864 43.2456 0.00225659 0.397345 0.05768 0.736145 7.8478 0.171499 47.0089 0.325334 0.362647 0
2901.00 1340.95 72.700250 43.2159 0.00216846 0.382012 0.056915 0.736932 7.85104 0.171747 47.0553 0.325838 0.357609 0
2801.00 1340.31 72.585827 43.186 0.00208358 0.367085 0.0561602 0.73771 7.85426 0.171994 47.1013 0.326338 0.352731 0
2701.00 1339.67 72.472568 43.156 0.00200186 0.352566 0.0554155 0.738481 7.85747 0.172238 47.1469 0.326834 0.348005 0
2601.00 1339.04 72.360438 43.1258 0.00192324 0.338455 0.0546809 0.739245 7.86067 0.17248 47.1922 0.327327 0.343426 0
2501.00 1338.41 72.249394 43.0955 0.00184761 0.324751 0.0539563 0.740001 7.86384 0.172719 47.237 0.327816 0.338987 0
2401.00 1337.78 72.139379 43.065 0.00177489 0.311451 0.0532415 0.740752 7.867 0.172957 47.2815 0.328301 0.334681 0
2301.00 1337.15 72.030330 43.0344 0.00170499 0.298553 0.0525362 0.741496 7.87014 0.173192 47.3256 0.328784 0.330502 0
2201.00 1336.53 71.922174 43.0036 0.00163781 0.286053 0.0518402 0.742235 7.87325 0.173426 47.3694 0.329263 0.326443 0
2101.00 1335.91 71.814826 42.9726 0.00157324 0.273944 0.0511531 0.742969 7.87635 0.173658 47.4129 0.32974 0.322497 0
2001.00 1335.29 71.708192 42.9413 0.00151119 0.262223 0.0504746 0.743699 7.87943 0.173888 47.4562 0.330215 0.318658 0
1901.00 1334.67 71.602166 42.9098 0.00145156 0.250882 0.0498041 0.744425 7.8825 0.174117 47.4992 0.330688 0.314919 0
1801.00 1334.05 71.496631 42.878 0.00139423 0.239915 0.0491412 0.745149 7.88554 0.174344 47.5421 0.33116 0.311272 0
1701.00 1333.43 71.391457 42.846 0.00133912 0.229313 0.0484852 0.74587 7.88858 0.17457 47.5848 0.331631 0.307711 0
1601.00 1332.80 71.286500 42.8135 0.00128611 0.219071 0.0478356 0.746592 7.89159 0.174796 47.6275 0.332101 0.30423 0
1501.00 1332.18 71.181601 42.7807 0.0012351 0.209178 0.0471917 0.747313 7.8946 0.175021 47.6702 0.332573 0.300819 0
1401.00 1331.56 71.076584 42.7474 0.00118599 0.199627 0.0465528 0.748036 7.8976 0.175246 47.7129 0.333046 0.297473 0
1301.00 1330.93 70.971254 42.7135 0.00113867 0.190409 0.0459179 0.748762 7.90059 0.175471 47.7557 0.333521 0.294184 0
1201.00 1330.30 70.865391 42.6791 0.00109305 0.181516 0.0452863 0.749493 7.90358 0.175697 47.7988 0.333999 0.290944 0
1101.00 1329.66 70.758754 42.644 0.00104902 0.172939 0.044657 0.750229 7.90657 0.175923 47.8421 0.334481 0.287745 0
1001.00 1329.01 70.651066 42.6081 0.00100648 0.164668 0.0440288 0.750974 7.90957 0.176151 47.8859 0.334969 0.284578 0
901.00 1328.36 70.542021 42.5713 0.00096534 0.156695 0.0434007 0.751728 7.91258 0.176382 47.9303 0.335463 0.281434 0
801.00 1327.70 70.431265 42.5335 0.000925492 0.14901 0.0427713 0.752495 7.91561 0.176614 47.9753 0.335966 0.278303 0
701.00 1327.03 70.318399 42.4945 0.000886843 0.141607 0.0421392 0.753277 7.91867 0.17685 48.0211 0.336479 0.275175 0
601.00 1326.34 70.202961 42.4542 0.000849297 0.134475 0.0415028 0.754078 7.92176 0.177091 48.068 0.337005 0.272039 0
501.00 1325.64 70.084416 42.4123 0.00081276 0.127606 0.0408604 0.7549 7.9249 0.177336 48.1161 0.337545 0.268882 0
401.00 1324.91 69.962142 42.3686 0.000777139 0.120993 0.04021 0.755749 7.9281 0.177588 48.1658 0.338103 0.265689 0
301.00 1324.17 69.835409 42.3227 0.000742346 0.114628 0.0395494 0.756629 7.93137 0.177848 48.2172 0.338682 0.262445 0
201.00 1323.40 69.703354 42.2745 0.000708291 0.108504 0.0388761 0.757547 7.93474 0.178116 48.2708 0.339286 0.259131 0
101.00 1322.60 69.564955 42.2233 0.000674896 0.102615 0.0381873 0.758509 7.93822 0.178396 48.3269 0.33992 0.255726 0
1.00 1321.76 69.418992 42.1687 0.000642084 0.0969555 0.03748 0.759524 7.94184 0.178688 48.3861 0.34059 0.252207 0