Title: Depleted MORB Mantle of Workmann & Hart 2005

Liquid Composition:
Pressure Temperature mass SiO2 TiO2 Al2O3 Fe2O3 Cr2O3 FeO MnO MgO NiO CaO Na2O 
44001.00 1290.08 0.000000 ---
43901.00 1289.89 0.000000 ---
43801.00 1289.71 0.000000 ---
43701.00 1289.52 0.000000 ---
43601.00 1289.33 0.000000 ---
43501.00 1289.14 0.000000 ---
43401.00 1288.95 0.000000 ---
43301.00 1288.76 0.000000 ---
43201.00 1288.58 0.000000 ---
43101.00 1288.39 0.000000 ---
43001.00 1288.20 0.000000 ---
42901.00 1288.01 0.000000 ---
42801.00 1287.82 0.000000 ---
42701.00 1287.63 0.000000 ---
42601.00 1287.45 0.000000 ---
42501.00 1287.26 0.000000 ---
42401.00 1287.07 0.000000 ---
42301.00 1286.88 0.000000 ---
42201.00 1286.69 0.000000 ---
42101.00 1286.50 0.000000 ---
42001.00 1286.32 0.000000 ---
41901.00 1286.13 0.000000 ---
41801.00 1285.94 0.000000 ---
41701.00 1285.75 0.000000 ---
41601.00 1285.56 0.000000 ---
41501.00 1285.37 0.000000 ---
41401.00 1285.18 0.000000 ---
41301.00 1285.00 0.000000 ---
41201.00 1284.81 0.000000 ---
41101.00 1284.62 0.000000 ---
41001.00 1284.43 0.000000 ---
40901.00 1284.24 0.000000 ---
40801.00 1284.05 0.000000 ---
40701.00 1283.86 0.000000 ---
40601.00 1283.67 0.000000 ---
40501.00 1283.48 0.000000 ---
40401.00 1283.30 0.000000 ---
40301.00 1283.11 0.000000 ---
40201.00 1282.92 0.000000 ---
40101.00 1282.73 0.000000 ---
40001.00 1282.54 0.000000 ---
39901.00 1282.35 0.000000 ---
39801.00 1282.16 0.000000 ---
39701.00 1281.97 0.000000 ---
39601.00 1281.78 0.000000 ---
39501.00 1281.59 0.000000 ---
39401.00 1281.40 0.000000 ---
39301.00 1281.21 0.000000 ---
39201.00 1281.02 0.000000 ---
39101.00 1280.84 0.000000 ---
39001.00 1280.65 0.000000 ---
38901.00 1280.46 0.000000 ---
38801.00 1280.27 0.000000 ---
38701.00 1280.08 0.000000 ---
38601.00 1279.89 0.000000 ---
38501.00 1279.70 0.000000 ---
38401.00 1279.51 0.000000 ---
38301.00 1279.32 0.000000 ---
38201.00 1279.13 0.000000 ---
38101.00 1278.94 0.000000 ---
38001.00 1278.75 0.000000 ---
37901.00 1278.56 0.000000 ---
37801.00 1278.37 0.000000 ---
37701.00 1278.18 0.000000 ---
37601.00 1277.99 0.000000 ---
37501.00 1277.80 0.000000 ---
37401.00 1277.61 0.000000 ---
37301.00 1277.42 0.000000 ---
37201.00 1277.23 0.000000 ---
37101.00 1277.04 0.000000 ---
37001.00 1276.85 0.000000 ---
36901.00 1276.65 0.000000 ---
36801.00 1276.46 0.000000 ---
36701.00 1276.27 0.000000 ---
36601.00 1276.08 0.000000 ---
36501.00 1275.89 0.000000 ---
36401.00 1275.70 0.000000 ---
36301.00 1275.51 0.000000 ---
36201.00 1275.32 0.000000 ---
36101.00 1275.13 0.000000 ---
36001.00 1274.94 0.000000 ---
35901.00 1274.75 0.000000 ---
35801.00 1274.55 0.000000 ---
35701.00 1274.36 0.000000 ---
35601.00 1274.17 0.000000 ---
35501.00 1273.98 0.000000 ---
35401.00 1273.79 0.000000 ---
35301.00 1273.60 0.000000 ---
35201.00 1273.41 0.000000 ---
35101.00 1273.21 0.000000 ---
35001.00 1273.02 0.000000 ---
34901.00 1272.83 0.000000 ---
34801.00 1272.64 0.000000 ---
34701.00 1272.45 0.000000 ---
34601.00 1272.25 0.000000 ---
34501.00 1272.06 0.000000 ---
34401.00 1271.87 0.000000 ---
34301.00 1271.68 0.000000 ---
34201.00 1271.48 0.000000 ---
34101.00 1271.29 0.000000 ---
34001.00 1271.10 0.000000 ---
33901.00 1270.91 0.000000 ---
33801.00 1270.71 0.000000 ---
33701.00 1270.52 0.000000 ---
33601.00 1270.33 0.000000 ---
33501.00 1270.13 0.000000 ---
33401.00 1269.94 0.000000 ---
33301.00 1269.75 0.000000 ---
33201.00 1269.55 0.000000 ---
33101.00 1269.36 0.000000 ---
33001.00 1269.17 0.000000 ---
32901.00 1268.97 0.000000 ---
32801.00 1268.78 0.000000 ---
32701.00 1268.58 0.000000 ---
32601.00 1268.39 0.000000 ---
32501.00 1268.20 0.000000 ---
32401.00 1268.00 0.000000 ---
32301.00 1267.81 0.000000 ---
32201.00 1267.61 0.000000 ---
32101.00 1267.42 0.000000 ---
32001.00 1267.22 0.000000 ---
31901.00 1267.03 0.000000 ---
31801.00 1266.83 0.000000 ---
31701.00 1266.64 0.000000 ---
31601.00 1266.44 0.000000 ---
31501.00 1266.25 0.000000 ---
31401.00 1266.05 0.000000 ---
31301.00 1265.86 0.000000 ---
31201.00 1265.66 0.000000 ---
31101.00 1265.46 0.000000 ---
31001.00 1265.27 0.000000 ---
30901.00 1265.07 0.000000 ---
30801.00 1264.87 0.000000 ---
30701.00 1264.68 0.000000 ---
30601.00 1264.48 0.000000 ---
30501.00 1264.28 0.000000 ---
30401.00 1264.09 0.000000 ---
30301.00 1263.89 0.000000 ---
30201.00 1263.69 0.000000 ---
30101.00 1263.49 0.000000 ---
30001.00 1263.30 0.000000 ---
29901.00 1263.10 0.000000 ---
29801.00 1262.90 0.000000 ---
29701.00 1262.70 0.000000 ---
29601.00 1262.50 0.000000 ---
29501.00 1262.30 0.000000 ---
29401.00 1262.10 0.000000 ---
29301.00 1261.91 0.000000 ---
29201.00 1261.71 0.000000 ---
29101.00 1261.51 0.000000 ---
29001.00 1261.31 0.000000 ---
28901.00 1261.11 0.000000 ---
28801.00 1260.91 0.000000 ---
28701.00 1260.71 0.000000 ---
28601.00 1260.51 0.000000 ---
28501.00 1260.30 0.000000 ---
28401.00 1260.10 0.000000 ---
28301.00 1259.90 0.000000 ---
28201.00 1259.70 0.000000 ---
28101.00 1259.50 0.000000 ---
28001.00 1259.30 0.000000 ---
27901.00 1259.09 0.000000 ---
27801.00 1258.89 0.000000 ---
27701.00 1258.69 0.000000 ---
27601.00 1258.48 0.000000 ---
27501.00 1258.28 0.000000 ---
27401.00 1258.08 0.000000 ---
27301.00 1257.87 0.000000 ---
27201.00 1257.67 0.000000 ---
27101.00 1257.46 0.000000 ---
27001.00 1257.26 0.000000 ---
26901.00 1257.05 0.000000 ---
26801.00 1256.85 0.000000 ---
26701.00 1256.64 0.000000 ---
26601.00 1256.44 0.000000 ---
26501.00 1256.23 0.000000 ---
26401.00 1256.02 0.000000 ---
26301.00 1255.82 0.000000 ---
26201.00 1255.61 0.000000 ---
26101.00 1255.40 0.000000 ---
26001.00 1255.19 0.000000 ---
25901.00 1254.98 0.000000 ---
25801.00 1254.78 0.000000 ---
25701.00 1254.57 0.000000 ---
25601.00 1254.36 0.000000 ---
25501.00 1254.15 0.000000 ---
25401.00 1253.94 0.000000 ---
25301.00 1253.72 0.000000 ---
25201.00 1253.51 0.000000 ---
25101.00 1253.30 0.000000 ---
25001.00 1253.09 0.000000 ---
24901.00 1252.88 0.000000 ---
24801.00 1252.66 0.000000 ---
24701.00 1252.45 0.000000 ---
24601.00 1252.23 0.000000 ---
24501.00 1252.02 0.000000 ---
24401.00 1251.80 0.000000 ---
24301.00 1251.59 0.000000 ---
24201.00 1251.37 0.000000 ---
24101.00 1251.16 0.000000 ---
24001.00 1250.94 0.000000 ---
23901.00 1250.72 0.000000 ---
23801.00 1250.50 0.000000 ---
23701.00 1250.28 0.000000 ---
23601.00 1250.06 0.000000 ---
23501.00 1249.84 0.000000 ---
23401.00 1249.62 0.000000 ---
23301.00 1249.40 0.000000 ---
23201.00 1249.18 0.000000 ---
23101.00 1248.95 0.000000 ---
23001.00 1248.73 0.000000 ---
22901.00 1248.51 0.000000 ---
22801.00 1248.28 0.000000 ---
22701.00 1248.06 0.000000 ---
22601.00 1247.83 0.000000 ---
22501.00 1247.60 0.000000 ---
22401.00 1247.37 0.000000 ---
22301.00 1247.14 0.000000 ---
22201.00 1246.91 0.000000 ---
22101.00 1246.68 0.000000 ---
22001.00 1246.45 0.000000 ---
21901.00 1246.22 0.000000 ---
21801.00 1245.99 0.000000 ---
21701.00 1245.75 0.000000 ---
21601.00 1245.52 0.000000 ---
21501.00 1245.28 0.000000 ---
21401.00 1245.04 0.000000 ---
21301.00 1244.80 0.000000 ---
21201.00 1244.56 0.000000 ---
21101.00 1244.32 0.000000 ---
21001.00 1244.08 0.000000 ---
20901.00 1243.83 0.000000 ---
20801.00 1243.59 0.000000 ---
20701.00 1243.34 0.000000 ---
20601.00 1243.10 0.000000 ---
20501.00 1242.85 0.000000 ---
20401.00 1242.60 0.000000 ---
20301.00 1242.35 0.000000 ---
20201.00 1242.09 0.000000 ---
20101.00 1241.84 0.000000 ---
20001.00 1241.58 0.000000 ---
19901.00 1241.32 0.000000 ---
19801.00 1241.06 0.000000 ---
19701.00 1240.80 0.000000 ---
19601.00 1240.53 0.000000 ---
19501.00 1240.27 0.000000 ---
19401.00 1240.00 0.000000 ---
19301.00 1239.73 0.000000 ---
19201.00 1239.46 0.000000 ---
19101.00 1239.18 0.000000 ---
19001.00 1238.90 0.000000 ---
18901.00 1238.62 0.000000 ---
18801.00 1238.34 0.000000 ---
18701.00 1238.06 0.000000 ---
18601.00 1237.77 0.000000 ---
18501.00 1237.48 0.000000 ---
18401.00 1237.18 0.000000 ---
18301.00 1236.88 0.000000 ---
18201.00 1236.58 0.000000 ---
18101.00 1236.30 0.000000 ---
18001.00 1236.13 0.000000 ---
17901.00 1235.95 0.000000 ---
17801.00 1235.78 0.000000 ---
17701.00 1235.60 0.000000 ---
17601.00 1235.43 0.000000 ---
17501.00 1235.25 0.000000 ---
17401.00 1235.08 0.000000 ---
17301.00 1234.90 0.000000 ---
17201.00 1234.73 0.000000 ---
17101.00 1234.55 0.000000 ---
17001.00 1234.38 0.000000 ---
16901.00 1234.21 0.000000 ---
16801.00 1234.03 0.000000 ---
16701.00 1233.86 0.000000 ---
16601.00 1233.68 0.000000 ---
16501.00 1233.51 0.000000 ---
16401.00 1233.33 0.000000 ---
16301.00 1233.16 0.000000 ---
16201.00 1232.98 0.000000 ---
16101.00 1232.81 0.000000 ---
16001.00 1232.63 0.000000 ---
15901.00 1232.46 0.000000 ---
15801.00 1232.28 0.000000 ---
15701.00 1232.11 0.000000 ---
15601.00 1231.93 0.000000 ---
15501.00 1231.76 0.000000 ---
15401.00 1231.58 0.000000 ---
15301.00 1231.41 0.000000 ---
15201.00 1231.23 0.000000 ---
15101.00 1231.06 0.000000 ---
15001.00 1230.89 0.000000 ---
14901.00 1230.71 0.000000 ---
14801.00 1230.54 0.000000 ---
14701.00 1230.36 0.000000 ---
14601.00 1230.19 0.000000 ---
14501.00 1230.01 0.000000 ---
14401.00 1229.84 0.000000 ---
14301.00 1229.66 0.000000 ---
14201.00 1229.49 0.000000 ---
14101.00 1229.31 0.000000 ---
14001.00 1229.14 0.000000 ---
13901.00 1228.96 0.000000 ---
13801.00 1228.79 0.000000 ---
13701.00 1228.62 0.000000 ---
13601.00 1228.44 0.000000 ---
13501.00 1228.27 0.000000 ---
13401.00 1228.09 0.000000 ---
13301.00 1227.92 0.000000 ---
13201.00 1227.74 0.000000 ---
13101.00 1227.57 0.000000 ---
13001.00 1227.39 0.000000 ---
12901.00 1227.22 0.000000 ---
12801.00 1227.04 0.000000 ---
12701.00 1226.87 0.000000 ---
12601.00 1226.69 0.000000 ---
12501.00 1226.52 0.000000 ---
12401.00 1226.35 0.000000 ---
12301.00 1226.17 0.000000 ---
12201.00 1226.00 0.000000 ---
12101.00 1225.82 0.000000 ---
12001.00 1225.65 0.000000 ---
11901.00 1225.47 0.000000 ---
11801.00 1225.30 0.000000 ---
11701.00 1225.12 0.000000 ---
11601.00 1224.95 0.000000 ---
11501.00 1224.77 0.000000 ---
11401.00 1224.60 0.000000 ---
11301.00 1224.42 0.000000 ---
11201.00 1224.25 0.000000 ---
11101.00 1224.08 0.000000 ---
11001.00 1223.90 0.000000 ---
10901.00 1223.73 0.000000 ---
10801.00 1223.55 0.000000 ---
10701.00 1223.38 0.000000 ---
10601.00 1223.20 0.000000 ---
10501.00 1223.03 0.000000 ---
10401.00 1222.85 0.000000 ---
10301.00 1222.57 0.028957 54.5106 0.553374 19.4629 0.0706239 0.297034 3.34993 0.0114749 6.68505 0.00606731 3.78271 11.2702
10201.00 1222.24 0.071318 54.575 0.552301 19.4722 0.0717486 0.291722 3.34472 0.0113064 6.68785 0.00597568 3.83626 11.1509
10101.00 1221.92 0.114366 54.6386 0.55128 19.4812 0.0729052 0.286466 3.33971 0.0111393 6.69098 0.00588487 3.8908 11.031
10001.00 1221.58 0.158132 54.7015 0.550312 19.4898 0.0740952 0.281265 3.33492 0.0109736 6.69444 0.00579488 3.94635 10.9106
9901.00 1221.25 0.202644 54.7636 0.549398 19.498 0.0753198 0.276119 3.33034 0.0108093 6.69823 0.0057057 4.00293 10.7895
9801.00 1220.92 0.247936 54.8249 0.548538 19.5059 0.0765804 0.271028 3.32598 0.0106465 6.70237 0.00561733 4.06057 10.6678
9701.00 1220.58 0.294042 54.8854 0.547733 19.5134 0.0778786 0.265992 3.32185 0.0104851 6.70686 0.00552977 4.1193 10.5455
9601.00 1220.24 0.340997 54.945 0.546984 19.5206 0.0792159 0.261011 3.31795 0.010325 6.71169 0.00544302 4.17913 10.4227
9501.00 1219.90 0.388839 55.0038 0.546292 19.5273 0.080594 0.256084 3.31428 0.0101664 6.71688 0.00535706 4.24009 10.2992
9401.00 1219.56 0.437609 55.0616 0.545657 19.5337 0.0820145 0.251212 3.31084 0.0100092 6.72243 0.00527191 4.30222 10.1751
9301.00 1219.22 0.487349 55.1185 0.54508 19.5396 0.0834795 0.246395 3.30765 0.00985332 6.72834 0.00518755 4.36553 10.0504
9201.00 1218.87 0.538105 55.1744 0.544562 19.5452 0.0849906 0.241633 3.30471 0.00969887 6.73462 0.00510398 4.43004 9.92502
9101.00 1218.52 0.589924 55.2293 0.544104 19.5504 0.08655 0.236925 3.30202 0.00954581 6.74127 0.0050212 4.4958 9.79907
9001.00 1218.17 0.642856 55.2833 0.543707 19.5551 0.0881598 0.232271 3.29958 0.00939412 6.7483 0.0049392 4.56282 9.67249
8901.00 1217.82 0.696956 55.3361 0.543372 19.5594 0.0898222 0.227672 3.2974 0.00924381 6.7557 0.00485799 4.63113 9.54529
8801.00 1217.81 0.615812 55.3779 0.548996 19.5468 0.0925343 0.223991 3.30466 0.00909676 6.77679 0.00477958 4.71426 9.40021
8701.00 1218.25 0.362393 55.4047 0.562514 19.5126 0.0966684 0.221379 3.32416 0.00895524 6.81544 0.00470543 4.81661 9.23224
8601.00 1218.65 0.122781 55.4299 0.575994 19.4792 0.100908 0.218634 3.34351 0.00881711 6.85361 0.00463298 4.92008 9.06477
8501.00 1218.75 0.000000 ---
8401.00 1218.52 0.000000 ---
8301.00 1218.29 0.000000 ---
8201.00 1218.06 0.000000 ---
8101.00 1217.83 0.000000 ---
8001.00 1217.61 0.000000 ---
7901.00 1217.38 0.000000 ---
7801.00 1217.15 0.000000 ---
7701.00 1216.92 0.000000 ---
7601.00 1216.69 0.000000 ---
7501.00 1216.47 0.000000 ---
7401.00 1216.24 0.000000 ---
7301.00 1216.01 0.000000 ---
7201.00 1215.78 0.000000 ---
7101.00 1215.55 0.000000 ---
7001.00 1215.32 0.000000 ---
6901.00 1215.09 0.000000 ---
6801.00 1214.86 0.000000 ---
6701.00 1214.63 0.000000 ---
6601.00 1214.39 0.000000 ---
6501.00 1214.16 0.000000 ---
6401.00 1213.93 0.000000 ---
6301.00 1213.69 0.000000 ---
6201.00 1213.46 0.000000 ---
6101.00 1213.22 0.000000 ---
6001.00 1212.98 0.000000 ---
5901.00 1212.75 0.000000 ---
5801.00 1212.51 0.000000 ---
5701.00 1212.27 0.000000 ---
5601.00 1212.03 0.000000 ---
5501.00 1211.79 0.000000 ---
5401.00 1211.55 0.000000 ---
5301.00 1211.31 0.000000 ---
5201.00 1211.06 0.000000 ---
5101.00 1210.25 0.226791 55.7114 0.849894 18.6718 0.324524 0.10645 3.78037 0.00482786 7.7113 0.0025041 8.99747 3.83941
5001.00 1209.36 0.484803 55.7285 0.849232 18.6518 0.332989 0.104438 3.77901 0.00472953 7.7145 0.00245091 9.1074 3.72501
4901.00 1208.43 0.758009 55.748 0.848059 18.6315 0.34149 0.102538 3.77645 0.00463249 7.71611 0.00239839 9.21531 3.61357
4801.00 1207.46 1.046488 55.7702 0.84637 18.6108 0.350008 0.100748 3.77265 0.00453679 7.71611 0.00234659 9.32107 3.50515
4701.00 1206.46 1.304213 55.795 0.844142 18.5899 0.358521 0.0990576 3.76766 0.00444243 7.71458 0.0022955 9.42475 3.39962
4601.00 1205.44 1.312791 55.8215 0.841254 18.5691 0.36702 0.0974048 3.76184 0.00434911 7.71189 0.00224499 9.52737 3.29597
4501.00 1204.38 1.321025 55.8496 0.837696 18.5486 0.375492 0.0957883 3.75518 0.00425687 7.70808 0.00219507 9.62892 3.19417
4401.00 1203.30 1.328909 55.8794 0.833459 18.5282 0.38392 0.0942067 3.74771 0.0041657 7.70316 0.00214575 9.72939 3.09418
4301.00 1202.19 1.336437 55.9109 0.828536 18.5081 0.392289 0.0926583 3.73944 0.00407562 7.69716 0.00209704 9.82881 2.99596
4201.00 1201.05 1.343602 55.9441 0.822919 18.4881 0.400582 0.0911411 3.7304 0.00398664 7.69011 0.00204895 9.92717 2.89946
4101.00 1199.89 1.350399 55.9789 0.816602 18.4683 0.408784 0.0896531 3.72061 0.00389875 7.68203 0.00200148 10.0245 2.80463
4001.00 1198.70 1.356819 56.0155 0.809581 18.4488 0.416876 0.0881923 3.71009 0.00381198 7.67296 0.00195463 10.1209 2.71141
3901.00 1197.49 1.362858 56.0537 0.801852 18.4294 0.424843 0.0867563 3.69888 0.00372632 7.66294 0.00190842 10.2163 2.61973
3801.00 1196.26 1.368506 56.0936 0.793415 18.4102 0.432668 0.0853428 3.687 0.00364177 7.652 0.00186283 10.3108 2.52952
3701.00 1195.00 1.373756 56.135 0.784269 18.3913 0.440335 0.0839493 3.6745 0.00355834 7.64019 0.00181788 10.4044 2.4407
3601.00 1193.72 1.378599 56.1779 0.77442 18.3725 0.447826 0.0825732 3.66142 0.00347601 7.62754 0.00177357 10.4974 2.35317
3501.00 1192.41 1.383027 56.2222 0.763872 18.354 0.455127 0.081212 3.64779 0.00339479 7.61411 0.00172989 10.5896 2.26686
3401.00 1191.09 1.387027 56.2679 0.752635 18.3358 0.462223 0.0798629 3.63366 0.00331466 7.59994 0.00168684 10.6813 2.18166
3301.00 1189.75 1.390590 56.3147 0.74072 18.3178 0.4691 0.0785233 3.61909 0.00323563 7.58509 0.00164442 10.7726 2.09745
3201.00 1188.39 1.393703 56.3627 0.728144 18.3001 0.475744 0.0771903 3.60412 0.00315767 7.56962 0.00160262 10.8636 2.01412
3101.00 1187.01 1.396351 56.4115 0.714926 18.2826 0.482146 0.0758612 3.58882 0.00308079 7.55357 0.00156145 10.9544 1.93155
3001.00 1185.61 1.398518 56.4611 0.701088 18.2655 0.488295 0.0745333 3.57324 0.00300497 7.53701 0.0015209 11.0451 1.84961
2901.00 1184.20 1.400189 56.5112 0.686659 18.2486 0.494183 0.0732038 3.55746 0.0029302 7.52002 0.00148096 11.1361 1.76816
2801.00 1182.77 1.401343 56.5617 0.671669 18.2321 0.499804 0.0718702 3.54153 0.00285647 7.50264 0.00144163 11.2274 1.68706
2701.00 1181.33 1.401963 56.6123 0.656154 18.2158 0.505154 0.0705298 3.52553 0.00278376 7.48496 0.00140291 11.3193 1.60616
2601.00 1179.87 1.402029 56.6627 0.640155 18.1999 0.510231 0.0691802 3.50954 0.00271208 7.46704 0.00136479 11.4119 1.52529
2501.00 1178.41 1.401521 56.7127 0.623715 18.1843 0.515036 0.0678194 3.49362 0.0026414 7.44895 0.00132726 11.5055 1.44431
2401.00 1176.93 1.400421 56.7621 0.606882 18.169 0.519572 0.0664452 3.47787 0.00257173 7.43078 0.00129033 11.6004 1.36306
2301.00 1175.45 1.398718 56.8105 0.589706 18.154 0.523843 0.0650561 3.46235 0.00250306 7.41258 0.00125399 11.6968 1.28137
2201.00 1173.96 1.396407 56.8577 0.572239 18.1393 0.527856 0.063651 3.44715 0.00243538 7.39444 0.00121824 11.7949 1.19911
2101.00 1172.46 1.393494 56.9034 0.554538 18.1249 0.531619 0.0622292 3.43234 0.00236872 7.37641 0.00118309 11.8949 1.11612
2001.00 1170.96 1.390005 56.9473 0.536655 18.1107 0.535141 0.060791 3.41798 0.00230307 7.35855 0.00114855 11.9971 1.0323
1901.00 1169.45 1.385992 56.9893 0.518643 18.0967 0.53843 0.0593373 3.40413 0.00223845 7.34089 0.00111461 12.1017 0.947565
1801.00 1167.95 1.381546 57.0292 0.500551 18.0828 0.54149 0.0578704 3.39083 0.0021749 7.32348 0.0010813 12.2087 0.86186
1701.00 1166.44 1.376809 57.067 0.482419 18.069 0.544324 0.0563939 3.37809 0.00211244 7.30629 0.00104863 12.3182 0.775203
1601.00 1164.93 1.371992 57.1027 0.464278 18.0551 0.546922 0.0549131 3.36588 0.00205114 7.2893 0.00101662 12.4301 0.687688
1501.00 1163.41 1.367403 57.1366 0.446145 18.0412 0.549267 0.0534356 3.35415 0.00199106 7.27242 0.000985298 12.5442 0.599513
1401.00 1162.14 1.267029 57.1702 0.4347 18.0048 0.555869 0.0522353 3.34736 0.00194245 7.26147 0.000959953 12.6574 0.513047
1301.00 1161.17 1.137580 57.2119 0.432081 17.9357 0.568234 0.0514884 3.34547 0.00191021 7.25717 0.000943018 12.7612 0.433915
1201.00 1160.18 1.144377 57.2695 0.428612 17.8617 0.579722 0.0509355 3.34046 0.00188187 7.25003 0.000928016 12.8521 0.364019
1101.00 1159.17 1.148481 57.3432 0.424323 17.7826 0.590246 0.0505648 3.33249 0.00185759 7.24031 0.000915029 12.9302 0.303215
1001.00 1158.15 1.149355 57.4328 0.419277 17.6979 0.59975 0.0503595 3.32182 0.00183749 7.22834 0.000904112 12.9958 0.251114
901.00 1157.13 1.146681 57.5376 0.413571 17.6073 0.608208 0.0502989 3.3088 0.0018216 7.21455 0.000895289 13.0498 0.207112
801.00 1156.11 1.140413 57.6565 0.407326 17.5106 0.615631 0.0503592 3.29386 0.00180991 7.1994 0.000888556 13.0932 0.170432
701.00 1155.12 1.130790 57.7882 0.400674 17.4077 0.622057 0.0505151 3.27747 0.00180237 7.18337 0.000883881 13.1271 0.140197
601.00 1154.15 1.118287 57.9312 0.393751 17.2986 0.627547 0.0507416 3.26006 0.00179886 7.16689 0.00088121 13.153 0.115496
501.00 1153.21 1.103531 58.084 0.386685 17.1834 0.632178 0.0510154 3.24207 0.00179924 7.1504 0.000880476 13.1722 0.0954467
401.00 1152.32 1.087212 58.2451 0.37959 17.0623 0.636036 0.0513156 3.22384 0.00180335 7.13424 0.000881598 13.1857 0.0792374
301.00 1151.46 1.069999 58.4132 0.372558 16.9355 0.63921 0.0516247 3.2057 0.00181104 7.11871 0.000884496 13.1946 0.0661551
201.00 1150.64 1.052484 58.5872 0.365662 16.8034 0.641784 0.0519285 3.18787 0.00182215 7.10406 0.000889089 13.1999 0.0555926
101.00 1149.86 1.035150 58.766 0.358955 16.6662 0.64384 0.052216 3.17054 0.00183652 7.09047 0.000895302 13.2021 0.047046
1.00 1149.12 1.018364 58.9488 0.35247 16.5242 0.64545 0.052479 3.15385 0.00185404 7.07808 0.000903067 13.2019 0.0401057