Title: Depleted MORB Mantle of Workmann & Hart 2005

System Thermodynamic Data:
Pressure Temperature mass F phi S H V Cp dVdP*10^6 dVdT*10^6 fO2(absolute) fO2(absolute) rhol rhos viscosity aH2O chisqr
44001.00 1290.08 100.138999 0.0000000000000000 0.000000 244.439766 -1165659.523412 30.015696 124.025222 -19.867574 1393.911363 -6.693 -6.693 0.000000 3.336221 0.000 0 0.000
43901.00 1289.89 100.138999 0.0000000000000000 0.000000 244.439766 -1165959.689959 30.017614 124.031312 -19.874527 1393.846304 -6.697 -6.697 0.000000 3.336008 0.000 0 0.000
43801.00 1289.71 100.138999 0.0000000000000000 0.000000 244.439766 -1166259.875695 30.019534 124.037403 -19.881484 1393.781376 -6.702 -6.702 0.000000 3.335795 0.000 0 0.000
43701.00 1289.52 100.138999 0.0000000000000000 0.000000 244.439766 -1166560.080642 30.021456 124.043493 -19.888445 1393.716580 -6.707 -6.707 0.000000 3.335581 0.000 0 0.000
43601.00 1289.33 100.138999 0.0000000000000000 0.000000 244.439766 -1166860.304818 30.023380 124.049583 -19.895411 1393.651916 -6.711 -6.711 0.000000 3.335367 0.000 0 0.000
43501.00 1289.14 100.138999 0.0000000000000000 0.000000 244.439766 -1167160.548244 30.025306 124.055674 -19.902381 1393.587386 -6.716 -6.716 0.000000 3.335153 0.000 0 0.000
43401.00 1288.95 100.138999 0.0000000000000000 0.000000 244.439766 -1167460.810941 30.027234 124.061764 -19.909355 1393.522991 -6.721 -6.721 0.000000 3.334939 0.000 0 0.000
43301.00 1288.76 100.138999 0.0000000000000000 0.000000 244.439766 -1167761.092928 30.029164 124.067854 -19.916334 1393.458731 -6.725 -6.725 0.000000 3.334725 0.000 0 0.000
43201.00 1288.58 100.138999 0.0000000000000000 0.000000 244.439766 -1168061.394227 30.031096 124.073945 -19.923317 1393.394609 -6.730 -6.730 0.000000 3.334510 0.000 0 0.000
43101.00 1288.39 100.138999 0.0000000000000000 0.000000 244.439766 -1168361.714857 30.033030 124.080035 -19.930305 1393.330624 -6.735 -6.735 0.000000 3.334296 0.000 0 0.000
43001.00 1288.20 100.138999 0.0000000000000000 0.000000 244.439766 -1168662.054839 30.034967 124.086125 -19.937297 1393.266779 -6.740 -6.740 0.000000 3.334081 0.000 0 0.000
42901.00 1288.01 100.138999 0.0000000000000000 0.000000 244.439766 -1168962.414195 30.036905 124.092216 -19.944294 1393.203075 -6.744 -6.744 0.000000 3.333865 0.000 0 0.000
42801.00 1287.82 100.138999 0.0000000000000000 0.000000 244.439766 -1169262.792945 30.038845 124.098307 -19.951296 1393.139512 -6.749 -6.749 0.000000 3.333650 0.000 0 0.000
42701.00 1287.63 100.138999 0.0000000000000000 0.000000 244.439766 -1169563.191111 30.040788 124.104397 -19.958302 1393.076092 -6.754 -6.754 0.000000 3.333434 0.000 0 0.000
42601.00 1287.45 100.138999 0.0000000000000000 0.000000 244.439766 -1169863.608713 30.042733 124.110488 -19.965313 1393.012815 -6.759 -6.759 0.000000 3.333219 0.000 0 0.000
42501.00 1287.26 100.138999 0.0000000000000000 0.000000 244.439766 -1170164.045773 30.044680 124.116579 -19.972328 1392.949684 -6.763 -6.763 0.000000 3.333003 0.000 0 0.000
42401.00 1287.07 100.138999 0.0000000000000000 0.000000 244.439766 -1170464.502313 30.046629 124.122670 -19.979348 1392.886699 -6.768 -6.768 0.000000 3.332787 0.000 0 0.000
42301.00 1286.88 100.138999 0.0000000000000000 0.000000 244.439766 -1170764.978354 30.048580 124.128762 -19.986374 1392.823862 -6.773 -6.773 0.000000 3.332570 0.000 0 0.000
42201.00 1286.69 100.138999 0.0000000000000000 0.000000 244.439766 -1171065.473919 30.050533 124.134853 -19.993404 1392.761173 -6.778 -6.778 0.000000 3.332353 0.000 0 0.000
42101.00 1286.50 100.138999 0.0000000000000000 0.000000 244.439766 -1171365.989028 30.052489 124.140945 -20.000438 1392.698635 -6.783 -6.783 0.000000 3.332137 0.000 0 0.000
42001.00 1286.32 100.138999 0.0000000000000000 0.000000 244.439766 -1171666.523704 30.054447 124.147037 -20.007478 1392.636248 -6.788 -6.788 0.000000 3.331920 0.000 0 0.000
41901.00 1286.13 100.138999 0.0000000000000000 0.000000 244.439766 -1171967.077969 30.056407 124.153129 -20.014523 1392.574014 -6.792 -6.792 0.000000 3.331702 0.000 0 0.000
41801.00 1285.94 100.138999 0.0000000000000000 0.000000 244.439766 -1172267.651846 30.058369 124.159222 -20.021573 1392.511934 -6.797 -6.797 0.000000 3.331485 0.000 0 0.000
41701.00 1285.75 100.138999 0.0000000000000000 0.000000 244.439766 -1172568.245358 30.060334 124.165314 -20.028628 1392.450009 -6.802 -6.802 0.000000 3.331267 0.000 0 0.000
41601.00 1285.56 100.138999 0.0000000000000000 0.000000 244.439766 -1172868.858526 30.062300 124.171408 -20.035688 1392.388241 -6.807 -6.807 0.000000 3.331049 0.000 0 0.000
41501.00 1285.37 100.138999 0.0000000000000000 0.000000 244.439766 -1173169.491374 30.064270 124.177501 -20.042753 1392.326632 -6.812 -6.812 0.000000 3.330831 0.000 0 0.000
41401.00 1285.18 100.138999 0.0000000000000000 0.000000 244.439766 -1173470.143924 30.066241 124.183595 -20.049824 1392.265181 -6.817 -6.817 0.000000 3.330613 0.000 0 0.000
41301.00 1285.00 100.138999 0.0000000000000000 0.000000 244.439766 -1173770.816200 30.068215 124.189689 -20.056900 1392.203892 -6.822 -6.822 0.000000 3.330394 0.000 0 0.000
41201.00 1284.81 100.138999 0.0000000000000000 0.000000 244.439766 -1174071.508226 30.070191 124.195784 -20.063981 1392.142765 -6.827 -6.827 0.000000 3.330175 0.000 0 0.000
41101.00 1284.62 100.138999 0.0000000000000000 0.000000 244.439766 -1174372.220023 30.072169 124.201879 -20.071068 1392.081802 -6.832 -6.832 0.000000 3.329956 0.000 0 0.000
41001.00 1284.43 100.138999 0.0000000000000000 0.000000 244.439766 -1174672.951617 30.074150 124.207975 -20.078160 1392.021004 -6.837 -6.837 0.000000 3.329737 0.000 0 0.000
40901.00 1284.24 100.138999 0.0000000000000000 0.000000 244.439766 -1174973.703031 30.076133 124.214071 -20.085257 1391.960373 -6.842 -6.842 0.000000 3.329517 0.000 0 0.000
40801.00 1284.05 100.138999 0.0000000000000000 0.000000 244.439766 -1175274.474289 30.078119 124.220167 -20.092360 1391.899911 -6.847 -6.847 0.000000 3.329297 0.000 0 0.000
40701.00 1283.86 100.138999 0.0000000000000000 0.000000 244.439766 -1175575.265415 30.080107 124.226264 -20.099469 1391.839618 -6.852 -6.852 0.000000 3.329077 0.000 0 0.000
40601.00 1283.67 100.138999 0.0000000000000000 0.000000 244.439766 -1175876.076433 30.082097 124.232362 -20.106583 1391.779497 -6.857 -6.857 0.000000 3.328857 0.000 0 0.000
40501.00 1283.48 100.138999 0.0000000000000000 0.000000 244.439766 -1176176.907368 30.084090 124.238460 -20.113703 1391.719548 -6.862 -6.862 0.000000 3.328636 0.000 0 0.000
40401.00 1283.30 100.138999 0.0000000000000000 0.000000 244.439766 -1176477.758244 30.086086 124.244559 -20.120829 1391.659775 -6.867 -6.867 0.000000 3.328416 0.000 0 0.000
40301.00 1283.11 100.138999 0.0000000000000000 0.000000 244.439766 -1176778.629087 30.088083 124.250658 -20.127960 1391.600177 -6.872 -6.872 0.000000 3.328195 0.000 0 0.000
40201.00 1282.92 100.138999 0.0000000000000000 0.000000 244.439766 -1177079.519921 30.090084 124.256758 -20.135098 1391.540758 -6.877 -6.877 0.000000 3.327973 0.000 0 0.000
40101.00 1282.73 100.138999 0.0000000000000000 0.000000 244.439766 -1177380.430771 30.092087 124.262859 -20.142241 1391.481518 -6.883 -6.883 0.000000 3.327752 0.000 0 0.000
40001.00 1282.54 100.138999 0.0000000000000000 0.000000 244.439766 -1177681.361663 30.094092 124.268960 -20.149390 1391.422459 -6.888 -6.888 0.000000 3.327530 0.000 0 0.000
39901.00 1282.35 100.138999 0.0000000000000000 0.000000 244.439766 -1177982.312622 30.096100 124.275063 -20.156546 1391.363584 -6.893 -6.893 0.000000 3.327308 0.000 0 0.000
39801.00 1282.16 100.138999 0.0000000000000000 0.000000 244.439766 -1178283.283675 30.098111 124.281165 -20.163707 1391.304893 -6.898 -6.898 0.000000 3.327086 0.000 0 0.000
39701.00 1281.97 100.138999 0.0000000000000000 0.000000 244.439766 -1178584.274847 30.100124 124.287269 -20.170875 1391.246389 -6.903 -6.903 0.000000 3.326863 0.000 0 0.000
39601.00 1281.78 100.138999 0.0000000000000000 0.000000 244.439766 -1178885.286164 30.102140 124.293374 -20.178049 1391.188073 -6.908 -6.908 0.000000 3.326641 0.000 0 0.000
39501.00 1281.59 100.138999 0.0000000000000000 0.000000 244.439766 -1179186.317652 30.104158 124.299479 -20.185229 1391.129947 -6.914 -6.914 0.000000 3.326417 0.000 0 0.000
39401.00 1281.40 100.138999 0.0000000000000000 0.000000 244.439766 -1179487.369339 30.106179 124.305585 -20.192416 1391.072013 -6.919 -6.919 0.000000 3.326194 0.000 0 0.000
39301.00 1281.21 100.138999 0.0000000000000000 0.000000 244.439766 -1179788.441251 30.108203 124.311692 -20.199609 1391.014273 -6.924 -6.924 0.000000 3.325971 0.000 0 0.000
39201.00 1281.02 100.138999 0.0000000000000000 0.000000 244.439766 -1180089.533415 30.110230 124.317800 -20.206808 1390.956729 -6.929 -6.929 0.000000 3.325747 0.000 0 0.000
39101.00 1280.84 100.138999 0.0000000000000000 0.000000 244.439766 -1180390.645858 30.112259 124.323909 -20.214014 1390.899383 -6.935 -6.935 0.000000 3.325523 0.000 0 0.000
39001.00 1280.65 100.138999 0.0000000000000000 0.000000 244.439766 -1180691.778608 30.114291 124.330019 -20.221227 1390.842237 -6.940 -6.940 0.000000 3.325298 0.000 0 0.000
38901.00 1280.46 100.138999 0.0000000000000000 0.000000 244.439766 -1180992.931692 30.116326 124.336130 -20.228446 1390.785292 -6.945 -6.945 0.000000 3.325074 0.000 0 0.000
38801.00 1280.27 100.138999 0.0000000000000000 0.000000 244.439766 -1181294.105138 30.118364 124.342242 -20.235672 1390.728551 -6.950 -6.950 0.000000 3.324849 0.000 0 0.000
38701.00 1280.08 100.138999 0.0000000000000000 0.000000 244.439766 -1181595.298974 30.120404 124.348356 -20.242905 1390.672016 -6.956 -6.956 0.000000 3.324623 0.000 0 0.000
38601.00 1279.89 100.138999 0.0000000000000000 0.000000 244.439766 -1181896.513228 30.122447 124.354470 -20.250145 1390.615690 -6.961 -6.961 0.000000 3.324398 0.000 0 0.000
38501.00 1279.70 100.138999 0.0000000000000000 0.000000 244.439766 -1182197.747930 30.124493 124.360585 -20.257391 1390.559573 -6.967 -6.967 0.000000 3.324172 0.000 0 0.000
38401.00 1279.51 100.138999 0.0000000000000000 0.000000 244.439766 -1182499.003108 30.126543 124.366702 -20.264645 1390.503668 -6.972 -6.972 0.000000 3.323946 0.000 0 0.000
38301.00 1279.32 100.138999 0.0000000000000000 0.000000 244.439766 -1182800.278790 30.128594 124.372820 -20.271906 1390.447978 -6.977 -6.977 0.000000 3.323720 0.000 0 0.000
38201.00 1279.13 100.138999 0.0000000000000000 0.000000 244.439766 -1183101.575007 30.130649 124.378939 -20.279174 1390.392505 -6.983 -6.983 0.000000 3.323493 0.000 0 0.000
38101.00 1278.94 100.138999 0.0000000000000000 0.000000 244.439766 -1183402.891787 30.132707 124.385059 -20.286450 1390.337250 -6.988 -6.988 0.000000 3.323266 0.000 0 0.000
38001.00 1278.75 100.138999 0.0000000000000000 0.000000 244.439766 -1183704.229161 30.134768 124.391181 -20.293732 1390.282217 -6.994 -6.994 0.000000 3.323039 0.000 0 0.000
37901.00 1278.56 100.138999 0.0000000000000000 0.000000 244.439766 -1184005.587158 30.136832 124.397304 -20.301022 1390.227407 -6.999 -6.999 0.000000 3.322811 0.000 0 0.000
37801.00 1278.37 100.138999 0.0000000000000000 0.000000 244.439766 -1184306.965809 30.138899 124.403429 -20.308320 1390.172824 -7.005 -7.005 0.000000 3.322583 0.000 0 0.000
37701.00 1278.18 100.138999 0.0000000000000000 0.000000 244.439766 -1184608.365145 30.140969 124.409555 -20.315625 1390.118469 -7.010 -7.010 0.000000 3.322355 0.000 0 0.000
37601.00 1277.99 100.138999 0.0000000000000000 0.000000 244.439766 -1184909.785196 30.143042 124.415682 -20.322938 1390.064345 -7.016 -7.016 0.000000 3.322127 0.000 0 0.000
37501.00 1277.80 100.138999 0.0000000000000000 0.000000 244.439766 -1185211.225993 30.145118 124.421811 -20.330259 1390.010454 -7.021 -7.021 0.000000 3.321898 0.000 0 0.000
37401.00 1277.61 100.138999 0.0000000000000000 0.000000 244.439766 -1185512.687568 30.147197 124.427942 -20.337587 1389.956799 -7.027 -7.027 0.000000 3.321669 0.000 0 0.000
37301.00 1277.42 100.138999 0.0000000000000000 0.000000 244.439766 -1185814.169952 30.149280 124.434074 -20.344924 1389.903383 -7.032 -7.032 0.000000 3.321439 0.000 0 0.000
37201.00 1277.23 100.138999 0.0000000000000000 0.000000 244.439766 -1186115.673178 30.151366 124.440208 -20.352268 1389.850208 -7.038 -7.038 0.000000 3.321209 0.000 0 0.000
37101.00 1277.04 100.138999 0.0000000000000000 0.000000 244.439766 -1186417.197277 30.153455 124.446343 -20.359621 1389.797277 -7.043 -7.043 0.000000 3.320979 0.000 0 0.000
37001.00 1276.85 100.138999 0.0000000000000000 0.000000 244.439766 -1186718.742283 30.155547 124.452481 -20.366981 1389.744592 -7.049 -7.049 0.000000 3.320749 0.000 0 0.000
36901.00 1276.65 100.138999 0.0000000000000000 0.000000 244.439766 -1187020.308228 30.157643 124.458620 -20.374350 1389.692157 -7.055 -7.055 0.000000 3.320518 0.000 0 0.000
36801.00 1276.46 100.138999 0.0000000000000000 0.000000 244.439766 -1187321.895145 30.159741 124.464761 -20.381728 1389.639974 -7.060 -7.060 0.000000 3.320287 0.000 0 0.000
36701.00 1276.27 100.138999 0.0000000000000000 0.000000 244.439766 -1187623.503068 30.161844 124.470903 -20.389113 1389.588046 -7.066 -7.066 0.000000 3.320056 0.000 0 0.000
36601.00 1276.08 100.138999 0.0000000000000000 0.000000 244.439766 -1187925.132030 30.163949 124.477048 -20.396508 1389.536376 -7.072 -7.072 0.000000 3.319824 0.000 0 0.000
36501.00 1275.89 100.138999 0.0000000000000000 0.000000 244.439766 -1188226.782067 30.166058 124.483195 -20.403911 1389.484966 -7.077 -7.077 0.000000 3.319592 0.000 0 0.000
36401.00 1275.70 100.138999 0.0000000000000000 0.000000 244.439766 -1188528.453211 30.168171 124.489344 -20.411323 1389.433821 -7.083 -7.083 0.000000 3.319359 0.000 0 0.000
36301.00 1275.51 100.138999 0.0000000000000000 0.000000 244.439766 -1188830.145499 30.170287 124.495494 -20.418743 1389.382943 -7.089 -7.089 0.000000 3.319126 0.000 0 0.000
36201.00 1275.32 100.138999 0.0000000000000000 0.000000 244.439766 -1189131.858964 30.172407 124.501647 -20.426173 1389.332335 -7.095 -7.095 0.000000 3.318893 0.000 0 0.000
36101.00 1275.13 100.138999 0.0000000000000000 0.000000 244.439766 -1189433.593643 30.174530 124.507803 -20.433611 1389.282000 -7.100 -7.100 0.000000 3.318660 0.000 0 0.000
36001.00 1274.94 100.138999 0.0000000000000000 0.000000 244.439766 -1189735.349572 30.176657 124.513960 -20.441059 1389.231941 -7.106 -7.106 0.000000 3.318426 0.000 0 0.000
35901.00 1274.75 100.138999 0.0000000000000000 0.000000 244.439766 -1190037.126786 30.178787 124.520120 -20.448516 1389.182163 -7.112 -7.112 0.000000 3.318192 0.000 0 0.000
35801.00 1274.55 100.138999 0.0000000000000000 0.000000 244.439766 -1190338.925323 30.180921 124.526282 -20.455983 1389.132668 -7.118 -7.118 0.000000 3.317957 0.000 0 0.000
35701.00 1274.36 100.138999 0.0000000000000000 0.000000 244.439766 -1190640.745219 30.183059 124.532446 -20.463459 1389.083459 -7.124 -7.124 0.000000 3.317722 0.000 0 0.000
35601.00 1274.17 100.138999 0.0000000000000000 0.000000 244.439766 -1190942.586512 30.185200 124.538613 -20.470944 1389.034541 -7.130 -7.130 0.000000 3.317487 0.000 0 0.000
35501.00 1273.98 100.138999 0.0000000000000000 0.000000 244.439766 -1191244.449238 30.187346 124.544782 -20.478440 1388.985916 -7.136 -7.136 0.000000 3.317251 0.000 0 0.000
35401.00 1273.79 100.138999 0.0000000000000000 0.000000 244.439766 -1191546.333438 30.189495 124.550954 -20.485945 1388.937588 -7.141 -7.141 0.000000 3.317015 0.000 0 0.000
35301.00 1273.60 100.138999 0.0000000000000000 0.000000 244.439766 -1191848.239148 30.191648 124.557129 -20.493460 1388.889562 -7.147 -7.147 0.000000 3.316778 0.000 0 0.000
35201.00 1273.41 100.138999 0.0000000000000000 0.000000 244.439766 -1192150.166408 30.193805 124.563306 -20.500985 1388.841840 -7.153 -7.153 0.000000 3.316541 0.000 0 0.000
35101.00 1273.21 100.138999 0.0000000000000000 0.000000 244.439766 -1192452.115257 30.195966 124.569486 -20.508521 1388.794426 -7.159 -7.159 0.000000 3.316304 0.000 0 0.000
35001.00 1273.02 100.138999 0.0000000000000000 0.000000 244.439766 -1192754.085735 30.198131 124.575669 -20.516067 1388.747325 -7.165 -7.165 0.000000 3.316066 0.000 0 0.000
34901.00 1272.83 100.138999 0.0000000000000000 0.000000 244.439766 -1193056.077883 30.200300 124.581855 -20.523623 1388.700541 -7.171 -7.171 0.000000 3.315828 0.000 0 0.000
34801.00 1272.64 100.138999 0.0000000000000000 0.000000 244.439766 -1193358.091740 30.202473 124.588044 -20.531190 1388.654077 -7.177 -7.177 0.000000 3.315589 0.000 0 0.000
34701.00 1272.45 100.138999 0.0000000000000000 0.000000 244.439766 -1193660.127349 30.204650 124.594236 -20.538767 1388.607937 -7.183 -7.183 0.000000 3.315350 0.000 0 0.000
34601.00 1272.25 100.138999 0.0000000000000000 0.000000 244.439766 -1193962.184750 30.206831 124.600431 -20.546356 1388.562127 -7.190 -7.190 0.000000 3.315111 0.000 0 0.000
34501.00 1272.06 100.138999 0.0000000000000000 0.000000 244.439766 -1194264.263985 30.209017 124.606629 -20.553955 1388.516649 -7.196 -7.196 0.000000 3.314871 0.000 0 0.000
34401.00 1271.87 100.138999 0.0000000000000000 0.000000 244.439766 -1194566.365098 30.211207 124.612831 -20.561566 1388.471509 -7.202 -7.202 0.000000 3.314631 0.000 0 0.000
34301.00 1271.68 100.138999 0.0000000000000000 0.000000 244.439766 -1194868.488131 30.213401 124.619036 -20.569188 1388.426710 -7.208 -7.208 0.000000 3.314390 0.000 0 0.000
34201.00 1271.48 100.138999 0.0000000000000000 0.000000 244.439766 -1195170.633127 30.215599 124.625244 -20.576821 1388.382259 -7.214 -7.214 0.000000 3.314149 0.000 0 0.000
34101.00 1271.29 100.138999 0.0000000000000000 0.000000 244.439766 -1195472.800131 30.217802 124.631456 -20.584466 1388.338158 -7.220 -7.220 0.000000 3.313907 0.000 0 0.000
34001.00 1271.10 100.138999 0.0000000000000000 0.000000 244.439766 -1195774.989187 30.220010 124.637671 -20.592122 1388.294413 -7.226 -7.226 0.000000 3.313665 0.000 0 0.000
33901.00 1270.91 100.138999 0.0000000000000000 0.000000 244.439766 -1196077.200340 30.222222 124.643890 -20.599791 1388.251029 -7.233 -7.233 0.000000 3.313423 0.000 0 0.000
33801.00 1270.71 100.138999 0.0000000000000000 0.000000 244.439766 -1196379.433636 30.224438 124.650113 -20.607471 1388.208010 -7.239 -7.239 0.000000 3.313180 0.000 0 0.000
33701.00 1270.52 100.138999 0.0000000000000000 0.000000 244.439766 -1196681.689121 30.226659 124.656339 -20.615164 1388.165362 -7.245 -7.245 0.000000 3.312936 0.000 0 0.000
33601.00 1270.33 100.138999 0.0000000000000000 0.000000 244.439766 -1196983.966842 30.228885 124.662570 -20.622869 1388.123090 -7.252 -7.252 0.000000 3.312692 0.000 0 0.000
33501.00 1270.13 100.138999 0.0000000000000000 0.000000 244.439766 -1197286.266845 30.231116 124.668804 -20.630586 1388.081199 -7.258 -7.258 0.000000 3.312448 0.000 0 0.000
33401.00 1269.94 100.138999 0.0000000000000000 0.000000 244.439766 -1197588.589179 30.233352 124.675043 -20.638316 1388.039694 -7.264 -7.264 0.000000 3.312203 0.000 0 0.000
33301.00 1269.75 100.138999 0.0000000000000000 0.000000 244.439766 -1197890.933893 30.235592 124.681286 -20.646060 1387.998582 -7.271 -7.271 0.000000 3.311958 0.000 0 0.000
33201.00 1269.55 100.138999 0.0000000000000000 0.000000 244.439766 -1198193.301034 30.237837 124.687533 -20.653816 1387.957866 -7.277 -7.277 0.000000 3.311712 0.000 0 0.000
33101.00 1269.36 100.138999 0.0000000000000000 0.000000 244.439766 -1198495.690654 30.240088 124.693785 -20.661585 1387.917554 -7.283 -7.283 0.000000 3.311465 0.000 0 0.000
33001.00 1269.17 100.138999 0.0000000000000000 0.000000 244.439766 -1198798.102802 30.242343 124.700041 -20.669368 1387.877651 -7.290 -7.290 0.000000 3.311218 0.000 0 0.000
32901.00 1268.97 100.138999 0.0000000000000000 0.000000 244.439766 -1199100.537529 30.244603 124.706301 -20.677164 1387.838162 -7.296 -7.296 0.000000 3.310971 0.000 0 0.000
32801.00 1268.78 100.138999 0.0000000000000000 0.000000 244.439766 -1199402.994887 30.246869 124.712567 -20.684974 1387.799095 -7.303 -7.303 0.000000 3.310723 0.000 0 0.000
32701.00 1268.58 100.138999 0.0000000000000000 0.000000 244.439766 -1199705.474928 30.249140 124.718837 -20.692798 1387.760455 -7.309 -7.309 0.000000 3.310474 0.000 0 0.000
32601.00 1268.39 100.138999 0.0000000000000000 0.000000 244.439766 -1200007.977705 30.251416 124.725112 -20.700636 1387.722248 -7.316 -7.316 0.000000 3.310225 0.000 0 0.000
32501.00 1268.20 100.138999 0.0000000000000000 0.000000 244.439766 -1200310.503272 30.253698 124.731392 -20.708489 1387.684482 -7.323 -7.323 0.000000 3.309975 0.000 0 0.000
32401.00 1268.00 100.138999 0.0000000000000000 0.000000 244.439766 -1200613.051683 30.255985 124.737678 -20.716356 1387.647162 -7.329 -7.329 0.000000 3.309725 0.000 0 0.000
32301.00 1267.81 100.138999 0.0000000000000000 0.000000 244.439766 -1200915.622993 30.258278 124.743969 -20.724238 1387.610295 -7.336 -7.336 0.000000 3.309475 0.000 0 0.000
32201.00 1267.61 100.138999 0.0000000000000000 0.000000 244.439766 -1201218.217259 30.260576 124.750265 -20.732134 1387.573889 -7.342 -7.342 0.000000 3.309223 0.000 0 0.000
32101.00 1267.42 100.138999 0.0000000000000000 0.000000 244.439766 -1201520.834537 30.262880 124.756566 -20.740046 1387.537951 -7.349 -7.349 0.000000 3.308971 0.000 0 0.000
32001.00 1267.22 100.138999 0.0000000000000000 0.000000 244.439766 -1201823.474884 30.265190 124.762874 -20.747974 1387.502487 -7.356 -7.356 0.000000 3.308719 0.000 0 0.000
31901.00 1267.03 100.138999 0.0000000000000000 0.000000 244.439766 -1202126.138359 30.267506 124.769187 -20.755917 1387.467506 -7.363 -7.363 0.000000 3.308466 0.000 0 0.000
31801.00 1266.83 100.138999 0.0000000000000000 0.000000 244.439766 -1202428.825021 30.269828 124.775506 -20.763876 1387.433014 -7.369 -7.369 0.000000 3.308212 0.000 0 0.000
31701.00 1266.64 100.138999 0.0000000000000000 0.000000 244.439766 -1202731.534930 30.272155 124.781831 -20.771851 1387.399020 -7.376 -7.376 0.000000 3.307957 0.000 0 0.000
31601.00 1266.44 100.138999 0.0000000000000000 0.000000 244.439766 -1203034.268146 30.274489 124.788162 -20.779843 1387.365531 -7.383 -7.383 0.000000 3.307702 0.000 0 0.000
31501.00 1266.25 100.138999 0.0000000000000000 0.000000 244.439766 -1203337.024732 30.276829 124.794500 -20.787851 1387.332556 -7.390 -7.390 0.000000 3.307447 0.000 0 0.000
31401.00 1266.05 100.138999 0.0000000000000000 0.000000 244.439766 -1203639.804749 30.279175 124.800844 -20.795876 1387.300103 -7.397 -7.397 0.000000 3.307190 0.000 0 0.000
31301.00 1265.86 100.138999 0.0000000000000000 0.000000 244.439766 -1203942.608262 30.281528 124.807195 -20.803918 1387.268180 -7.404 -7.404 0.000000 3.306933 0.000 0 0.000
31201.00 1265.66 100.138999 0.0000000000000000 0.000000 244.439766 -1204245.435335 30.283887 124.813553 -20.811978 1387.236797 -7.411 -7.411 0.000000 3.306676 0.000 0 0.000
31101.00 1265.46 100.138999 0.0000000000000000 0.000000 244.439766 -1204548.286033 30.286253 124.819917 -20.820055 1387.205961 -7.418 -7.418 0.000000 3.306418 0.000 0 0.000
31001.00 1265.27 100.138999 0.0000000000000000 0.000000 244.439766 -1204851.160422 30.288626 124.826289 -20.828150 1387.175683 -7.425 -7.425 0.000000 3.306159 0.000 0 0.000
30901.00 1265.07 100.138999 0.0000000000000000 0.000000 244.439766 -1205154.058571 30.291005 124.832668 -20.836263 1387.145972 -7.432 -7.432 0.000000 3.305899 0.000 0 0.000
30801.00 1264.87 100.138999 0.0000000000000000 0.000000 244.439766 -1205456.980547 30.293391 124.839055 -20.844395 1387.116836 -7.439 -7.439 0.000000 3.305638 0.000 0 0.000
30701.00 1264.68 100.138999 0.0000000000000000 0.000000 244.439766 -1205759.926420 30.295785 124.845449 -20.852546 1387.088287 -7.446 -7.446 0.000000 3.305377 0.000 0 0.000
30601.00 1264.48 100.138999 0.0000000000000000 0.000000 244.439766 -1206062.896261 30.298185 124.851851 -20.860716 1387.060333 -7.453 -7.453 0.000000 3.305115 0.000 0 0.000
30501.00 1264.28 100.138999 0.0000000000000000 0.000000 244.439766 -1206365.890141 30.300592 124.858261 -20.868905 1387.032986 -7.460 -7.460 0.000000 3.304853 0.000 0 0.000
30401.00 1264.09 100.138999 0.0000000000000000 0.000000 244.439766 -1206668.908134 30.303007 124.864680 -20.877114 1387.006256 -7.467 -7.467 0.000000 3.304589 0.000 0 0.000
30301.00 1263.89 100.138999 0.0000000000000000 0.000000 244.439766 -1206971.950313 30.305430 124.871107 -20.885343 1386.980153 -7.475 -7.475 0.000000 3.304325 0.000 0 0.000
30201.00 1263.69 100.138999 0.0000000000000000 0.000000 244.439766 -1207275.016753 30.307860 124.877542 -20.893592 1386.954690 -7.482 -7.482 0.000000 3.304060 0.000 0 0.000
30101.00 1263.49 100.138999 0.0000000000000000 0.000000 244.439766 -1207578.107531 30.310297 124.883986 -20.901862 1386.929876 -7.489 -7.489 0.000000 3.303795 0.000 0 0.000
30001.00 1263.30 100.138999 0.0000000000000000 0.000000 244.439766 -1207881.222725 30.312743 124.890440 -20.910154 1386.905724 -7.497 -7.497 0.000000 3.303528 0.000 0 0.000
29901.00 1263.10 100.138999 0.0000000000000000 0.000000 244.439766 -1208184.362414 30.315196 124.896902 -20.918466 1386.882246 -7.504 -7.504 0.000000 3.303261 0.000 0 0.000
29801.00 1262.90 100.138999 0.0000000000000000 0.000000 244.439766 -1208487.526678 30.317658 124.903374 -20.926801 1386.859454 -7.511 -7.511 0.000000 3.302993 0.000 0 0.000
29701.00 1262.70 100.138999 0.0000000000000000 0.000000 244.439766 -1208790.715598 30.320128 124.909856 -20.935157 1386.837361 -7.519 -7.519 0.000000 3.302724 0.000 0 0.000
29601.00 1262.50 100.138999 0.0000000000000000 0.000000 244.439766 -1209093.929258 30.322606 124.916348 -20.943537 1386.815978 -7.526 -7.526 0.000000 3.302454 0.000 0 0.000
29501.00 1262.30 100.138999 0.0000000000000000 0.000000 244.439766 -1209397.167742 30.325092 124.922849 -20.951939 1386.795321 -7.534 -7.534 0.000000 3.302183 0.000 0 0.000
29401.00 1262.10 100.138999 0.0000000000000000 0.000000 244.439766 -1209700.431137 30.327588 124.929362 -20.960364 1386.775402 -7.541 -7.541 0.000000 3.301911 0.000 0 0.000
29301.00 1261.91 100.138999 0.0000000000000000 0.000000 244.439766 -1210003.719528 30.330092 124.935885 -20.968813 1386.756234 -7.549 -7.549 0.000000 3.301638 0.000 0 0.000
29201.00 1261.71 100.138999 0.0000000000000000 0.000000 244.439766 -1210307.033007 30.332605 124.942419 -20.977287 1386.737833 -7.557 -7.557 0.000000 3.301365 0.000 0 0.000
29101.00 1261.51 100.138999 0.0000000000000000 0.000000 244.439766 -1210610.371662 30.335127 124.948964 -20.985785 1386.720213 -7.564 -7.564 0.000000 3.301090 0.000 0 0.000
29001.00 1261.31 100.138999 0.0000000000000000 0.000000 244.439766 -1210913.735587 30.337659 124.955521 -20.994308 1386.703389 -7.572 -7.572 0.000000 3.300815 0.000 0 0.000
28901.00 1261.11 100.138999 0.0000000000000000 0.000000 244.439766 -1211217.124874 30.340200 124.962089 -21.002856 1386.687375 -7.580 -7.580 0.000000 3.300539 0.000 0 0.000
28801.00 1260.91 100.138999 0.0000000000000000 0.000000 244.439766 -1211520.539620 30.342751 124.968670 -21.011431 1386.672190 -7.588 -7.588 0.000000 3.300261 0.000 0 0.000
28701.00 1260.71 100.138999 0.0000000000000000 0.000000 244.439766 -1211823.979922 30.345311 124.975263 -21.020032 1386.657847 -7.595 -7.595 0.000000 3.299983 0.000 0 0.000
28601.00 1260.51 100.138999 0.0000000000000000 0.000000 244.439766 -1212127.445878 30.347882 124.981868 -21.028659 1386.644364 -7.603 -7.603 0.000000 3.299703 0.000 0 0.000
28501.00 1260.30 100.138999 0.0000000000000000 0.000000 244.439766 -1212430.937590 30.350462 124.988487 -21.037314 1386.631758 -7.611 -7.611 0.000000 3.299423 0.000 0 0.000
28401.00 1260.10 100.138999 0.0000000000000000 0.000000 244.439766 -1212734.455160 30.353053 124.995119 -21.045998 1386.620047 -7.619 -7.619 0.000000 3.299141 0.000 0 0.000
28301.00 1259.90 100.138999 0.0000000000000000 0.000000 244.439766 -1213037.998692 30.355655 125.001765 -21.054709 1386.609248 -7.627 -7.627 0.000000 3.298858 0.000 0 0.000
28201.00 1259.70 100.138999 0.0000000000000000 0.000000 244.439766 -1213341.568295 30.358267 125.008424 -21.063450 1386.599380 -7.635 -7.635 0.000000 3.298574 0.000 0 0.000
28101.00 1259.50 100.138999 0.0000000000000000 0.000000 244.439766 -1213645.164075 30.360891 125.015098 -21.072220 1386.590463 -7.643 -7.643 0.000000 3.298289 0.000 0 0.000
28001.00 1259.30 100.138999 0.0000000000000000 0.000000 244.439766 -1213948.786144 30.363525 125.021787 -21.081020 1386.582514 -7.652 -7.652 0.000000 3.298003 0.000 0 0.000
27901.00 1259.09 100.138999 0.0000000000000000 0.000000 244.439766 -1214252.434615 30.366171 125.028491 -21.089850 1386.575555 -7.660 -7.660 0.000000 3.297716 0.000 0 0.000
27801.00 1258.89 100.138999 0.0000000000000000 0.000000 244.439766 -1214556.109603 30.368829 125.035210 -21.098712 1386.569607 -7.668 -7.668 0.000000 3.297427 0.000 0 0.000
27701.00 1258.69 100.138999 0.0000000000000000 0.000000 244.439766 -1214859.811225 30.371498 125.041945 -21.107606 1386.564689 -7.676 -7.676 0.000000 3.297137 0.000 0 0.000
27601.00 1258.48 100.138999 0.0000000000000000 0.000000 244.439766 -1215163.539600 30.374179 125.048696 -21.116533 1386.560824 -7.685 -7.685 0.000000 3.296846 0.000 0 0.000
27501.00 1258.28 100.138999 0.0000000000000000 0.000000 244.439766 -1215467.294852 30.376873 125.055464 -21.125492 1386.558035 -7.693 -7.693 0.000000 3.296554 0.000 0 0.000
27401.00 1258.08 100.138999 0.0000000000000000 0.000000 244.439766 -1215771.077103 30.379579 125.062249 -21.134485 1386.556343 -7.702 -7.702 0.000000 3.296260 0.000 0 0.000
27301.00 1257.87 100.138999 0.0000000000000000 0.000000 244.439766 -1216074.886482 30.382299 125.069052 -21.143513 1386.555774 -7.710 -7.710 0.000000 3.295965 0.000 0 0.000
27201.00 1257.67 100.138999 0.0000000000000000 0.000000 244.439766 -1216378.723117 30.385031 125.075872 -21.152576 1386.556349 -7.719 -7.719 0.000000 3.295669 0.000 0 0.000
27101.00 1257.46 100.138999 0.0000000000000000 0.000000 244.439766 -1216682.587142 30.387776 125.082711 -21.161675 1386.558096 -7.727 -7.727 0.000000 3.295371 0.000 0 0.000
27001.00 1257.26 100.138999 0.0000000000000000 0.000000 244.439766 -1216986.478690 30.390536 125.089569 -21.170810 1386.561039 -7.736 -7.736 0.000000 3.295072 0.000 0 0.000
26901.00 1257.05 100.138999 0.0000000000000000 0.000000 244.439766 -1217290.397899 30.393309 125.096447 -21.179983 1386.565204 -7.745 -7.745 0.000000 3.294771 0.000 0 0.000
26801.00 1256.85 100.138999 0.0000000000000000 0.000000 244.439766 -1217594.344911 30.396096 125.103344 -21.189193 1386.570619 -7.754 -7.754 0.000000 3.294469 0.000 0 0.000
26701.00 1256.64 100.138999 0.0000000000000000 0.000000 244.439766 -1217898.319868 30.398898 125.110262 -21.198443 1386.577310 -7.763 -7.763 0.000000 3.294165 0.000 0 0.000
26601.00 1256.44 100.138999 0.0000000000000000 0.000000 244.439766 -1218202.322917 30.401714 125.117200 -21.207732 1386.585308 -7.771 -7.771 0.000000 3.293860 0.000 0 0.000
26501.00 1256.23 100.138999 0.0000000000000000 0.000000 244.439766 -1218506.354208 30.404546 125.124160 -21.217062 1386.594640 -7.780 -7.780 0.000000 3.293553 0.000 0 0.000
26401.00 1256.02 100.138999 0.0000000000000000 0.000000 244.439766 -1218810.413893 30.407393 125.131143 -21.226433 1386.605338 -7.789 -7.789 0.000000 3.293245 0.000 0 0.000
26301.00 1255.82 100.138999 0.0000000000000000 0.000000 244.439766 -1219114.502128 30.410256 125.138148 -21.235847 1386.617432 -7.799 -7.799 0.000000 3.292935 0.000 0 0.000
26201.00 1255.61 100.138999 0.0000000000000000 0.000000 244.439766 -1219418.619074 30.413135 125.145176 -21.245303 1386.630954 -7.808 -7.808 0.000000 3.292623 0.000 0 0.000
26101.00 1255.40 100.138999 0.0000000000000000 0.000000 244.439766 -1219722.764893 30.416031 125.152228 -21.254804 1386.645937 -7.817 -7.817 0.000000 3.292310 0.000 0 0.000
26001.00 1255.19 100.138999 0.0000000000000000 0.000000 244.439766 -1220026.939751 30.418943 125.159304 -21.264350 1386.662414 -7.826 -7.826 0.000000 3.291995 0.000 0 0.000
25901.00 1254.98 100.138999 0.0000000000000000 0.000000 244.439766 -1220331.143819 30.421873 125.166406 -21.273942 1386.680422 -7.836 -7.836 0.000000 3.291678 0.000 0 0.000
25801.00 1254.78 100.138999 0.0000000000000000 0.000000 244.439766 -1220635.377271 30.424820 125.173533 -21.283581 1386.699994 -7.845 -7.845 0.000000 3.291359 0.000 0 0.000
25701.00 1254.57 100.138999 0.0000000000000000 0.000000 244.439766 -1220939.640284 30.427785 125.180687 -21.293268 1386.721168 -7.855 -7.855 0.000000 3.291038 0.000 0 0.000
25601.00 1254.36 100.138999 0.0000000000000000 0.000000 244.439766 -1221243.933041 30.430769 125.187868 -21.303004 1386.743982 -7.864 -7.864 0.000000 3.290715 0.000 0 0.000
25501.00 1254.15 100.138999 0.0000000000000000 0.000000 244.439766 -1221548.255727 30.433771 125.195077 -21.312790 1386.768476 -7.874 -7.874 0.000000 3.290391 0.000 0 0.000
25401.00 1253.94 100.138999 0.0000000000000000 0.000000 244.439766 -1221852.608533 30.436793 125.202315 -21.322627 1386.794688 -7.884 -7.884 0.000000 3.290064 0.000 0 0.000
25301.00 1253.72 100.138999 0.0000000000000000 0.000000 244.439766 -1222156.991653 30.439834 125.209582 -21.332517 1386.822660 -7.894 -7.894 0.000000 3.289735 0.000 0 0.000
25201.00 1253.51 100.138999 0.0000000000000000 0.000000 244.439766 -1222461.405286 30.442896 125.216880 -21.342461 1386.852436 -7.904 -7.904 0.000000 3.289405 0.000 0 0.000
25101.00 1253.30 100.138999 0.0000000000000000 0.000000 244.439766 -1222765.849636 30.445978 125.224208 -21.352460 1386.884058 -7.914 -7.914 0.000000 3.289072 0.000 0 0.000
25001.00 1253.09 100.138999 0.0000000000000000 0.000000 244.439766 -1223070.324911 30.449081 125.231568 -21.362515 1386.917572 -7.924 -7.924 0.000000 3.288736 0.000 0 0.000
24901.00 1252.88 100.138999 0.0000000000000000 0.000000 244.439766 -1223374.831324 30.452205 125.238962 -21.372627 1386.953025 -7.934 -7.934 0.000000 3.288399 0.000 0 0.000
24801.00 1252.66 100.138999 0.0000000000000000 0.000000 244.439766 -1223679.369094 30.455352 125.246388 -21.382798 1386.990464 -7.944 -7.944 0.000000 3.288059 0.000 0 0.000
24701.00 1252.45 100.138999 0.0000000000000000 0.000000 244.439766 -1223983.938445 30.458522 125.253850 -21.393030 1387.029939 -7.954 -7.954 0.000000 3.287717 0.000 0 0.000
24601.00 1252.23 100.138999 0.0000000000000000 0.000000 244.439766 -1224288.539604 30.461714 125.261347 -21.403323 1387.071501 -7.965 -7.965 0.000000 3.287372 0.000 0 0.000
24501.00 1252.02 100.138999 0.0000000000000000 0.000000 244.439766 -1224593.172807 30.464930 125.268881 -21.413679 1387.115203 -7.975 -7.975 0.000000 3.287025 0.000 0 0.000
24401.00 1251.80 100.138999 0.0000000000000000 0.000000 244.439766 -1224897.838294 30.468171 125.276452 -21.424100 1387.161099 -7.986 -7.986 0.000000 3.286676 0.000 0 0.000
24301.00 1251.59 100.138999 0.0000000000000000 0.000000 244.439766 -1225202.536309 30.471436 125.284062 -21.434586 1387.209245 -7.997 -7.997 0.000000 3.286324 0.000 0 0.000
24201.00 1251.37 100.138999 0.0000000000000000 0.000000 244.439766 -1225507.267107 30.474727 125.291711 -21.445141 1387.259698 -8.008 -8.008 0.000000 3.285969 0.000 0 0.000
24101.00 1251.16 100.138999 0.0000000000000000 0.000000 244.439766 -1225812.030943 30.478044 125.299402 -21.455765 1387.312519 -8.018 -8.018 0.000000 3.285611 0.000 0 0.000
24001.00 1250.94 100.138999 0.0000000000000000 0.000000 244.439766 -1226116.828084 30.481388 125.307134 -21.466460 1387.367769 -8.029 -8.029 0.000000 3.285251 0.000 0 0.000
23901.00 1250.72 100.138999 0.0000000000000000 0.000000 244.439766 -1226421.658801 30.484760 125.314909 -21.477228 1387.425512 -8.041 -8.041 0.000000 3.284887 0.000 0 0.000
23801.00 1250.50 100.138999 0.0000000000000000 0.000000 244.439766 -1226726.523371 30.488159 125.322729 -21.488071 1387.485814 -8.052 -8.052 0.000000 3.284521 0.000 0 0.000
23701.00 1250.28 100.138999 0.0000000000000000 0.000000 244.439766 -1227031.422080 30.491588 125.330595 -21.498990 1387.548741 -8.063 -8.063 0.000000 3.284152 0.000 0 0.000
23601.00 1250.06 100.138999 0.0000000000000000 0.000000 244.439766 -1227336.355220 30.495046 125.338508 -21.509988 1387.614366 -8.075 -8.075 0.000000 3.283779 0.000 0 0.000
23501.00 1249.84 100.138999 0.0000000000000000 0.000000 244.439766 -1227641.323092 30.498534 125.346469 -21.521067 1387.682760 -8.086 -8.086 0.000000 3.283404 0.000 0 0.000
23401.00 1249.62 100.138999 0.0000000000000000 0.000000 244.439766 -1227946.326004 30.502054 125.354480 -21.532228 1387.753999 -8.098 -8.098 0.000000 3.283025 0.000 0 0.000
23301.00 1249.40 100.138999 0.0000000000000000 0.000000 244.439766 -1228251.364271 30.505605 125.362542 -21.543474 1387.828161 -8.110 -8.110 0.000000 3.282643 0.000 0 0.000
23201.00 1249.18 100.138999 0.0000000000000000 0.000000 244.439766 -1228556.438219 30.509190 125.370657 -21.554807 1387.905326 -8.122 -8.122 0.000000 3.282257 0.000 0 0.000
23101.00 1248.95 100.138999 0.0000000000000000 0.000000 244.439766 -1228861.548180 30.512808 125.378826 -21.566229 1387.985577 -8.134 -8.134 0.000000 3.281868 0.000 0 0.000
23001.00 1248.73 100.138999 0.0000000000000000 0.000000 244.439766 -1229166.694497 30.516461 125.387052 -21.577743 1388.069002 -8.146 -8.146 0.000000 3.281475 0.000 0 0.000
22901.00 1248.51 100.138999 0.0000000000000000 0.000000 244.439766 -1229471.877521 30.520150 125.395335 -21.589351 1388.155690 -8.158 -8.158 0.000000 3.281078 0.000 0 0.000
22801.00 1248.28 100.138999 0.0000000000000000 0.000000 244.439766 -1229777.097613 30.523875 125.403677 -21.601056 1388.245734 -8.171 -8.171 0.000000 3.280678 0.000 0 0.000
22701.00 1248.06 100.138999 0.0000000000000000 0.000000 244.439766 -1230082.355145 30.527638 125.412081 -21.612861 1388.339230 -8.183 -8.183 0.000000 3.280273 0.000 0 0.000
22601.00 1247.83 100.138999 0.0000000000000000 0.000000 244.439766 -1230387.650499 30.531439 125.420548 -21.624767 1388.436279 -8.196 -8.196 0.000000 3.279865 0.000 0 0.000
22501.00 1247.60 100.138999 0.0000000000000000 0.000000 244.439766 -1230692.984065 30.535281 125.429080 -21.636779 1388.536984 -8.209 -8.209 0.000000 3.279452 0.000 0 0.000
22401.00 1247.37 100.138999 0.0000000000000000 0.000000 244.439766 -1230998.356249 30.539163 125.437680 -21.648899 1388.641453 -8.222 -8.222 0.000000 3.279035 0.000 0 0.000
22301.00 1247.14 100.138999 0.0000000000000000 0.000000 244.439766 -1231303.767465 30.543087 125.446349 -21.661130 1388.749798 -8.235 -8.235 0.000000 3.278614 0.000 0 0.000
22201.00 1246.91 100.138999 0.0000000000000000 0.000000 244.439766 -1231609.218142 30.547055 125.455089 -21.673475 1388.862137 -8.248 -8.248 0.000000 3.278188 0.000 0 0.000
22101.00 1246.68 100.138999 0.0000000000000000 0.000000 244.439766 -1231914.708717 30.551068 125.463903 -21.685938 1388.978589 -8.262 -8.262 0.000000 3.277758 0.000 0 0.000
22001.00 1246.45 100.138999 0.0000000000000000 0.000000 244.439766 -1232220.239646 30.555126 125.472793 -21.698522 1389.099282 -8.275 -8.275 0.000000 3.277322 0.000 0 0.000
21901.00 1246.22 100.138999 0.0000000000000000 0.000000 244.439766 -1232525.811393 30.559232 125.481762 -21.711231 1389.224345 -8.289 -8.289 0.000000 3.276882 0.000 0 0.000
21801.00 1245.99 100.138999 0.0000000000000000 0.000000 244.439766 -1232831.424441 30.563386 125.490813 -21.724068 1389.353917 -8.303 -8.303 0.000000 3.276437 0.000 0 0.000
21701.00 1245.75 100.138999 0.0000000000000000 0.000000 244.439766 -1233137.079284 30.567591 125.499948 -21.737038 1389.488139 -8.317 -8.317 0.000000 3.275986 0.000 0 0.000
21601.00 1245.52 100.138999 0.0000000000000000 0.000000 244.439766 -1233442.776434 30.571848 125.509169 -21.750145 1389.627159 -8.332 -8.332 0.000000 3.275530 0.000 0 0.000
21501.00 1245.28 100.138999 0.0000000000000000 0.000000 244.439766 -1233748.516417 30.576158 125.518480 -21.763392 1389.771132 -8.346 -8.346 0.000000 3.275068 0.000 0 0.000
21401.00 1245.04 100.138999 0.0000000000000000 0.000000 244.439766 -1234054.299776 30.580523 125.527885 -21.776785 1389.920219 -8.361 -8.361 0.000000 3.274601 0.000 0 0.000
21301.00 1244.80 100.138999 0.0000000000000000 0.000000 244.439766 -1234360.127074 30.584946 125.537385 -21.790328 1390.074589 -8.376 -8.376 0.000000 3.274127 0.000 0 0.000
21201.00 1244.56 100.138999 0.0000000000000000 0.000000 244.439766 -1234665.998889 30.589427 125.546985 -21.804025 1390.234416 -8.391 -8.391 0.000000 3.273647 0.000 0 0.000
21101.00 1244.32 100.138999 0.0000000000000000 0.000000 244.439766 -1234971.915820 30.593969 125.556688 -21.817882 1390.399885 -8.406 -8.406 0.000000 3.273161 0.000 0 0.000
21001.00 1244.08 100.138999 0.0000000000000000 0.000000 244.439766 -1235277.878484 30.598574 125.566498 -21.831905 1390.571186 -8.422 -8.422 0.000000 3.272669 0.000 0 0.000
20901.00 1243.83 100.138999 0.0000000000000000 0.000000 244.439766 -1235583.887520 30.603244 125.576418 -21.846098 1390.748521 -8.437 -8.437 0.000000 3.272169 0.000 0 0.000
20801.00 1243.59 100.138999 0.0000000000000000 0.000000 244.439766 -1235889.943590 30.607981 125.586453 -21.860467 1390.932098 -8.453 -8.453 0.000000 3.271663 0.000 0 0.000
20701.00 1243.34 100.138999 0.0000000000000000 0.000000 244.439766 -1236196.047376 30.612788 125.596607 -21.875019 1391.122136 -8.470 -8.470 0.000000 3.271149 0.000 0 0.000
20601.00 1243.10 100.138999 0.0000000000000000 0.000000 244.439766 -1236502.199586 30.617666 125.606883 -21.889760 1391.318865 -8.486 -8.486 0.000000 3.270628 0.000 0 0.000
20501.00 1242.85 100.138999 0.0000000000000000 0.000000 244.439766 -1236808.400951 30.622619 125.617288 -21.904696 1391.522525 -8.503 -8.503 0.000000 3.270099 0.000 0 0.000
20401.00 1242.60 100.138999 0.0000000000000000 0.000000 244.439766 -1237114.652230 30.627649 125.627826 -21.919835 1391.733367 -8.520 -8.520 0.000000 3.269562 0.000 0 0.000
20301.00 1242.35 100.138999 0.0000000000000000 0.000000 244.439766 -1237420.954208 30.632760 125.638501 -21.935183 1391.951654 -8.537 -8.537 0.000000 3.269017 0.000 0 0.000
20201.00 1242.09 100.138999 0.0000000000000000 0.000000 244.439766 -1237727.307698 30.637953 125.649319 -21.950749 1392.177662 -8.554 -8.554 0.000000 3.268462 0.000 0 0.000
20101.00 1241.84 100.138999 0.0000000000000000 0.000000 244.439766 -1238033.713546 30.643232 125.660287 -21.966540 1392.411682 -8.572 -8.572 0.000000 3.267899 0.000 0 0.000
20001.00 1241.58 100.138999 0.0000000000000000 0.000000 244.439766 -1238340.172626 30.648600 125.671408 -21.982564 1392.654016 -8.590 -8.590 0.000000 3.267327 0.000 0 0.000
19901.00 1241.32 100.138999 0.0000000000000000 0.000000 244.439766 -1238646.685847 30.654060 125.682691 -21.998832 1392.904984 -8.608 -8.608 0.000000 3.266745 0.000 0 0.000
19801.00 1241.06 100.138999 0.0000000000000000 0.000000 244.439766 -1238953.254154 30.659617 125.694141 -22.015351 1393.164920 -8.627 -8.627 0.000000 3.266153 0.000 0 0.000
19701.00 1240.80 100.138999 0.0000000000000000 0.000000 244.439766 -1239259.878525 30.665274 125.705765 -22.032131 1393.434175 -8.645 -8.645 0.000000 3.265550 0.000 0 0.000
19601.00 1240.53 100.138999 0.0000000000000000 0.000000 244.439766 -1239566.559979 30.671035 125.717571 -22.049184 1393.713119 -8.665 -8.665 0.000000 3.264937 0.000 0 0.000
19501.00 1240.27 100.138999 0.0000000000000000 0.000000 244.439766 -1239873.299575 30.676903 125.729565 -22.066519 1394.002140 -8.684 -8.684 0.000000 3.264313 0.000 0 0.000
19401.00 1240.00 100.138999 0.0000000000000000 0.000000 244.439766 -1240180.098414 30.682884 125.741756 -22.084148 1394.301646 -8.704 -8.704 0.000000 3.263676 0.000 0 0.000
19301.00 1239.73 100.138999 0.0000000000000000 0.000000 244.439766 -1240486.957642 30.688982 125.754152 -22.102083 1394.612066 -8.724 -8.724 0.000000 3.263028 0.000 0 0.000
19201.00 1239.46 100.138999 0.0000000000000000 0.000000 244.439766 -1240793.878452 30.695201 125.766763 -22.120337 1394.933850 -8.745 -8.745 0.000000 3.262367 0.000 0 0.000
19101.00 1239.18 100.138999 0.0000000000000000 0.000000 244.439766 -1241100.862085 30.701547 125.779596 -22.138922 1395.267475 -8.765 -8.765 0.000000 3.261692 0.000 0 0.000
19001.00 1238.90 100.138999 0.0000000000000000 0.000000 244.439766 -1241407.909837 30.708026 125.792663 -22.157853 1395.613439 -8.787 -8.787 0.000000 3.261004 0.000 0 0.000
18901.00 1238.62 100.138999 0.0000000000000000 0.000000 244.439766 -1241715.023057 30.714642 125.805973 -22.177144 1395.972270 -8.808 -8.808 0.000000 3.260302 0.000 0 0.000
18801.00 1238.34 100.138999 0.0000000000000000 0.000000 244.439766 -1242022.203152 30.721402 125.819538 -22.196811 1396.344522 -8.830 -8.830 0.000000 3.259584 0.000 0 0.000
18701.00 1238.06 100.138999 0.0000000000000000 0.000000 244.439766 -1242329.451590 30.728311 125.833368 -22.216870 1396.730778 -8.853 -8.853 0.000000 3.258851 0.000 0 0.000
18601.00 1237.77 100.138999 0.0000000000000000 0.000000 244.439766 -1242636.769903 30.735378 125.847476 -22.237338 1397.131653 -8.876 -8.876 0.000000 3.258102 0.000 0 0.000
18501.00 1237.48 100.138999 0.0000000000000000 0.000000 244.439766 -1242944.159691 30.742608 125.861875 -22.258234 1397.547796 -8.899 -8.899 0.000000 3.257336 0.000 0 0.000
18401.00 1237.18 100.138999 0.0000000000000000 0.000000 244.439766 -1243251.622627 30.750009 125.876577 -22.279576 1397.979889 -8.923 -8.923 0.000000 3.256552 0.000 0 0.000
18301.00 1236.88 100.138999 0.0000000000000000 0.000000 244.439766 -1243559.160458 30.757588 125.891598 -22.301386 1398.428653 -8.947 -8.947 0.000000 3.255749 0.000 0 0.000
18201.00 1236.58 100.138999 0.0000000000000000 0.000000 244.439766 -1243866.775009 30.765354 125.906952 -22.323683 1398.894847 -8.972 -8.972 0.000000 3.254928 0.000 0 0.000
18101.00 1236.30 100.138999 0.0000000000000000 0.000000 244.439766 -1244174.467219 30.772236 125.920773 -22.343515 1399.276602 -8.993 -8.993 0.000000 3.254200 0.000 0 0.000
18001.00 1236.13 100.138999 0.0000000000000000 0.000000 244.439766 -1244482.199925 30.774305 125.926202 -22.350062 1399.200474 -8.999 -8.999 0.000000 3.253981 0.000 0 0.000
17901.00 1235.95 100.138999 0.0000000000000000 0.000000 244.439766 -1244789.953328 30.776375 125.931630 -22.356610 1399.124349 -9.004 -9.004 0.000000 3.253762 0.000 0 0.000
17801.00 1235.78 100.138999 0.0000000000000000 0.000000 244.439766 -1245097.727437 30.778447 125.937055 -22.363159 1399.048227 -9.010 -9.010 0.000000 3.253543 0.000 0 0.000
17701.00 1235.60 100.138999 0.0000000000000000 0.000000 244.439766 -1245405.522263 30.780519 125.942479 -22.369708 1398.972108 -9.015 -9.015 0.000000 3.253324 0.000 0 0.000
17601.00 1235.43 100.138999 0.0000000000000000 0.000000 244.439766 -1245713.337816 30.782592 125.947901 -22.376258 1398.895990 -9.021 -9.021 0.000000 3.253105 0.000 0 0.000
17501.00 1235.25 100.138999 0.0000000000000000 0.000000 244.439766 -1246021.174106 30.784666 125.953322 -22.382808 1398.819875 -9.026 -9.026 0.000000 3.252886 0.000 0 0.000
17401.00 1235.08 100.138999 0.0000000000000000 0.000000 244.439766 -1246329.031143 30.786741 125.958740 -22.389359 1398.743762 -9.032 -9.032 0.000000 3.252666 0.000 0 0.000
17301.00 1234.90 100.138999 0.0000000000000000 0.000000 244.439766 -1246636.908938 30.788818 125.964157 -22.395911 1398.667651 -9.037 -9.037 0.000000 3.252447 0.000 0 0.000
17201.00 1234.73 100.138999 0.0000000000000000 0.000000 244.439766 -1246944.807502 30.790895 125.969572 -22.402463 1398.591542 -9.043 -9.043 0.000000 3.252228 0.000 0 0.000
17101.00 1234.55 100.138999 0.0000000000000000 0.000000 244.439766 -1247252.726843 30.792973 125.974986 -22.409015 1398.515434 -9.048 -9.048 0.000000 3.252008 0.000 0 0.000
17001.00 1234.38 100.138999 0.0000000000000000 0.000000 244.439766 -1247560.666974 30.795053 125.980397 -22.415568 1398.439328 -9.054 -9.054 0.000000 3.251789 0.000 0 0.000
16901.00 1234.21 100.138999 0.0000000000000000 0.000000 244.439766 -1247868.627903 30.797133 125.985807 -22.422122 1398.363223 -9.059 -9.059 0.000000 3.251569 0.000 0 0.000
16801.00 1234.03 100.138999 0.0000000000000000 0.000000 244.439766 -1248176.609642 30.799215 125.991215 -22.428676 1398.287119 -9.065 -9.065 0.000000 3.251349 0.000 0 0.000
16701.00 1233.86 100.138999 0.0000000000000000 0.000000 244.439766 -1248484.612200 30.801297 125.996621 -22.435231 1398.211017 -9.070 -9.070 0.000000 3.251129 0.000 0 0.000
16601.00 1233.68 100.138999 0.0000000000000000 0.000000 244.439766 -1248792.635589 30.803381 126.002025 -22.441786 1398.134915 -9.076 -9.076 0.000000 3.250909 0.000 0 0.000
16501.00 1233.51 100.138999 0.0000000000000000 0.000000 244.439766 -1249100.679818 30.805465 126.007428 -22.448342 1398.058814 -9.081 -9.081 0.000000 3.250689 0.000 0 0.000
16401.00 1233.33 100.138999 0.0000000000000000 0.000000 244.439766 -1249408.744898 30.807551 126.012829 -22.454899 1397.982713 -9.087 -9.087 0.000000 3.250469 0.000 0 0.000
16301.00 1233.16 100.138999 0.0000000000000000 0.000000 244.439766 -1249716.830840 30.809638 126.018228 -22.461456 1397.906613 -9.092 -9.092 0.000000 3.250249 0.000 0 0.000
16201.00 1232.98 100.138999 0.0000000000000000 0.000000 244.439766 -1250024.937654 30.811725 126.023625 -22.468014 1397.830513 -9.098 -9.098 0.000000 3.250029 0.000 0 0.000
16101.00 1232.81 100.138999 0.0000000000000000 0.000000 244.439766 -1250333.065351 30.813814 126.029021 -22.474572 1397.754413 -9.103 -9.103 0.000000 3.249809 0.000 0 0.000
16001.00 1232.63 100.138999 0.0000000000000000 0.000000 244.439766 -1250641.213940 30.815904 126.034415 -22.481131 1397.678314 -9.109 -9.109 0.000000 3.249588 0.000 0 0.000
15901.00 1232.46 100.138999 0.0000000000000000 0.000000 244.439766 -1250949.383433 30.817995 126.039807 -22.487690 1397.602213 -9.114 -9.114 0.000000 3.249368 0.000 0 0.000
15801.00 1232.28 100.138999 0.0000000000000000 0.000000 244.439766 -1251257.573839 30.820087 126.045197 -22.494250 1397.526113 -9.120 -9.120 0.000000 3.249147 0.000 0 0.000
15701.00 1232.11 100.138999 0.0000000000000000 0.000000 244.439766 -1251565.785171 30.822180 126.050585 -22.500811 1397.450012 -9.126 -9.126 0.000000 3.248927 0.000 0 0.000
15601.00 1231.93 100.138999 0.0000000000000000 0.000000 244.439766 -1251874.017438 30.824274 126.055972 -22.507372 1397.373910 -9.131 -9.131 0.000000 3.248706 0.000 0 0.000
15501.00 1231.76 100.138999 0.0000000000000000 0.000000 244.439766 -1252182.270650 30.826369 126.061357 -22.513934 1397.297807 -9.137 -9.137 0.000000 3.248485 0.000 0 0.000
15401.00 1231.58 100.138999 0.0000000000000000 0.000000 244.439766 -1252490.544819 30.828465 126.066740 -22.520496 1397.221703 -9.142 -9.142 0.000000 3.248264 0.000 0 0.000
15301.00 1231.41 100.138999 0.0000000000000000 0.000000 244.439766 -1252798.839955 30.830562 126.072121 -22.527059 1397.145598 -9.148 -9.148 0.000000 3.248043 0.000 0 0.000
15201.00 1231.23 100.138999 0.0000000000000000 0.000000 244.439766 -1253107.156069 30.832661 126.077501 -22.533622 1397.069492 -9.153 -9.153 0.000000 3.247822 0.000 0 0.000
15101.00 1231.06 100.138999 0.0000000000000000 0.000000 244.439766 -1253415.493171 30.834760 126.082879 -22.540186 1396.993384 -9.159 -9.159 0.000000 3.247601 0.000 0 0.000
15001.00 1230.89 100.138999 0.0000000000000000 0.000000 244.439766 -1253723.851272 30.836860 126.088255 -22.546751 1396.917274 -9.164 -9.164 0.000000 3.247380 0.000 0 0.000
14901.00 1230.71 100.138999 0.0000000000000000 0.000000 244.439766 -1254032.230383 30.838962 126.093629 -22.553316 1396.841163 -9.170 -9.170 0.000000 3.247159 0.000 0 0.000
14801.00 1230.54 100.138999 0.0000000000000000 0.000000 244.439766 -1254340.630514 30.841065 126.099001 -22.559882 1396.765049 -9.175 -9.175 0.000000 3.246937 0.000 0 0.000
14701.00 1230.36 100.138999 0.0000000000000000 0.000000 244.439766 -1254649.051677 30.843168 126.104372 -22.566449 1396.688933 -9.181 -9.181 0.000000 3.246716 0.000 0 0.000
14601.00 1230.19 100.138999 0.0000000000000000 0.000000 244.439766 -1254957.493882 30.845273 126.109741 -22.573016 1396.612815 -9.186 -9.186 0.000000 3.246494 0.000 0 0.000
14501.00 1230.01 100.138999 0.0000000000000000 0.000000 244.439766 -1255265.957139 30.847379 126.115108 -22.579583 1396.536694 -9.192 -9.192 0.000000 3.246273 0.000 0 0.000
14401.00 1229.84 100.138999 0.0000000000000000 0.000000 244.439766 -1255574.441461 30.849486 126.120473 -22.586151 1396.460570 -9.198 -9.198 0.000000 3.246051 0.000 0 0.000
14301.00 1229.66 100.138999 0.0000000000000000 0.000000 244.439766 -1255882.946857 30.851594 126.125837 -22.592720 1396.384443 -9.203 -9.203 0.000000 3.245829 0.000 0 0.000
14201.00 1229.49 100.138999 0.0000000000000000 0.000000 244.439766 -1256191.473338 30.853703 126.131198 -22.599289 1396.308313 -9.209 -9.209 0.000000 3.245607 0.000 0 0.000
14101.00 1229.31 100.138999 0.0000000000000000 0.000000 244.439766 -1256500.020915 30.855813 126.136558 -22.605859 1396.232180 -9.214 -9.214 0.000000 3.245385 0.000 0 0.000
14001.00 1229.14 100.138999 0.0000000000000000 0.000000 244.439766 -1256808.589600 30.857924 126.141916 -22.612430 1396.156044 -9.220 -9.220 0.000000 3.245163 0.000 0 0.000
13901.00 1228.96 100.138999 0.0000000000000000 0.000000 244.439766 -1257117.179402 30.860037 126.147273 -22.619001 1396.079903 -9.225 -9.225 0.000000 3.244941 0.000 0 0.000
13801.00 1228.79 100.138999 0.0000000000000000 0.000000 244.439766 -1257425.790334 30.862150 126.152627 -22.625573 1396.003759 -9.231 -9.231 0.000000 3.244719 0.000 0 0.000
13701.00 1228.62 100.138999 0.0000000000000000 0.000000 244.439766 -1257734.422405 30.864265 126.157980 -22.632145 1395.927611 -9.236 -9.236 0.000000 3.244497 0.000 0 0.000
13601.00 1228.44 100.138999 0.0000000000000000 0.000000 244.439766 -1258043.075628 30.866380 126.163331 -22.638718 1395.851459 -9.242 -9.242 0.000000 3.244274 0.000 0 0.000
13501.00 1228.27 100.138999 0.0000000000000000 0.000000 244.439766 -1258351.750012 30.868497 126.168680 -22.645292 1395.775302 -9.248 -9.248 0.000000 3.244052 0.000 0 0.000
13401.00 1228.09 100.138999 0.0000000000000000 0.000000 244.439766 -1258660.445569 30.870615 126.174028 -22.651866 1395.699140 -9.253 -9.253 0.000000 3.243829 0.000 0 0.000
13301.00 1227.92 100.138999 0.0000000000000000 0.000000 244.439766 -1258969.162310 30.872734 126.179373 -22.658441 1395.622974 -9.259 -9.259 0.000000 3.243606 0.000 0 0.000
13201.00 1227.74 100.138999 0.0000000000000000 0.000000 244.439766 -1259277.900246 30.874854 126.184717 -22.665016 1395.546803 -9.264 -9.264 0.000000 3.243384 0.000 0 0.000
13101.00 1227.57 100.138999 0.0000000000000000 0.000000 244.439766 -1259586.659389 30.876975 126.190059 -22.671592 1395.470626 -9.270 -9.270 0.000000 3.243161 0.000 0 0.000
13001.00 1227.39 100.138999 0.0000000000000000 0.000000 244.439766 -1259895.439748 30.879097 126.195399 -22.678169 1395.394445 -9.275 -9.275 0.000000 3.242938 0.000 0 0.000
12901.00 1227.22 100.138999 0.0000000000000000 0.000000 244.439766 -1260204.241336 30.881221 126.200738 -22.684746 1395.318257 -9.281 -9.281 0.000000 3.242715 0.000 0 0.000
12801.00 1227.04 100.138999 0.0000000000000000 0.000000 244.439766 -1260513.064164 30.883345 126.206075 -22.691324 1395.242064 -9.287 -9.287 0.000000 3.242492 0.000 0 0.000
12701.00 1226.87 100.138999 0.0000000000000000 0.000000 244.439766 -1260821.908242 30.885471 126.211409 -22.697902 1395.165865 -9.292 -9.292 0.000000 3.242269 0.000 0 0.000
12601.00 1226.69 100.138999 0.0000000000000000 0.000000 244.439766 -1261130.773582 30.887597 126.216742 -22.704481 1395.089660 -9.298 -9.298 0.000000 3.242046 0.000 0 0.000
12501.00 1226.52 100.138999 0.0000000000000000 0.000000 244.439766 -1261439.660195 30.889725 126.222074 -22.711061 1395.013449 -9.303 -9.303 0.000000 3.241822 0.000 0 0.000
12401.00 1226.35 100.138999 0.0000000000000000 0.000000 244.439766 -1261748.568092 30.891854 126.227403 -22.717641 1394.937230 -9.309 -9.309 0.000000 3.241599 0.000 0 0.000
12301.00 1226.17 100.138999 0.0000000000000000 0.000000 244.439766 -1262057.497285 30.893984 126.232731 -22.724222 1394.861006 -9.314 -9.314 0.000000 3.241375 0.000 0 0.000
12201.00 1226.00 100.138999 0.0000000000000000 0.000000 244.439766 -1262366.447785 30.896116 126.238057 -22.730803 1394.784774 -9.320 -9.320 0.000000 3.241152 0.000 0 0.000
12101.00 1225.82 100.138999 0.0000000000000000 0.000000 244.439766 -1262675.419603 30.898248 126.243381 -22.737385 1394.708535 -9.326 -9.326 0.000000 3.240928 0.000 0 0.000
12001.00 1225.65 100.138999 0.0000000000000000 0.000000 244.439766 -1262984.412750 30.900382 126.248703 -22.743968 1394.632288 -9.331 -9.331 0.000000 3.240704 0.000 0 0.000
11901.00 1225.47 100.138999 0.0000000000000000 0.000000 244.439766 -1263293.427239 30.902516 126.254024 -22.750551 1394.556034 -9.337 -9.337 0.000000 3.240480 0.000 0 0.000
11801.00 1225.30 100.138999 0.0000000000000000 0.000000 244.439766 -1263602.463080 30.904652 126.259342 -22.757135 1394.479773 -9.342 -9.342 0.000000 3.240256 0.000 0 0.000
11701.00 1225.12 100.138999 0.0000000000000000 0.000000 244.439766 -1263911.520284 30.906789 126.264659 -22.763720 1394.403503 -9.348 -9.348 0.000000 3.240032 0.000 0 0.000
11601.00 1224.95 100.138999 0.0000000000000000 0.000000 244.439766 -1264220.598864 30.908927 126.269974 -22.770305 1394.327225 -9.354 -9.354 0.000000 3.239808 0.000 0 0.000
11501.00 1224.77 100.138999 0.0000000000000000 0.000000 244.439766 -1264529.698830 30.911066 126.275287 -22.776891 1394.250938 -9.359 -9.359 0.000000 3.239584 0.000 0 0.000
11401.00 1224.60 100.138999 0.0000000000000000 0.000000 244.439766 -1264838.820194 30.913207 126.280599 -22.783477 1394.174643 -9.365 -9.365 0.000000 3.239360 0.000 0 0.000
11301.00 1224.42 100.138999 0.0000000000000000 0.000000 244.439766 -1265147.962968 30.915348 126.285909 -22.790064 1394.098339 -9.370 -9.370 0.000000 3.239135 0.000 0 0.000
11201.00 1224.25 100.138999 0.0000000000000000 0.000000 244.439766 -1265457.127162 30.917491 126.291216 -22.796652 1394.022026 -9.376 -9.376 0.000000 3.238911 0.000 0 0.000
11101.00 1224.08 100.138999 0.0000000000000000 0.000000 244.439766 -1265766.312790 30.919635 126.296523 -22.803240 1393.945704 -9.382 -9.382 0.000000 3.238686 0.000 0 0.000
11001.00 1223.90 100.138999 0.0000000000000000 0.000000 244.439766 -1266075.519862 30.921780 126.301827 -22.809829 1393.869372 -9.387 -9.387 0.000000 3.238462 0.000 0 0.000
10901.00 1223.73 100.138999 0.0000000000000000 0.000000 244.439766 -1266384.748389 30.923926 126.307129 -22.816419 1393.793030 -9.393 -9.393 0.000000 3.238237 0.000 0 0.000
10801.00 1223.55 100.138999 0.0000000000000000 0.000000 244.439766 -1266693.998384 30.926073 126.312430 -22.823009 1393.716678 -9.398 -9.398 0.000000 3.238012 0.000 0 0.000
10701.00 1223.38 100.138999 0.0000000000000000 0.000000 244.439766 -1267003.269858 30.928222 126.317729 -22.829600 1393.640316 -9.404 -9.404 0.000000 3.237787 0.000 0 0.000
10601.00 1223.20 100.138999 0.0000000000000000 0.000000 244.439766 -1267312.562823 30.930371 126.323026 -22.836192 1393.563944 -9.410 -9.410 0.000000 3.237562 0.000 0 0.000
10501.00 1223.03 100.138999 0.0000000000000000 0.000000 244.439766 -1267621.877291 30.932522 126.328321 -22.842784 1393.487561 -9.415 -9.415 0.000000 3.237337 0.000 0 0.000
10401.00 1222.85 100.138999 0.0000000000000000 0.000000 244.439766 -1267931.213272 30.934674 126.333614 -22.849377 1393.411166 -9.421 -9.421 0.000000 3.237112 0.000 0 0.000
10301.00 1222.57 100.138999 0.0002891676475249 0.000355 244.439766 -1268240.577854 30.938874 126.345716 -22.900883 1393.744340 -12.717 -12.717 2.633814 3.236887 2.831 0 0.000
10201.00 1222.24 100.138999 0.0007121870761673 0.000875 244.439766 -1268549.992311 30.944027 126.360953 -22.973496 1394.265977 -12.679 -12.679 2.633060 3.236662 2.844 0 0.000
10101.00 1221.92 100.138999 0.0011420752793811 0.001404 244.439766 -1268859.458578 30.949236 126.376331 -23.047558 1394.795829 -12.641 -12.641 2.632318 3.236437 2.857 0 0.000
10001.00 1221.58 100.138999 0.0015791210359895 0.001941 244.439766 -1269168.977224 30.954503 126.391856 -23.123123 1395.334087 -12.603 -12.603 2.631590 3.236212 2.870 0 0.000
9901.00 1221.25 100.138999 0.0020236290034756 0.002488 244.439766 -1269478.548838 30.959830 126.407537 -23.200247 1395.880956 -12.564 -12.564 2.630876 3.235987 2.883 0 0.000
9801.00 1220.92 100.138999 0.0024759207775443 0.003044 244.439766 -1269788.174032 30.965219 126.423381 -23.278989 1396.436654 -12.526 -12.526 2.630175 3.235762 2.896 0 0.000
9701.00 1220.58 100.138999 0.0029363360150686 0.003611 244.439766 -1270097.853441 30.970673 126.439397 -23.359412 1397.001415 -12.487 -12.487 2.629489 3.235537 2.908 0 0.000
9601.00 1220.24 100.138999 0.0034052336831177 0.004188 244.439766 -1270407.587721 30.976194 126.455594 -23.441582 1397.575486 -12.447 -12.447 2.628817 3.235313 2.921 0 0.000
9501.00 1219.90 100.138999 0.0038829933399044 0.004775 244.439766 -1270717.377555 30.981785 126.471980 -23.525570 1398.159134 -12.408 -12.408 2.628161 3.235088 2.934 0 0.000
9401.00 1219.56 100.138999 0.0043700165694286 0.005375 244.439766 -1271027.223654 30.987447 126.488567 -23.611447 1398.752639 -12.368 -12.368 2.627520 3.234863 2.946 0 0.000
9301.00 1219.22 100.138999 0.0048667284966370 0.005986 244.439766 -1271337.126756 30.993186 126.505364 -23.699293 1399.356305 -12.328 -12.328 2.626894 3.234638 2.958 0 0.000
9201.00 1218.87 100.138999 0.0053735794267367 0.006610 244.439766 -1271647.087627 30.999002 126.522383 -23.789189 1399.970454 -12.287 -12.287 2.626285 3.234414 2.970 0 0.000
9101.00 1218.52 100.138999 0.0058910466099009 0.007246 244.439766 -1271957.107068 31.004900 126.539635 -23.881223 1400.595431 -12.246 -12.246 2.625692 3.234189 2.982 0 0.000
9001.00 1218.17 100.138999 0.0064196361331463 0.007897 244.439766 -1272267.185910 31.010883 126.557134 -23.975485 1401.231603 -12.205 -12.205 2.625117 3.233965 2.994 0 0.000
8901.00 1217.82 100.138999 0.0069598849951968 0.008561 244.439766 -1272577.325023 31.016955 126.574893 -24.072075 1401.879365 -12.164 -12.164 2.624559 3.233740 3.006 0 0.000
8801.00 1217.81 100.138999 0.0061495770416745 0.007563 244.439766 -1272887.533322 31.026833 126.555234 -24.018075 1400.959654 -12.099 -12.099 2.624361 3.232093 3.014 0 0.000
8701.00 1218.25 100.138999 0.0036189020631731 0.004448 244.439766 -1273197.873497 31.041051 126.488234 -23.767873 1398.034306 -12.005 -12.005 2.624634 3.228705 3.016 0 0.000
8601.00 1218.65 100.138999 0.0012261099927007 0.001506 244.439766 -1273508.351419 31.054393 126.425378 -23.528826 1395.254852 -11.913 -11.913 2.624922 3.225537 3.018 0 0.000
8501.00 1218.75 100.138999 0.0000000000000000 0.000000 244.439766 -1273818.954326 31.065089 126.394644 -23.422487 1393.831993 -9.381 -9.381 0.000000 3.223522 3.019 0 0.000
8401.00 1218.52 100.138999 0.0000000000000000 0.000000 244.439766 -1274129.647026 31.073448 126.397419 -23.459128 1393.841298 -9.376 -9.376 0.000000 3.222655 3.019 0 0.000
8301.00 1218.29 100.138999 0.0000000000000000 0.000000 244.439766 -1274440.423223 31.081789 126.400231 -23.495542 1393.843810 -9.371 -9.371 0.000000 3.221790 3.019 0 0.000
8201.00 1218.06 100.138999 0.0000000000000000 0.000000 244.439766 -1274751.282776 31.090120 126.403081 -23.531749 1393.839501 -9.366 -9.366 0.000000 3.220927 3.019 0 0.000
8101.00 1217.83 100.138999 0.0000000000000000 0.000000 244.439766 -1275062.225601 31.098444 126.405965 -23.567773 1393.828333 -9.362 -9.362 0.000000 3.220065 3.019 0 0.000
8001.00 1217.61 100.138999 0.0000000000000000 0.000000 244.439766 -1275373.251662 31.106768 126.408883 -23.603639 1393.810258 -9.357 -9.357 0.000000 3.219203 3.019 0 0.000
7901.00 1217.38 100.138999 0.0000000000000000 0.000000 244.439766 -1275684.360983 31.115097 126.411832 -23.639368 1393.785217 -9.352 -9.352 0.000000 3.218341 3.019 0 0.000
7801.00 1217.15 100.138999 0.0000000000000000 0.000000 244.439766 -1275995.553639 31.123436 126.414811 -23.674987 1393.753137 -9.347 -9.347 0.000000 3.217479 3.019 0 0.000
7701.00 1216.92 100.138999 0.0000000000000000 0.000000 244.439766 -1276306.829767 31.131792 126.417818 -23.710518 1393.713936 -9.342 -9.342 0.000000 3.216615 3.019 0 0.000
7601.00 1216.69 100.138999 0.0000000000000000 0.000000 244.439766 -1276618.189560 31.140170 126.420852 -23.745986 1393.667520 -9.338 -9.338 0.000000 3.215750 3.019 0 0.000
7501.00 1216.47 100.138999 0.0000000000000000 0.000000 244.439766 -1276929.633272 31.148577 126.423911 -23.781418 1393.613781 -9.333 -9.333 0.000000 3.214882 3.019 0 0.000
7401.00 1216.24 100.138999 0.0000000000000000 0.000000 244.439766 -1277241.161220 31.157019 126.426993 -23.816839 1393.552600 -9.327 -9.327 0.000000 3.214011 3.019 0 0.000
7301.00 1216.01 100.138999 0.0000000000000000 0.000000 244.439766 -1277552.773784 31.165502 126.430097 -23.852274 1393.483845 -9.322 -9.322 0.000000 3.213136 3.019 0 0.000
7201.00 1215.78 100.138999 0.0000000000000000 0.000000 244.439766 -1277864.471411 31.174032 126.433221 -23.887752 1393.407374 -9.317 -9.317 0.000000 3.212257 3.019 0 0.000
7101.00 1215.55 100.138999 0.0000000000000000 0.000000 244.439766 -1278176.254613 31.182618 126.436365 -23.923298 1393.323032 -9.312 -9.312 0.000000 3.211372 3.019 0 0.000
7001.00 1215.32 100.138999 0.0000000000000000 0.000000 244.439766 -1278488.123972 31.191265 126.439525 -23.958941 1393.230650 -9.306 -9.306 0.000000 3.210482 3.019 0 0.000
6901.00 1215.09 100.138999 0.0000000000000000 0.000000 244.439766 -1278800.080141 31.199981 126.442701 -23.994708 1393.130051 -9.301 -9.301 0.000000 3.209585 3.019 0 0.000
6801.00 1214.86 100.138999 0.0000000000000000 0.000000 244.439766 -1279112.123845 31.208773 126.445892 -24.030628 1393.021048 -9.295 -9.295 0.000000 3.208681 3.019 0 0.000
6701.00 1214.63 100.138999 0.0000000000000000 0.000000 244.439766 -1279424.255878 31.217648 126.449096 -24.066728 1392.903444 -9.289 -9.289 0.000000 3.207769 3.019 0 0.000
6601.00 1214.39 100.138999 0.0000000000000000 0.000000 244.439766 -1279736.477112 31.226614 126.452312 -24.103038 1392.777034 -9.283 -9.283 0.000000 3.206848 3.019 0 0.000
6501.00 1214.16 100.138999 0.0000000000000000 0.000000 244.439766 -1280048.788489 31.235678 126.455539 -24.139585 1392.641609 -9.276 -9.276 0.000000 3.205917 3.019 0 0.000
6401.00 1213.93 100.138999 0.0000000000000000 0.000000 244.439766 -1280361.191026 31.244847 126.458775 -24.176396 1392.496959 -9.270 -9.270 0.000000 3.204976 3.019 0 0.000
6301.00 1213.69 100.138999 0.0000000000000000 0.000000 244.439766 -1280673.685811 31.254129 126.462020 -24.213499 1392.342870 -9.263 -9.263 0.000000 3.204025 3.019 0 0.000
6201.00 1213.46 100.138999 0.0000000000000000 0.000000 244.439766 -1280986.274001 31.263530 126.465273 -24.250920 1392.179138 -9.256 -9.256 0.000000 3.203061 3.019 0 0.000
6101.00 1213.22 100.138999 0.0000000000000000 0.000000 244.439766 -1281298.956824 31.273056 126.468532 -24.288682 1392.005564 -9.249 -9.249 0.000000 3.202085 3.019 0 0.000
6001.00 1212.98 100.138999 0.0000000000000000 0.000000 244.439766 -1281611.735566 31.282715 126.471799 -24.326808 1391.821964 -9.241 -9.241 0.000000 3.201097 3.019 0 0.000
5901.00 1212.75 100.138999 0.0000000000000000 0.000000 244.439766 -1281924.611574 31.292510 126.475071 -24.365319 1391.628175 -9.233 -9.233 0.000000 3.200095 3.019 0 0.000
5801.00 1212.51 100.138999 0.0000000000000000 0.000000 244.439766 -1282237.586243 31.302448 126.478350 -24.404230 1391.424063 -9.225 -9.225 0.000000 3.199079 3.019 0 0.000
5701.00 1212.27 100.138999 0.0000000000000000 0.000000 244.439766 -1282550.661011 31.312531 126.481634 -24.443555 1391.209524 -9.217 -9.217 0.000000 3.198049 3.019 0 0.000
5601.00 1212.03 100.138999 0.0000000000000000 0.000000 244.439766 -1282863.837347 31.322761 126.484926 -24.483303 1390.984502 -9.208 -9.208 0.000000 3.197004 3.019 0 0.000
5501.00 1211.79 100.138999 0.0000000000000000 0.000000 244.439766 -1283177.116736 31.333141 126.488224 -24.523477 1390.748989 -9.199 -9.199 0.000000 3.195945 3.019 0 0.000
5401.00 1211.55 100.138999 0.0000000000000000 0.000000 244.439766 -1283490.500670 31.343670 126.491531 -24.564076 1390.503038 -9.189 -9.189 0.000000 3.194872 3.019 0 0.000
5301.00 1211.31 100.138999 0.0000000000000000 0.000000 244.439766 -1283803.990626 31.354345 126.494848 -24.605090 1390.246768 -9.179 -9.179 0.000000 3.193784 3.019 0 0.000
5201.00 1211.06 100.138999 0.0000000000000000 0.000000 244.439766 -1284117.588054 31.365164 126.498176 -24.646506 1389.980373 -9.169 -9.169 0.000000 3.192682 3.019 0 0.000
5101.00 1210.25 100.138999 0.0022647589658531 0.002743 244.439766 -1284431.312135 31.380035 126.560127 -25.020655 1392.258258 -9.648 -9.648 2.635049 3.192699 3.165 0 0.000
5001.00 1209.36 100.138999 0.0048412979423392 0.005860 244.439766 -1284745.191641 31.396007 126.630029 -25.445109 1394.856791 -9.605 -9.605 2.634881 3.192815 3.174 0 0.000
4901.00 1208.43 100.138999 0.0075695692057388 0.009159 244.439766 -1285059.235158 31.412842 126.703722 -25.896938 1397.591709 -9.562 -9.562 2.634654 3.192950 3.183 0 0.000
4801.00 1207.46 100.138999 0.0104503581234939 0.012639 244.439766 -1285373.451420 31.430560 126.781212 -26.376682 1400.460687 -9.521 -9.521 2.634364 3.193101 3.193 0 0.000
4701.00 1206.46 100.093445 0.0130299576991232 0.015753 244.317376 -1285104.905510 31.431819 126.793046 -26.794312 1402.406549 -9.481 -9.481 2.634013 3.193272 3.204 0 0.000
4601.00 1205.44 99.787103 0.0131559165304452 0.015908 243.495101 -1281496.891991 31.334512 126.410902 -26.719573 1398.464258 -9.443 -9.443 2.633621 3.193481 3.215 0 0.000
4501.00 1204.38 99.469002 0.0132807667669147 0.016063 242.642079 -1277735.001749 31.233169 126.013727 -26.640167 1394.381487 -9.406 -9.406 2.633186 3.193727 3.226 0 0.000
4401.00 1203.30 99.139371 0.0134044485933081 0.016216 241.758984 -1273821.914735 31.127871 125.601803 -26.556222 1390.161896 -9.370 -9.370 2.632710 3.194009 3.238 0 0.000
4301.00 1202.19 98.798447 0.0135268978660341 0.016368 240.846515 -1269760.423145 31.018702 125.175424 -26.467864 1385.809236 -9.336 -9.336 2.632192 3.194326 3.250 0 0.000
4201.00 1201.05 98.446475 0.0136480454396557 0.016520 239.905390 -1265553.433481 30.905750 124.734897 -26.375217 1381.327349 -9.304 -9.304 2.631632 3.194679 3.263 0 0.000
4101.00 1199.89 98.083710 0.0137678163117393 0.016670 238.936351 -1261203.969280 30.789102 124.280537 -26.278400 1376.720175 -9.273 -9.273 2.631030 3.195066 3.276 0 0.000
4001.00 1198.70 97.710416 0.0138861286416087 0.016819 237.940163 -1256715.174736 30.668849 123.812676 -26.177533 1371.991745 -9.243 -9.243 2.630388 3.195487 3.289 0 0.000
3901.00 1197.49 97.326865 0.0140028925869224 0.016967 236.917612 -1252090.319317 30.545082 123.331652 -26.072731 1367.146194 -9.215 -9.215 2.629705 3.195942 3.303 0 0.000
3801.00 1196.26 96.933341 0.0141180089305796 0.017113 235.869513 -1247332.803613 30.417898 122.837820 -25.964107 1362.187753 -9.189 -9.189 2.628983 3.196431 3.317 0 0.000
3701.00 1195.00 96.530137 0.0142313675122707 0.017258 234.796702 -1242446.166597 30.287393 122.331548 -25.851773 1357.120765 -9.164 -9.164 2.628224 3.196954 3.332 0 0.000
3601.00 1193.72 96.117556 0.0143428454435444 0.017401 233.700046 -1237434.094531 30.153670 121.813216 -25.735841 1351.949680 -9.141 -9.141 2.627428 3.197511 3.346 0 0.000
3501.00 1192.41 95.695916 0.0144523051128708 0.017542 232.580440 -1232300.431701 30.016831 121.283220 -25.616420 1346.679066 -9.120 -9.120 2.626597 3.198100 3.362 0 0.000
3401.00 1191.09 95.265545 0.0145595920105721 0.017681 231.438812 -1227049.193183 29.876987 120.741972 -25.493620 1341.313621 -9.100 -9.100 2.625734 3.198724 3.377 0 0.000
3301.00 1189.75 94.826786 0.0146645324209060 0.017817 230.276122 -1221684.579788 29.734248 120.189903 -25.367551 1335.858176 -9.082 -9.082 2.624840 3.199380 3.393 0 0.000
3201.00 1188.39 94.379995 0.0147669310430696 0.017951 229.093372 -1216210.995253 29.588734 119.627462 -25.238323 1330.317710 -9.065 -9.065 2.623919 3.200070 3.409 0 0.000
3101.00 1187.01 93.925548 0.0148665688239740 0.018082 227.891602 -1210633.065662 29.440568 119.055117 -25.106049 1324.697364 -9.050 -9.050 2.622973 3.200793 3.426 0 0.000
3001.00 1185.61 93.463835 0.0149632010961222 0.018210 226.671901 -1204955.660755 29.289878 118.473363 -24.970841 1319.002458 -9.037 -9.037 2.622005 3.201548 3.442 0 0.000
2901.00 1184.20 92.995270 0.0150565564423016 0.018335 225.435404 -1199183.916625 29.136802 117.882716 -24.832817 1313.238502 -9.026 -9.026 2.621020 3.202336 3.459 0 0.000
2801.00 1182.77 92.520284 0.0151463369929886 0.018455 224.183303 -1193323.258855 28.981483 117.283721 -24.692099 1307.411216 -9.016 -9.016 2.620021 3.203155 3.476 0 0.000
2701.00 1181.33 92.039334 0.0152322206587423 0.018571 222.916847 -1187379.424288 28.824073 116.676953 -24.548813 1301.526549 -9.008 -9.008 2.619011 3.204005 3.494 0 0.000
2601.00 1179.87 91.552900 0.0153138666551142 0.018683 221.637346 -1181358.479107 28.664733 116.063017 -24.403096 1295.590690 -9.002 -9.002 2.617997 3.204886 3.511 0 0.000
2501.00 1178.41 91.061486 0.0153909255793993 0.018789 220.346174 -1175266.829339 28.503635 115.442551 -24.255091 1289.610080 -8.997 -8.997 2.616983 3.205795 3.528 0 0.000
2401.00 1176.93 90.565621 0.0154630562009717 0.018889 219.044764 -1169111.218585 28.340957 114.816224 -24.104956 1283.591408 -8.994 -8.994 2.615972 3.206733 3.546 0 0.000
2301.00 1175.45 90.065859 0.0155299513961172 0.018983 217.734610 -1162898.705401 28.176888 114.184736 -23.952868 1277.541605 -8.993 -8.993 2.614972 3.207696 3.564 0 0.000
2201.00 1173.96 89.562768 0.0155913764698041 0.019071 216.417246 -1156636.610216 28.011625 113.548814 -23.799023 1271.467806 -8.993 -8.993 2.613986 3.208684 3.581 0 0.000
2101.00 1172.46 89.056930 0.0156472241039101 0.019152 215.094234 -1150332.418303 27.845370 112.909200 -23.643648 1265.377284 -8.995 -8.995 2.613019 3.209695 3.598 0 0.000
2001.00 1170.96 88.548926 0.0156975906058450 0.019226 213.767129 -1143993.620945 27.678327 112.266641 -23.487006 1259.277342 -8.998 -8.998 2.612076 3.210725 3.616 0 0.000
1901.00 1169.45 88.039314 0.0157428796549865 0.019294 212.437430 -1137627.472287 27.510696 111.621864 -23.329409 1253.175144 -9.003 -9.003 2.611161 3.211773 3.633 0 0.000
1801.00 1167.95 87.528608 0.0157839409671156 0.019357 211.106507 -1131240.633193 27.342665 110.975547 -23.171226 1247.077464 -9.009 -9.009 2.610276 3.212837 3.650 0 0.000
1701.00 1166.44 87.017234 0.0158222539743525 0.019416 209.775507 -1124838.666143 27.174397 110.328269 -23.012906 1240.990331 -9.017 -9.017 2.609422 3.213914 3.666 0 0.000
1601.00 1164.93 86.505480 0.0158601714343294 0.019475 208.445211 -1118425.335258 27.006015 109.680451 -22.854992 1234.918532 -9.026 -9.026 2.608597 3.215003 3.683 0 0.000
1501.00 1163.41 85.993422 0.0159012497033387 0.019538 207.115847 -1112001.650592 26.837574 109.032267 -22.698151 1228.864947 -9.037 -9.037 2.607796 3.216102 3.699 0 0.000
1401.00 1162.14 85.480828 0.0148223746736613 0.018225 205.786843 -1105564.563364 26.666663 108.359308 -22.373522 1221.951541 -9.032 -9.032 2.607114 3.216640 3.713 0 0.000
1301.00 1161.17 85.064443 0.0133731554158528 0.016451 204.708585 -1100381.327924 26.529749 107.800980 -22.037342 1215.801540 -9.004 -9.004 2.606448 3.216414 3.723 0 0.000
1201.00 1160.18 84.774609 0.0134990578011484 0.016610 203.958793 -1096851.763747 26.442100 107.437175 -21.995691 1212.192738 -8.980 -8.980 2.605513 3.216190 3.735 0 0.000
1101.00 1159.17 84.474982 0.0135955124618453 0.016735 203.184395 -1093191.597879 26.351228 107.060134 -21.947470 1208.442453 -8.958 -8.958 2.604309 3.215969 3.749 0 0.000
1001.00 1158.15 84.168183 0.0136554604643666 0.016817 202.392154 -1089434.986747 26.257905 106.673061 -21.892160 1204.578920 -8.940 -8.940 2.602844 3.215749 3.765 0 0.000
901.00 1157.13 83.857402 0.0136741772416903 0.016850 201.590271 -1085623.567753 26.163093 106.279937 -21.829739 1200.638998 -8.926 -8.926 2.601134 3.215532 3.782 0 0.000
801.00 1156.11 83.546183 0.0136500932068011 0.016831 200.787841 -1081803.716549 26.067885 105.885269 -21.760769 1196.665956 -8.914 -8.914 2.599202 3.215317 3.801 0 0.000
701.00 1155.12 83.238151 0.0135850005734143 0.016764 199.994147 -1078022.955516 25.973420 105.493741 -21.686368 1192.706067 -8.906 -8.906 2.597073 3.215104 3.820 0 0.000
601.00 1154.15 82.936728 0.0134836157406336 0.016652 199.217934 -1074326.218398 25.880789 105.109839 -21.608076 1188.804700 -8.900 -8.900 2.594777 3.214894 3.841 0 0.000
501.00 1153.21 82.644890 0.0133526854102957 0.016505 198.466789 -1070752.685451 25.790959 104.737521 -21.527657 1185.002742 -8.897 -8.897 2.592340 3.214685 3.862 0 0.000
401.00 1152.32 82.365009 0.0131999274731684 0.016332 197.746743 -1067333.671789 25.704717 104.379989 -21.446894 1181.333978 -8.896 -8.896 2.589789 3.214478 3.884 0 0.000
301.00 1151.46 82.098784 0.0130330667395936 0.016141 197.062101 -1064091.717119 25.622637 104.039587 -21.367415 1177.823712 -8.898 -8.898 2.587146 3.214273 3.906 0 0.000
201.00 1150.64 81.847258 0.0128591196710015 0.015942 196.415477 -1061040.738024 25.545088 103.717796 -21.290582 1174.488574 -8.901 -8.901 2.584432 3.214069 3.927 0 0.000
101.00 1149.86 81.610883 0.0126839714872683 0.015741 195.807983 -1058186.943416 25.472247 103.415324 -21.217440 1171.337216 -8.906 -8.906 2.581663 3.213865 3.949 0 0.000
1.00 1149.12 81.389629 0.0125122124327997 0.015544 195.239492 -1055530.178546 25.404135 103.132228 -21.148812 1168.370813 -8.913 -8.913 2.578837 3.213663 3.971 0 0.000
