Title: Depleted MORB Mantle of Workmann & Hart 2005

System Thermodynamic Data:
Pressure Temperature mass F phi S H V Cp dVdP*10^6 dVdT*10^6 fO2(absolute) fO2(absolute) rhol rhos viscosity aH2O chisqr
44001.00 1505.13 100.138999 0.0000000000000000 0.000000 260.847525 -1138278.732726 30.359164 125.616992 -19.939148 1494.596474 -5.337 -5.337 0.000000 3.298477 0.000 0 0.000
43901.00 1504.89 100.138999 0.0000000000000000 0.000000 260.847525 -1138582.334209 30.361133 125.624370 -19.946407 1494.524265 -5.342 -5.342 0.000000 3.298263 0.000 0 0.000
43801.00 1504.66 100.138999 0.0000000000000000 0.000000 260.847525 -1138885.955398 30.363105 125.631749 -19.953673 1494.452268 -5.346 -5.346 0.000000 3.298049 0.000 0 0.000
43701.00 1504.43 100.138999 0.0000000000000000 0.000000 260.847525 -1139189.596322 30.365080 125.639130 -19.960946 1494.380483 -5.351 -5.351 0.000000 3.297834 0.000 0 0.000
43601.00 1504.19 100.138999 0.0000000000000000 0.000000 260.847525 -1139493.257011 30.367058 125.646511 -19.968226 1494.308912 -5.357 -5.357 0.000000 3.297619 0.000 0 0.000
43501.00 1503.96 100.138999 0.0000000000000000 0.000000 260.847525 -1139796.937494 30.369039 125.653894 -19.975513 1494.237559 -5.362 -5.362 0.000000 3.297404 0.000 0 0.000
43401.00 1503.73 100.138999 0.0000000000000000 0.000000 260.847525 -1140100.637803 30.371023 125.661279 -19.982806 1494.166424 -5.367 -5.367 0.000000 3.297189 0.000 0 0.000
43301.00 1503.49 100.138999 0.0000000000000000 0.000000 260.847525 -1140404.357966 30.373010 125.668664 -19.990106 1494.095510 -5.372 -5.372 0.000000 3.296973 0.000 0 0.000
43201.00 1503.26 100.138999 0.0000000000000000 0.000000 260.847525 -1140708.098015 30.375000 125.676051 -19.997414 1494.024819 -5.377 -5.377 0.000000 3.296757 0.000 0 0.000
43101.00 1503.03 100.138999 0.0000000000000000 0.000000 260.847525 -1141011.857980 30.376993 125.683439 -20.004728 1493.954353 -5.382 -5.382 0.000000 3.296541 0.000 0 0.000
43001.00 1502.79 100.138999 0.0000000000000000 0.000000 260.847525 -1141315.637892 30.378990 125.690829 -20.012050 1493.884115 -5.387 -5.387 0.000000 3.296324 0.000 0 0.000
42901.00 1502.56 100.138999 0.0000000000000000 0.000000 260.847525 -1141619.437782 30.380989 125.698220 -20.019379 1493.814106 -5.392 -5.392 0.000000 3.296107 0.000 0 0.000
42801.00 1502.33 100.138999 0.0000000000000000 0.000000 260.847525 -1141923.257683 30.382992 125.705613 -20.026715 1493.744329 -5.397 -5.397 0.000000 3.295890 0.000 0 0.000
42701.00 1502.09 100.138999 0.0000000000000000 0.000000 260.847525 -1142227.097625 30.384997 125.713007 -20.034059 1493.674786 -5.402 -5.402 0.000000 3.295672 0.000 0 0.000
42601.00 1501.86 100.138999 0.0000000000000000 0.000000 260.847525 -1142530.957641 30.387006 125.720403 -20.041410 1493.605479 -5.408 -5.408 0.000000 3.295455 0.000 0 0.000
42501.00 1501.63 100.138999 0.0000000000000000 0.000000 260.847525 -1142834.837763 30.389019 125.727800 -20.048768 1493.536411 -5.413 -5.413 0.000000 3.295236 0.000 0 0.000
42401.00 1501.39 100.138999 0.0000000000000000 0.000000 260.847525 -1143138.738024 30.391034 125.735199 -20.056134 1493.467583 -5.418 -5.418 0.000000 3.295018 0.000 0 0.000
42301.00 1501.16 100.138999 0.0000000000000000 0.000000 260.847525 -1143442.658456 30.393053 125.742600 -20.063508 1493.399000 -5.423 -5.423 0.000000 3.294799 0.000 0 0.000
42201.00 1500.92 100.138999 0.0000000000000000 0.000000 260.847525 -1143746.599092 30.395075 125.750002 -20.070890 1493.330662 -5.428 -5.428 0.000000 3.294580 0.000 0 0.000
42101.00 1500.69 100.138999 0.0000000000000000 0.000000 260.847525 -1144050.559965 30.397100 125.757407 -20.078279 1493.262572 -5.434 -5.434 0.000000 3.294360 0.000 0 0.000
42001.00 1500.45 100.138999 0.0000000000000000 0.000000 260.847525 -1144354.541110 30.399129 125.764813 -20.085677 1493.194733 -5.439 -5.439 0.000000 3.294140 0.000 0 0.000
41901.00 1500.22 100.138999 0.0000000000000000 0.000000 260.847525 -1144658.542561 30.401161 125.772221 -20.093082 1493.127148 -5.444 -5.444 0.000000 3.293920 0.000 0 0.000
41801.00 1499.99 100.138999 0.0000000000000000 0.000000 260.847525 -1144962.564350 30.403197 125.779631 -20.100495 1493.059819 -5.449 -5.449 0.000000 3.293700 0.000 0 0.000
41701.00 1499.75 100.138999 0.0000000000000000 0.000000 260.847525 -1145266.606514 30.405236 125.787042 -20.107917 1492.992748 -5.455 -5.455 0.000000 3.293479 0.000 0 0.000
41601.00 1499.52 100.138999 0.0000000000000000 0.000000 260.847525 -1145570.669086 30.407279 125.794456 -20.115347 1492.925939 -5.460 -5.460 0.000000 3.293258 0.000 0 0.000
41501.00 1499.28 100.138999 0.0000000000000000 0.000000 260.847525 -1145874.752102 30.409325 125.801872 -20.122785 1492.859394 -5.465 -5.465 0.000000 3.293036 0.000 0 0.000
41401.00 1499.05 100.138999 0.0000000000000000 0.000000 260.847525 -1146178.855597 30.411375 125.809290 -20.130232 1492.793116 -5.471 -5.471 0.000000 3.292814 0.000 0 0.000
41301.00 1498.81 100.138999 0.0000000000000000 0.000000 260.847525 -1146482.979606 30.413428 125.816710 -20.137687 1492.727108 -5.476 -5.476 0.000000 3.292592 0.000 0 0.000
41201.00 1498.58 100.138999 0.0000000000000000 0.000000 260.847525 -1146787.124167 30.415485 125.824133 -20.145150 1492.661372 -5.482 -5.482 0.000000 3.292369 0.000 0 0.000
41101.00 1498.34 100.138999 0.0000000000000000 0.000000 260.847525 -1147091.289315 30.417545 125.831557 -20.152623 1492.595911 -5.487 -5.487 0.000000 3.292146 0.000 0 0.000
41001.00 1498.11 100.138999 0.0000000000000000 0.000000 260.847525 -1147395.475086 30.419610 125.838984 -20.160104 1492.530729 -5.492 -5.492 0.000000 3.291923 0.000 0 0.000
40901.00 1497.87 100.138999 0.0000000000000000 0.000000 260.847525 -1147699.681519 30.421678 125.846413 -20.167594 1492.465828 -5.498 -5.498 0.000000 3.291699 0.000 0 0.000
40801.00 1497.64 100.138999 0.0000000000000000 0.000000 260.847525 -1148003.908649 30.423749 125.853845 -20.175093 1492.401212 -5.503 -5.503 0.000000 3.291475 0.000 0 0.000
40701.00 1497.40 100.138999 0.0000000000000000 0.000000 260.847525 -1148308.156516 30.425825 125.861279 -20.182601 1492.336883 -5.509 -5.509 0.000000 3.291250 0.000 0 0.000
40601.00 1497.17 100.138999 0.0000000000000000 0.000000 260.847525 -1148612.425156 30.427904 125.868716 -20.190118 1492.272845 -5.514 -5.514 0.000000 3.291025 0.000 0 0.000
40501.00 1496.93 100.138999 0.0000000000000000 0.000000 260.847525 -1148916.714608 30.429987 125.876155 -20.197645 1492.209101 -5.520 -5.520 0.000000 3.290800 0.000 0 0.000
40401.00 1496.70 100.138999 0.0000000000000000 0.000000 260.847525 -1149221.024911 30.432074 125.883597 -20.205181 1492.145654 -5.526 -5.526 0.000000 3.290574 0.000 0 0.000
40301.00 1496.46 100.138999 0.0000000000000000 0.000000 260.847525 -1149525.356105 30.434165 125.891041 -20.212726 1492.082507 -5.531 -5.531 0.000000 3.290348 0.000 0 0.000
40201.00 1496.22 100.138999 0.0000000000000000 0.000000 260.847525 -1149829.708228 30.436260 125.898488 -20.220281 1492.019664 -5.537 -5.537 0.000000 3.290122 0.000 0 0.000
40101.00 1495.99 100.138999 0.0000000000000000 0.000000 260.847525 -1150134.081320 30.438359 125.905938 -20.227845 1491.957129 -5.542 -5.542 0.000000 3.289895 0.000 0 0.000
40001.00 1495.75 100.138999 0.0000000000000000 0.000000 260.847525 -1150438.475421 30.440462 125.913391 -20.235420 1491.894904 -5.548 -5.548 0.000000 3.289668 0.000 0 0.000
39901.00 1495.52 100.138999 0.0000000000000000 0.000000 260.847525 -1150742.890573 30.442569 125.920847 -20.243004 1491.832994 -5.554 -5.554 0.000000 3.289440 0.000 0 0.000
39801.00 1495.28 100.138999 0.0000000000000000 0.000000 260.847525 -1151047.326816 30.444680 125.928306 -20.250598 1491.771401 -5.559 -5.559 0.000000 3.289212 0.000 0 0.000
39701.00 1495.04 100.138999 0.0000000000000000 0.000000 260.847525 -1151351.784192 30.446796 125.935768 -20.258203 1491.710130 -5.565 -5.565 0.000000 3.288983 0.000 0 0.000
39601.00 1494.81 100.138999 0.0000000000000000 0.000000 260.847525 -1151656.262742 30.448915 125.943232 -20.265817 1491.649184 -5.571 -5.571 0.000000 3.288754 0.000 0 0.000
39501.00 1494.57 100.138999 0.0000000000000000 0.000000 260.847525 -1151960.762509 30.451039 125.950701 -20.273442 1491.588567 -5.576 -5.576 0.000000 3.288525 0.000 0 0.000
39401.00 1494.33 100.138999 0.0000000000000000 0.000000 260.847525 -1152265.283534 30.453167 125.958172 -20.281077 1491.528283 -5.582 -5.582 0.000000 3.288295 0.000 0 0.000
39301.00 1494.10 100.138999 0.0000000000000000 0.000000 260.847525 -1152569.825863 30.455299 125.965647 -20.288723 1491.468335 -5.588 -5.588 0.000000 3.288065 0.000 0 0.000
39201.00 1493.86 100.138999 0.0000000000000000 0.000000 260.847525 -1152874.389537 30.457436 125.973125 -20.296380 1491.408729 -5.594 -5.594 0.000000 3.287834 0.000 0 0.000
39101.00 1493.62 100.138999 0.0000000000000000 0.000000 260.847525 -1153178.974601 30.459577 125.980606 -20.304048 1491.349467 -5.599 -5.599 0.000000 3.287603 0.000 0 0.000
39001.00 1493.39 100.138999 0.0000000000000000 0.000000 260.847525 -1153483.581099 30.461723 125.988091 -20.311726 1491.290555 -5.605 -5.605 0.000000 3.287371 0.000 0 0.000
38901.00 1493.15 100.138999 0.0000000000000000 0.000000 260.847525 -1153788.209076 30.463873 125.995580 -20.319416 1491.231995 -5.611 -5.611 0.000000 3.287139 0.000 0 0.000
38801.00 1492.91 100.138999 0.0000000000000000 0.000000 260.847525 -1154092.858578 30.466028 126.003072 -20.327117 1491.173793 -5.617 -5.617 0.000000 3.286907 0.000 0 0.000
38701.00 1492.68 100.138999 0.0000000000000000 0.000000 260.847525 -1154397.529650 30.468187 126.010568 -20.334829 1491.115953 -5.623 -5.623 0.000000 3.286674 0.000 0 0.000
38601.00 1492.44 100.138999 0.0000000000000000 0.000000 260.847525 -1154702.222339 30.470351 126.018068 -20.342552 1491.058479 -5.629 -5.629 0.000000 3.286441 0.000 0 0.000
38501.00 1492.20 100.138999 0.0000000000000000 0.000000 260.847525 -1155006.936691 30.472520 126.025572 -20.350287 1491.001376 -5.635 -5.635 0.000000 3.286207 0.000 0 0.000
38401.00 1491.96 100.138999 0.0000000000000000 0.000000 260.847525 -1155311.672754 30.474693 126.033079 -20.358034 1490.944648 -5.641 -5.641 0.000000 3.285972 0.000 0 0.000
38301.00 1491.72 100.138999 0.0000000000000000 0.000000 260.847525 -1155616.430575 30.476872 126.040591 -20.365793 1490.888301 -5.647 -5.647 0.000000 3.285737 0.000 0 0.000
38201.00 1491.49 100.138999 0.0000000000000000 0.000000 260.847525 -1155921.210203 30.479055 126.048107 -20.373564 1490.832338 -5.653 -5.653 0.000000 3.285502 0.000 0 0.000
38101.00 1491.25 100.138999 0.0000000000000000 0.000000 260.847525 -1156226.011687 30.481243 126.055627 -20.381347 1490.776764 -5.659 -5.659 0.000000 3.285266 0.000 0 0.000
38001.00 1491.01 100.138999 0.0000000000000000 0.000000 260.847525 -1156530.835075 30.483436 126.063152 -20.389143 1490.721586 -5.665 -5.665 0.000000 3.285030 0.000 0 0.000
37901.00 1490.77 100.138999 0.0000000000000000 0.000000 260.847525 -1156835.680419 30.485634 126.070681 -20.396951 1490.666807 -5.671 -5.671 0.000000 3.284793 0.000 0 0.000
37801.00 1490.53 100.138999 0.0000000000000000 0.000000 260.847525 -1157140.547768 30.487837 126.078214 -20.404771 1490.612433 -5.677 -5.677 0.000000 3.284556 0.000 0 0.000
37701.00 1490.29 100.138999 0.0000000000000000 0.000000 260.847525 -1157445.437174 30.490045 126.085752 -20.412605 1490.558468 -5.683 -5.683 0.000000 3.284318 0.000 0 0.000
37601.00 1490.06 100.138999 0.0000000000000000 0.000000 260.847525 -1157750.348688 30.492259 126.093295 -20.420451 1490.504920 -5.689 -5.689 0.000000 3.284079 0.000 0 0.000
37501.00 1489.82 100.138999 0.0000000000000000 0.000000 260.847525 -1158055.282362 30.494477 126.100842 -20.428310 1490.451792 -5.695 -5.695 0.000000 3.283840 0.000 0 0.000
37401.00 1489.58 100.138999 0.0000000000000000 0.000000 260.847525 -1158360.238250 30.496701 126.108394 -20.436183 1490.399090 -5.701 -5.701 0.000000 3.283601 0.000 0 0.000
37301.00 1489.34 100.138999 0.0000000000000000 0.000000 260.847525 -1158665.216404 30.498931 126.115952 -20.444069 1490.346820 -5.708 -5.708 0.000000 3.283361 0.000 0 0.000
37201.00 1489.10 100.138999 0.0000000000000000 0.000000 260.847525 -1158970.216879 30.501165 126.123514 -20.451969 1490.294988 -5.714 -5.714 0.000000 3.283120 0.000 0 0.000
37101.00 1488.86 100.138999 0.0000000000000000 0.000000 260.847525 -1159275.239730 30.503406 126.131082 -20.459883 1490.243599 -5.720 -5.720 0.000000 3.282879 0.000 0 0.000
37001.00 1488.62 100.138999 0.0000000000000000 0.000000 260.847525 -1159580.285011 30.505652 126.138654 -20.467810 1490.192660 -5.726 -5.726 0.000000 3.282638 0.000 0 0.000
36901.00 1488.38 100.138999 0.0000000000000000 0.000000 260.847525 -1159885.352779 30.507903 126.146233 -20.475752 1490.142176 -5.733 -5.733 0.000000 3.282395 0.000 0 0.000
36801.00 1488.14 100.138999 0.0000000000000000 0.000000 260.847525 -1160190.443090 30.510160 126.153816 -20.483708 1490.092154 -5.739 -5.739 0.000000 3.282153 0.000 0 0.000
36701.00 1487.90 100.138999 0.0000000000000000 0.000000 260.847525 -1160495.556003 30.512423 126.161406 -20.491679 1490.042600 -5.745 -5.745 0.000000 3.281909 0.000 0 0.000
36601.00 1487.66 100.138999 0.0000000000000000 0.000000 260.847525 -1160800.691574 30.514692 126.169000 -20.499664 1489.993521 -5.752 -5.752 0.000000 3.281665 0.000 0 0.000
36501.00 1487.42 100.138999 0.0000000000000000 0.000000 260.847525 -1161105.849862 30.516967 126.176601 -20.507664 1489.944923 -5.758 -5.758 0.000000 3.281420 0.000 0 0.000
36401.00 1487.18 100.138999 0.0000000000000000 0.000000 260.847525 -1161411.030928 30.519247 126.184208 -20.515679 1489.896812 -5.765 -5.765 0.000000 3.281175 0.000 0 0.000
36301.00 1486.94 100.138999 0.0000000000000000 0.000000 260.847525 -1161716.234831 30.521534 126.191821 -20.523710 1489.849197 -5.771 -5.771 0.000000 3.280929 0.000 0 0.000
36201.00 1486.70 100.138999 0.0000000000000000 0.000000 260.847525 -1162021.461633 30.523827 126.199440 -20.531756 1489.802083 -5.777 -5.777 0.000000 3.280683 0.000 0 0.000
36101.00 1486.46 100.138999 0.0000000000000000 0.000000 260.847525 -1162326.711394 30.526126 126.207065 -20.539818 1489.755477 -5.784 -5.784 0.000000 3.280436 0.000 0 0.000
36001.00 1486.22 100.138999 0.0000000000000000 0.000000 260.847525 -1162631.984178 30.528432 126.214697 -20.547895 1489.709388 -5.791 -5.791 0.000000 3.280188 0.000 0 0.000
35901.00 1485.97 100.138999 0.0000000000000000 0.000000 260.847525 -1162937.280048 30.530743 126.222336 -20.555989 1489.663822 -5.797 -5.797 0.000000 3.279940 0.000 0 0.000
35801.00 1485.73 100.138999 0.0000000000000000 0.000000 260.847525 -1163242.599068 30.533062 126.229981 -20.564100 1489.618787 -5.804 -5.804 0.000000 3.279691 0.000 0 0.000
35701.00 1485.49 100.138999 0.0000000000000000 0.000000 260.847525 -1163547.941303 30.535386 126.237633 -20.572226 1489.574290 -5.810 -5.810 0.000000 3.279441 0.000 0 0.000
35601.00 1485.25 100.138999 0.0000000000000000 0.000000 260.847525 -1163853.306819 30.537718 126.245291 -20.580370 1489.530341 -5.817 -5.817 0.000000 3.279191 0.000 0 0.000
35501.00 1485.01 100.138999 0.0000000000000000 0.000000 260.847525 -1164158.695682 30.540056 126.252958 -20.588531 1489.486945 -5.824 -5.824 0.000000 3.278940 0.000 0 0.000
35401.00 1484.76 100.138999 0.0000000000000000 0.000000 260.847525 -1164464.107960 30.542401 126.260631 -20.596709 1489.444113 -5.830 -5.830 0.000000 3.278688 0.000 0 0.000
35301.00 1484.52 100.138999 0.0000000000000000 0.000000 260.847525 -1164769.543721 30.544753 126.268312 -20.604904 1489.401852 -5.837 -5.837 0.000000 3.278435 0.000 0 0.000
35201.00 1484.28 100.138999 0.0000000000000000 0.000000 260.847525 -1165075.003035 30.547111 126.276000 -20.613118 1489.360170 -5.844 -5.844 0.000000 3.278182 0.000 0 0.000
35101.00 1484.04 100.138999 0.0000000000000000 0.000000 260.847525 -1165380.485972 30.549477 126.283696 -20.621349 1489.319077 -5.851 -5.851 0.000000 3.277928 0.000 0 0.000
35001.00 1483.79 100.138999 0.0000000000000000 0.000000 260.847525 -1165685.992604 30.551850 126.291400 -20.629599 1489.278581 -5.858 -5.858 0.000000 3.277674 0.000 0 0.000
34901.00 1483.55 100.138999 0.0000000000000000 0.000000 260.847525 -1165991.523002 30.554231 126.299112 -20.637867 1489.238692 -5.864 -5.864 0.000000 3.277418 0.000 0 0.000
34801.00 1483.31 100.138999 0.0000000000000000 0.000000 260.847525 -1166297.077240 30.556618 126.306832 -20.646154 1489.199418 -5.871 -5.871 0.000000 3.277162 0.000 0 0.000
34701.00 1483.06 100.138999 0.0000000000000000 0.000000 260.847525 -1166602.655391 30.559013 126.314560 -20.654460 1489.160770 -5.878 -5.878 0.000000 3.276906 0.000 0 0.000
34601.00 1482.82 100.138999 0.0000000000000000 0.000000 260.847525 -1166908.257532 30.561416 126.322297 -20.662785 1489.122756 -5.885 -5.885 0.000000 3.276648 0.000 0 0.000
34501.00 1482.57 100.138999 0.0000000000000000 0.000000 260.847525 -1167213.883739 30.563827 126.330043 -20.671131 1489.085388 -5.892 -5.892 0.000000 3.276389 0.000 0 0.000
34401.00 1482.33 100.138999 0.0000000000000000 0.000000 260.847525 -1167519.534089 30.566245 126.337798 -20.679496 1489.048674 -5.899 -5.899 0.000000 3.276130 0.000 0 0.000
34301.00 1482.08 100.138999 0.0000000000000000 0.000000 260.847525 -1167825.208660 30.568671 126.345562 -20.687881 1489.012626 -5.906 -5.906 0.000000 3.275870 0.000 0 0.000
34201.00 1481.84 100.138999 0.0000000000000000 0.000000 260.847525 -1168130.907532 30.571105 126.353335 -20.696287 1488.977253 -5.913 -5.913 0.000000 3.275609 0.000 0 0.000
34101.00 1481.59 100.138999 0.0000000000000000 0.000000 260.847525 -1168436.630787 30.573547 126.361117 -20.704714 1488.942567 -5.920 -5.920 0.000000 3.275348 0.000 0 0.000
34001.00 1481.35 100.138999 0.0000000000000000 0.000000 260.847525 -1168742.378505 30.575998 126.368909 -20.713161 1488.908579 -5.928 -5.928 0.000000 3.275085 0.000 0 0.000
33901.00 1481.10 100.138999 0.0000000000000000 0.000000 260.847525 -1169048.150770 30.578457 126.376711 -20.721631 1488.875300 -5.935 -5.935 0.000000 3.274822 0.000 0 0.000
33801.00 1480.86 100.138999 0.0000000000000000 0.000000 260.847525 -1169353.947667 30.580924 126.384523 -20.730122 1488.842741 -5.942 -5.942 0.000000 3.274558 0.000 0 0.000
33701.00 1480.61 100.138999 0.0000000000000000 0.000000 260.847525 -1169659.769281 30.583400 126.392345 -20.738635 1488.810915 -5.949 -5.949 0.000000 3.274293 0.000 0 0.000
33601.00 1480.36 100.138999 0.0000000000000000 0.000000 260.847525 -1169965.615699 30.585885 126.400178 -20.747171 1488.779833 -5.956 -5.956 0.000000 3.274027 0.000 0 0.000
33501.00 1480.12 100.138999 0.0000000000000000 0.000000 260.847525 -1170271.487009 30.588379 126.408022 -20.755730 1488.749508 -5.964 -5.964 0.000000 3.273760 0.000 0 0.000
33401.00 1479.87 100.138999 0.0000000000000000 0.000000 260.847525 -1170577.383301 30.590881 126.415876 -20.764312 1488.719953 -5.971 -5.971 0.000000 3.273492 0.000 0 0.000
33301.00 1479.62 100.138999 0.0000000000000000 0.000000 260.847525 -1170883.304666 30.593393 126.423742 -20.772917 1488.691179 -5.979 -5.979 0.000000 3.273223 0.000 0 0.000
33201.00 1479.38 100.138999 0.0000000000000000 0.000000 260.847525 -1171189.251196 30.595914 126.431619 -20.781547 1488.663201 -5.986 -5.986 0.000000 3.272953 0.000 0 0.000
33101.00 1479.13 100.138999 0.0000000000000000 0.000000 260.847525 -1171495.222986 30.598445 126.439507 -20.790200 1488.636032 -5.993 -5.993 0.000000 3.272683 0.000 0 0.000
33001.00 1478.88 100.138999 0.0000000000000000 0.000000 260.847525 -1171801.220129 30.600985 126.447408 -20.798879 1488.609686 -6.001 -6.001 0.000000 3.272411 0.000 0 0.000
32901.00 1478.63 100.138999 0.0000000000000000 0.000000 260.847525 -1172107.242724 30.603535 126.455320 -20.807582 1488.584176 -6.009 -6.009 0.000000 3.272138 0.000 0 0.000
32801.00 1478.38 100.138999 0.0000000000000000 0.000000 260.847525 -1172413.290868 30.606095 126.463245 -20.816311 1488.559518 -6.016 -6.016 0.000000 3.271865 0.000 0 0.000
32701.00 1478.13 100.138999 0.0000000000000000 0.000000 260.847525 -1172719.364661 30.608665 126.471183 -20.825066 1488.535726 -6.024 -6.024 0.000000 3.271590 0.000 0 0.000
32601.00 1477.88 100.138999 0.0000000000000000 0.000000 260.847525 -1173025.464204 30.611245 126.479133 -20.833847 1488.512816 -6.031 -6.031 0.000000 3.271314 0.000 0 0.000
32501.00 1477.64 100.138999 0.0000000000000000 0.000000 260.847525 -1173331.589601 30.613836 126.487097 -20.842656 1488.490802 -6.039 -6.039 0.000000 3.271037 0.000 0 0.000
32401.00 1477.39 100.138999 0.0000000000000000 0.000000 260.847525 -1173637.740957 30.616437 126.495074 -20.851491 1488.469701 -6.047 -6.047 0.000000 3.270759 0.000 0 0.000
32301.00 1477.14 100.138999 0.0000000000000000 0.000000 260.847525 -1173943.918378 30.619049 126.503065 -20.860354 1488.449529 -6.055 -6.055 0.000000 3.270480 0.000 0 0.000
32201.00 1476.88 100.138999 0.0000000000000000 0.000000 260.847525 -1174250.121971 30.621672 126.511070 -20.869245 1488.430303 -6.063 -6.063 0.000000 3.270200 0.000 0 0.000
32101.00 1476.63 100.138999 0.0000000000000000 0.000000 260.847525 -1174556.351848 30.624306 126.519089 -20.878165 1488.412039 -6.070 -6.070 0.000000 3.269919 0.000 0 0.000
32001.00 1476.38 100.138999 0.0000000000000000 0.000000 260.847525 -1174862.608121 30.626951 126.527123 -20.887114 1488.394756 -6.078 -6.078 0.000000 3.269637 0.000 0 0.000
31901.00 1476.13 100.138999 0.0000000000000000 0.000000 260.847525 -1175168.890902 30.629607 126.535172 -20.896092 1488.378471 -6.086 -6.086 0.000000 3.269353 0.000 0 0.000
31801.00 1475.88 100.138999 0.0000000000000000 0.000000 260.847525 -1175475.200307 30.632276 126.543236 -20.905101 1488.363202 -6.094 -6.094 0.000000 3.269068 0.000 0 0.000
31701.00 1475.63 100.138999 0.0000000000000000 0.000000 260.847525 -1175781.536455 30.634956 126.551316 -20.914140 1488.348968 -6.102 -6.102 0.000000 3.268782 0.000 0 0.000
31601.00 1475.37 100.138999 0.0000000000000000 0.000000 260.847525 -1176087.899465 30.637648 126.559412 -20.923211 1488.335789 -6.111 -6.111 0.000000 3.268495 0.000 0 0.000
31501.00 1475.12 100.138999 0.0000000000000000 0.000000 260.847525 -1176394.289459 30.640353 126.567524 -20.932313 1488.323684 -6.119 -6.119 0.000000 3.268206 0.000 0 0.000
31401.00 1474.87 100.138999 0.0000000000000000 0.000000 260.847525 -1176700.706560 30.643070 126.575653 -20.941447 1488.312673 -6.127 -6.127 0.000000 3.267917 0.000 0 0.000
31301.00 1474.62 100.138999 0.0000000000000000 0.000000 260.847525 -1177007.150896 30.645799 126.583799 -20.950615 1488.302778 -6.135 -6.135 0.000000 3.267626 0.000 0 0.000
31201.00 1474.36 100.138999 0.0000000000000000 0.000000 260.847525 -1177313.622593 30.648542 126.591963 -20.959816 1488.294019 -6.143 -6.143 0.000000 3.267333 0.000 0 0.000
31101.00 1474.11 100.138999 0.0000000000000000 0.000000 260.847525 -1177620.121783 30.651298 126.600144 -20.969050 1488.286419 -6.152 -6.152 0.000000 3.267039 0.000 0 0.000
31001.00 1473.85 100.138999 0.0000000000000000 0.000000 260.847525 -1177926.648599 30.654067 126.608344 -20.978320 1488.279999 -6.160 -6.160 0.000000 3.266744 0.000 0 0.000
30901.00 1473.60 100.138999 0.0000000000000000 0.000000 260.847525 -1178233.203177 30.656850 126.616562 -20.987625 1488.274782 -6.169 -6.169 0.000000 3.266448 0.000 0 0.000
30801.00 1473.34 100.138999 0.0000000000000000 0.000000 260.847525 -1178539.785653 30.659647 126.624799 -20.996965 1488.270793 -6.177 -6.177 0.000000 3.266150 0.000 0 0.000
30701.00 1473.09 100.138999 0.0000000000000000 0.000000 260.847525 -1178846.396168 30.662458 126.633056 -21.006343 1488.268055 -6.186 -6.186 0.000000 3.265850 0.000 0 0.000
30601.00 1472.83 100.138999 0.0000000000000000 0.000000 260.847525 -1179153.034866 30.665284 126.641333 -21.015757 1488.266593 -6.194 -6.194 0.000000 3.265549 0.000 0 0.000
30501.00 1472.57 100.138999 0.0000000000000000 0.000000 260.847525 -1179459.701892 30.668124 126.649630 -21.025210 1488.266433 -6.203 -6.203 0.000000 3.265247 0.000 0 0.000
30401.00 1472.31 100.138999 0.0000000000000000 0.000000 260.847525 -1179766.397395 30.670979 126.657948 -21.034701 1488.267600 -6.212 -6.212 0.000000 3.264943 0.000 0 0.000
30301.00 1472.06 100.138999 0.0000000000000000 0.000000 260.847525 -1180073.121525 30.673849 126.666287 -21.044232 1488.270122 -6.221 -6.221 0.000000 3.264637 0.000 0 0.000
30201.00 1471.80 100.138999 0.0000000000000000 0.000000 260.847525 -1180379.874436 30.676735 126.674648 -21.053803 1488.274026 -6.229 -6.229 0.000000 3.264330 0.000 0 0.000
30101.00 1471.54 100.138999 0.0000000000000000 0.000000 260.847525 -1180686.656287 30.679637 126.683032 -21.063415 1488.279340 -6.238 -6.238 0.000000 3.264022 0.000 0 0.000
30001.00 1471.28 100.138999 0.0000000000000000 0.000000 260.847525 -1180993.467236 30.682555 126.691439 -21.073069 1488.286094 -6.247 -6.247 0.000000 3.263711 0.000 0 0.000
29901.00 1471.02 100.138999 0.0000000000000000 0.000000 260.847525 -1181300.307447 30.685490 126.699868 -21.082765 1488.294316 -6.256 -6.256 0.000000 3.263399 0.000 0 0.000
29801.00 1470.76 100.138999 0.0000000000000000 0.000000 260.847525 -1181607.177086 30.688441 126.708322 -21.092505 1488.304039 -6.265 -6.265 0.000000 3.263085 0.000 0 0.000
29701.00 1470.50 100.138999 0.0000000000000000 0.000000 260.847525 -1181914.076324 30.691409 126.716801 -21.102289 1488.315294 -6.275 -6.275 0.000000 3.262770 0.000 0 0.000
29601.00 1470.24 100.138999 0.0000000000000000 0.000000 260.847525 -1182221.005332 30.694395 126.725304 -21.112118 1488.328112 -6.284 -6.284 0.000000 3.262452 0.000 0 0.000
29501.00 1469.98 100.138999 0.0000000000000000 0.000000 260.847525 -1182527.964288 30.697399 126.733833 -21.121993 1488.342527 -6.293 -6.293 0.000000 3.262133 0.000 0 0.000
29401.00 1469.71 100.138999 0.0000000000000000 0.000000 260.847525 -1182834.953372 30.700421 126.742389 -21.131916 1488.358574 -6.302 -6.302 0.000000 3.261812 0.000 0 0.000
29301.00 1469.45 100.138999 0.0000000000000000 0.000000 260.847525 -1183141.972768 30.703461 126.750971 -21.141886 1488.376288 -6.312 -6.312 0.000000 3.261489 0.000 0 0.000
29201.00 1469.19 100.138999 0.0000000000000000 0.000000 260.847525 -1183449.022663 30.706521 126.759581 -21.151905 1488.395705 -6.321 -6.321 0.000000 3.261164 0.000 0 0.000
29101.00 1468.92 100.138999 0.0000000000000000 0.000000 260.847525 -1183756.103248 30.709600 126.768219 -21.161974 1488.416863 -6.331 -6.331 0.000000 3.260837 0.000 0 0.000
29001.00 1468.66 100.138999 0.0000000000000000 0.000000 260.847525 -1184063.214719 30.712698 126.776887 -21.172094 1488.439799 -6.340 -6.340 0.000000 3.260508 0.000 0 0.000
28901.00 1468.39 100.138999 0.0000000000000000 0.000000 260.847525 -1184370.357277 30.715817 126.785584 -21.182267 1488.464554 -6.350 -6.350 0.000000 3.260177 0.000 0 0.000
28801.00 1468.13 100.138999 0.0000000000000000 0.000000 260.847525 -1184677.531123 30.718956 126.794311 -21.192492 1488.491168 -6.360 -6.360 0.000000 3.259844 0.000 0 0.000
28701.00 1467.86 100.138999 0.0000000000000000 0.000000 260.847525 -1184984.736468 30.722116 126.803070 -21.202772 1488.519683 -6.370 -6.370 0.000000 3.259508 0.000 0 0.000
28601.00 1467.60 100.138999 0.0000000000000000 0.000000 260.847525 -1185291.973522 30.725298 126.811860 -21.213107 1488.550142 -6.379 -6.379 0.000000 3.259171 0.000 0 0.000
28501.00 1467.33 100.138999 0.0000000000000000 0.000000 260.847525 -1185599.242505 30.728502 126.820683 -21.223499 1488.582591 -6.389 -6.389 0.000000 3.258831 0.000 0 0.000
28401.00 1467.06 100.138999 0.0000000000000000 0.000000 260.847525 -1185906.543637 30.731728 126.829540 -21.233948 1488.617074 -6.399 -6.399 0.000000 3.258489 0.000 0 0.000
28301.00 1466.79 100.138999 0.0000000000000000 0.000000 260.847525 -1186213.877146 30.734977 126.838431 -21.244457 1488.653639 -6.410 -6.410 0.000000 3.258145 0.000 0 0.000
28201.00 1466.52 100.138999 0.0000000000000000 0.000000 260.847525 -1186521.243263 30.738250 126.847358 -21.255027 1488.692335 -6.420 -6.420 0.000000 3.257798 0.000 0 0.000
28101.00 1466.25 100.138999 0.0000000000000000 0.000000 260.847525 -1186828.642227 30.741547 126.856321 -21.265658 1488.733212 -6.430 -6.430 0.000000 3.257448 0.000 0 0.000
28001.00 1465.98 100.138999 0.0000000000000000 0.000000 260.847525 -1187136.074280 30.744868 126.865320 -21.276353 1488.776323 -6.440 -6.440 0.000000 3.257096 0.000 0 0.000
27901.00 1465.71 100.138999 0.0000000000000000 0.000000 260.847525 -1187443.539669 30.748214 126.874358 -21.287113 1488.821720 -6.451 -6.451 0.000000 3.256742 0.000 0 0.000
27801.00 1465.44 100.138999 0.0000000000000000 0.000000 260.847525 -1187751.038649 30.751586 126.883436 -21.297938 1488.869459 -6.461 -6.461 0.000000 3.256385 0.000 0 0.000
27701.00 1465.16 100.138999 0.0000000000000000 0.000000 260.847525 -1188058.571480 30.754984 126.892553 -21.308832 1488.919598 -6.472 -6.472 0.000000 3.256025 0.000 0 0.000
27601.00 1464.89 100.138999 0.0000000000000000 0.000000 260.847525 -1188366.138428 30.758410 126.901711 -21.319794 1488.972194 -6.483 -6.483 0.000000 3.255662 0.000 0 0.000
27501.00 1464.61 100.138999 0.0000000000000000 0.000000 260.847525 -1188673.739765 30.761862 126.910912 -21.330828 1489.027309 -6.494 -6.494 0.000000 3.255297 0.000 0 0.000
27401.00 1464.34 100.138999 0.0000000000000000 0.000000 260.847525 -1188981.375769 30.765343 126.920157 -21.341934 1489.085006 -6.505 -6.505 0.000000 3.254929 0.000 0 0.000
27301.00 1464.06 100.138999 0.0000000000000000 0.000000 260.847525 -1189289.046727 30.768853 126.929445 -21.353115 1489.145350 -6.516 -6.516 0.000000 3.254557 0.000 0 0.000
27201.00 1463.78 100.138999 0.0000000000000000 0.000000 260.847525 -1189596.752931 30.772393 126.938780 -21.364372 1489.208409 -6.527 -6.527 0.000000 3.254183 0.000 0 0.000
27101.00 1463.51 100.138999 0.0000000000000000 0.000000 260.847525 -1189904.494680 30.775962 126.948162 -21.375707 1489.274251 -6.538 -6.538 0.000000 3.253806 0.000 0 0.000
27001.00 1463.23 100.138999 0.0000000000000000 0.000000 260.847525 -1190212.272281 30.779563 126.957593 -21.387122 1489.342948 -6.549 -6.549 0.000000 3.253425 0.000 0 0.000
26901.00 1462.95 100.138999 0.0000000000000000 0.000000 260.847525 -1190520.086050 30.783196 126.967073 -21.398619 1489.414576 -6.561 -6.561 0.000000 3.253041 0.000 0 0.000
26801.00 1462.66 100.138999 0.0000000000000000 0.000000 260.847525 -1190827.936310 30.786861 126.976604 -21.410200 1489.489211 -6.572 -6.572 0.000000 3.252654 0.000 0 0.000
26701.00 1462.38 100.138999 0.0000000000000000 0.000000 260.847525 -1191135.823390 30.790560 126.986188 -21.421867 1489.566933 -6.584 -6.584 0.000000 3.252263 0.000 0 0.000
26601.00 1462.10 100.138999 0.0000000000000000 0.000000 260.847525 -1191443.747632 30.794294 126.995826 -21.433623 1489.647825 -6.595 -6.595 0.000000 3.251869 0.000 0 0.000
26501.00 1461.82 100.138999 0.0000000000000000 0.000000 260.847525 -1191751.709382 30.798062 127.005520 -21.445469 1489.731971 -6.607 -6.607 0.000000 3.251471 0.000 0 0.000
26401.00 1461.53 100.138999 0.0000000000000000 0.000000 260.847525 -1192059.709000 30.801867 127.015271 -21.457409 1489.819462 -6.619 -6.619 0.000000 3.251069 0.000 0 0.000
26301.00 1461.24 100.138999 0.0000000000000000 0.000000 260.847525 -1192367.746851 30.805709 127.025081 -21.469444 1489.910389 -6.631 -6.631 0.000000 3.250664 0.000 0 0.000
26201.00 1460.96 100.138999 0.0000000000000000 0.000000 260.847525 -1192675.823313 30.809590 127.034951 -21.481577 1490.004847 -6.644 -6.644 0.000000 3.250254 0.000 0 0.000
26101.00 1460.67 100.138999 0.0000000000000000 0.000000 260.847525 -1192983.938774 30.813509 127.044885 -21.493811 1490.102936 -6.656 -6.656 0.000000 3.249841 0.000 0 0.000
26001.00 1460.38 100.138999 0.0000000000000000 0.000000 260.847525 -1193292.093630 30.817469 127.054882 -21.506148 1490.204758 -6.668 -6.668 0.000000 3.249423 0.000 0 0.000
25901.00 1460.06 100.138999 0.0000709971612377 0.000077 260.847525 -1193600.288618 30.821560 127.067046 -21.524089 1490.345673 -8.719 -8.719 2.979099 3.249013 0.178 0 0.000
25801.00 1459.72 100.138999 0.0001696239228979 0.000185 260.847525 -1193908.525027 30.825729 127.080094 -21.544300 1490.505278 -8.717 -8.717 2.978149 3.248602 0.183 0 0.000
25701.00 1459.39 100.138999 0.0002699533850275 0.000295 260.847525 -1194216.803363 30.829946 127.093259 -21.564782 1490.670985 -8.715 -8.715 2.977203 3.248188 0.189 0 0.000
25601.00 1459.05 100.138999 0.0003720120086671 0.000406 260.847525 -1194525.124099 30.834210 127.106544 -21.585541 1490.842940 -8.714 -8.714 2.976262 3.247769 0.194 0 0.000
25501.00 1458.71 100.138999 0.0004758265034904 0.000519 260.847525 -1194833.487719 30.838523 127.119952 -21.606581 1491.021292 -8.712 -8.712 2.975324 3.247346 0.199 0 0.000
25401.00 1458.37 100.138999 0.0005814238006762 0.000635 260.847525 -1195141.894722 30.842886 127.133487 -21.627910 1491.206197 -8.711 -8.711 2.974391 3.246918 0.205 0 0.000
25301.00 1458.03 100.138999 0.0006888310252524 0.000752 260.847525 -1195450.345620 30.847302 127.147151 -21.649534 1491.397812 -8.710 -8.710 2.973462 3.246486 0.210 0 0.000
25201.00 1457.69 100.138999 0.0007980754638052 0.000871 260.847525 -1195758.840938 30.851771 127.160947 -21.671458 1491.596301 -8.710 -8.710 2.972538 3.246049 0.215 0 0.000
25101.00 1457.34 100.138999 0.0009091845289454 0.000993 260.847525 -1196067.381216 30.856294 127.174878 -21.693690 1491.801834 -8.709 -8.709 2.971618 3.245607 0.221 0 0.000
25001.00 1456.99 100.138999 0.0010221857190814 0.001117 260.847525 -1196375.967009 30.860874 127.188948 -21.716236 1492.014583 -8.709 -8.709 2.970702 3.245159 0.226 0 0.000
24901.00 1456.64 100.138999 0.0011371065734136 0.001242 260.847525 -1196684.598888 30.865512 127.203160 -21.739103 1492.234729 -8.709 -8.709 2.969791 3.244707 0.231 0 0.000
24801.00 1456.29 100.138999 0.0012539746216467 0.001370 260.847525 -1196993.277439 30.870209 127.217518 -21.762297 1492.462457 -8.710 -8.710 2.968885 3.244249 0.237 0 0.000
24701.00 1455.94 100.138999 0.0013728173261791 0.001500 260.847525 -1197302.003265 30.874967 127.232025 -21.785827 1492.697957 -8.710 -8.710 2.967983 3.243786 0.242 0 0.000
24601.00 1455.58 100.138999 0.0014936620262214 0.001632 260.847525 -1197610.776986 30.879788 127.246684 -21.809698 1492.941426 -8.711 -8.711 2.967085 3.243316 0.247 0 0.000
24501.00 1455.22 100.138999 0.0016165358606279 0.001767 260.847525 -1197919.599241 30.884674 127.261501 -21.833920 1493.193067 -8.713 -8.713 2.966192 3.242841 0.253 0 0.000
24401.00 1454.86 100.138999 0.0017414656894984 0.001904 260.847525 -1198228.470687 30.889627 127.276478 -21.858499 1493.453092 -8.714 -8.714 2.965304 3.242360 0.258 0 0.000
24301.00 1454.50 100.138999 0.0018684780182619 0.002043 260.847525 -1198537.392001 30.894648 127.291619 -21.883444 1493.721716 -8.716 -8.716 2.964421 3.241873 0.264 0 0.000
24201.00 1454.13 100.138999 0.0019975988962522 0.002184 260.847525 -1198846.363880 30.899740 127.306930 -21.908762 1493.999164 -8.719 -8.719 2.963543 3.241379 0.269 0 0.000
24101.00 1453.76 100.138999 0.0021288538125466 0.002328 260.847525 -1199155.387042 30.904905 127.322414 -21.934462 1494.285668 -8.721 -8.721 2.962669 3.240878 0.275 0 0.000
24001.00 1453.39 100.138999 0.0022622675817767 0.002475 260.847525 -1199464.462226 30.910145 127.338075 -21.960552 1494.581467 -8.724 -8.724 2.961800 3.240370 0.280 0 0.000
23901.00 1453.02 100.138999 0.0023978642148589 0.002623 260.847525 -1199773.590197 30.915462 127.353919 -21.987041 1494.886810 -8.728 -8.728 2.960936 3.239855 0.286 0 0.000
23801.00 1452.64 100.138999 0.0025356667764355 0.002774 260.847525 -1200082.771740 30.920860 127.369950 -22.013938 1495.201953 -8.731 -8.731 2.960077 3.239333 0.291 0 0.000
23701.00 1452.26 100.138999 0.0026756972350128 0.002928 260.847525 -1200392.007668 30.926340 127.386173 -22.041251 1495.527161 -8.736 -8.736 2.959223 3.238803 0.297 0 0.000
23601.00 1451.88 100.138999 0.0028179762845348 0.003084 260.847525 -1200701.298817 30.931905 127.402593 -22.068991 1495.862709 -8.740 -8.740 2.958374 3.238265 0.302 0 0.000
23501.00 1451.50 100.138999 0.0029625231579641 0.003242 260.847525 -1201010.646054 30.937557 127.419215 -22.097165 1496.208882 -8.745 -8.745 2.957530 3.237719 0.308 0 0.000
23401.00 1451.11 100.138999 0.0031093554186824 0.003403 260.847525 -1201320.050269 30.943301 127.436045 -22.125784 1496.565975 -8.751 -8.751 2.956691 3.237164 0.314 0 0.000
23301.00 1450.72 100.138999 0.0032584887306528 0.003567 260.847525 -1201629.512387 30.949138 127.453088 -22.154858 1496.934293 -8.757 -8.757 2.955857 3.236600 0.319 0 0.000
23201.00 1450.33 100.138999 0.0034099366054978 0.003733 260.847525 -1201939.033361 30.955073 127.470351 -22.184397 1497.314154 -8.764 -8.764 2.955028 3.236028 0.325 0 0.000
23101.00 1449.93 100.138999 0.0035637101241911 0.003902 260.847525 -1202248.614175 30.961107 127.487838 -22.214410 1497.705887 -8.771 -8.771 2.954205 3.235445 0.331 0 0.000
23001.00 1449.54 100.138999 0.0037198176329607 0.004073 260.847525 -1202558.255851 30.967245 127.505557 -22.244909 1498.109831 -8.778 -8.778 2.953386 3.234853 0.336 0 0.000
22901.00 1449.13 100.138999 0.0038782643948617 0.004247 260.847525 -1202867.959441 30.973491 127.523514 -22.275904 1498.526341 -8.786 -8.786 2.952573 3.234251 0.342 0 0.000
22801.00 1448.73 100.138999 0.0040390522394835 0.004423 260.847525 -1203177.726038 30.979847 127.541714 -22.307405 1498.955785 -8.795 -8.795 2.951766 3.233638 0.348 0 0.000
22701.00 1448.32 100.138999 0.0042021791423319 0.004602 260.847525 -1203487.556773 30.986319 127.560166 -22.339423 1499.398544 -8.805 -8.805 2.950963 3.233015 0.353 0 0.000
22601.00 1447.91 100.138999 0.0043676387669157 0.004783 260.847525 -1203797.452817 30.992910 127.578875 -22.371970 1499.855014 -8.815 -8.815 2.950166 3.232379 0.359 0 0.000
22501.00 1447.49 100.138999 0.0045354199885985 0.004967 260.847525 -1204107.415383 30.999624 127.597850 -22.405057 1500.325608 -8.825 -8.825 2.949374 3.231732 0.365 0 0.000
22401.00 1447.07 100.138999 0.0047055063401409 0.005154 260.847525 -1204417.445730 31.006467 127.617098 -22.438694 1500.810753 -8.837 -8.837 2.948588 3.231072 0.371 0 0.000
22301.00 1446.65 100.138999 0.0048778754196589 0.005343 260.847525 -1204727.545163 31.013442 127.636626 -22.472894 1501.310896 -8.849 -8.849 2.947807 3.230400 0.376 0 0.000
22201.00 1446.22 100.138999 0.0050524982239214 0.005534 260.847525 -1205037.715038 31.020556 127.656443 -22.507668 1501.826500 -8.861 -8.861 2.947031 3.229714 0.382 0 0.000
22101.00 1445.79 100.138999 0.0052293384318725 0.005728 260.847525 -1205347.956760 31.027813 127.676556 -22.543028 1502.358047 -8.875 -8.875 2.946261 3.229014 0.388 0 0.000
22001.00 1445.37 100.138999 0.0054774126320229 0.006001 260.847525 -1205658.269311 31.033790 127.696269 -22.580526 1502.799644 -8.879 -8.879 2.945408 3.228472 0.394 0 0.000
21901.00 1444.98 100.138999 0.0058594427147177 0.006421 260.847525 -1205968.624023 31.037157 127.714872 -22.621525 1503.052410 -8.865 -8.865 2.944392 3.228246 0.399 0 0.000
21801.00 1444.59 100.138999 0.0062472328172570 0.006847 260.847525 -1206279.012536 31.040551 127.733650 -22.663155 1503.312931 -8.851 -8.851 2.943378 3.228019 0.405 0 0.000
21701.00 1444.20 100.138999 0.0066409307921727 0.007280 260.847525 -1206589.435126 31.043972 127.752606 -22.705430 1503.581361 -8.837 -8.837 2.942366 3.227793 0.411 0 0.000
21601.00 1443.81 100.138999 0.0070406886004953 0.007720 260.847525 -1206899.892072 31.047422 127.771746 -22.748369 1503.857858 -8.823 -8.823 2.941355 3.227566 0.417 0 0.000
21501.00 1443.41 100.138999 0.0074466624231760 0.008168 260.847525 -1207210.383662 31.050901 127.791073 -22.791987 1504.142584 -8.809 -8.809 2.940346 3.227339 0.423 0 0.000
21401.00 1443.02 100.138999 0.0078590127669623 0.008622 260.847525 -1207520.910190 31.054410 127.810593 -22.836302 1504.435706 -8.794 -8.794 2.939339 3.227112 0.428 0 0.000
21301.00 1442.62 100.138999 0.0082779045772478 0.009083 260.847525 -1207831.471957 31.057949 127.830311 -22.881333 1504.737395 -8.780 -8.780 2.938334 3.226884 0.434 0 0.000
21201.00 1442.21 100.138999 0.0087035073502345 0.009553 260.847525 -1208142.069271 31.061519 127.850232 -22.927098 1505.047828 -8.765 -8.765 2.937330 3.226656 0.440 0 0.000
21101.00 1441.81 100.138999 0.0091359952457866 0.010030 260.847525 -1208452.702446 31.065121 127.870362 -22.973617 1505.367185 -8.751 -8.751 2.936328 3.226428 0.446 0 0.000
21001.00 1441.40 100.138999 0.0095755472035389 0.010514 260.847525 -1208763.371807 31.068756 127.890705 -23.020908 1505.695652 -8.737 -8.737 2.935327 3.226200 0.452 0 0.000
20901.00 1441.00 100.138999 0.0100223470630449 0.011008 260.847525 -1209074.077684 31.072425 127.911267 -23.068993 1506.033421 -8.722 -8.722 2.934328 3.225971 0.458 0 0.000
20801.00 1440.58 100.136739 0.0104540703859390 0.011484 260.840902 -1209359.879658 31.075356 127.928506 -23.115355 1506.327267 -8.707 -8.707 2.933330 3.225742 0.464 0 0.000
20701.00 1440.17 100.090810 0.0104582843625662 0.011492 260.706368 -1209163.513932 31.063418 127.877424 -23.113423 1505.597202 -8.693 -8.693 2.932336 3.225513 0.470 0 0.000
20601.00 1439.76 100.044477 0.0104625753407709 0.011500 260.570690 -1208962.176289 31.051355 127.825824 -23.111393 1504.861177 -8.678 -8.678 2.931347 3.225284 0.476 0 0.000
20501.00 1439.34 99.997731 0.0104669454091482 0.011507 260.433848 -1208755.779256 31.039164 127.773696 -23.109263 1504.119087 -8.663 -8.663 2.930362 3.225054 0.482 0 0.000
20401.00 1438.93 99.950566 0.0104713967145338 0.011515 260.295823 -1208544.233055 31.026843 127.721032 -23.107031 1503.370826 -8.648 -8.648 2.929381 3.224824 0.488 0 0.000
20301.00 1438.51 99.902974 0.0104759314736904 0.011523 260.156592 -1208327.445534 31.014390 127.667822 -23.104696 1502.616286 -8.634 -8.634 2.928405 3.224594 0.494 0 0.000
20201.00 1438.09 99.854947 0.0104805519886366 0.011531 260.016135 -1208105.322096 31.001802 127.614057 -23.102256 1501.855355 -8.618 -8.618 2.927433 3.224364 0.500 0 0.000
20101.00 1437.67 99.806476 0.0104852606242136 0.011539 259.874429 -1207877.765604 30.989077 127.559725 -23.099709 1501.087918 -8.603 -8.603 2.926465 3.224134 0.506 0 0.000
20001.00 1437.24 99.757555 0.0104900598273421 0.011548 259.731452 -1207644.676316 30.976212 127.504817 -23.097054 1500.313859 -8.588 -8.588 2.925502 3.223903 0.512 0 0.000
19901.00 1436.82 99.708174 0.0104949521347951 0.011556 259.587179 -1207405.951793 30.963205 127.449323 -23.094289 1499.533057 -8.573 -8.573 2.924544 3.223672 0.518 0 0.000
19801.00 1436.39 99.658325 0.0104999401629968 0.011564 259.441587 -1207161.486807 30.950053 127.393230 -23.091411 1498.745388 -8.558 -8.558 2.923590 3.223440 0.524 0 0.000
19701.00 1435.97 99.607998 0.0105050266189218 0.011573 259.294651 -1206911.173247 30.936752 127.336529 -23.088418 1497.950726 -8.542 -8.542 2.922640 3.223209 0.530 0 0.000
19601.00 1435.54 99.557186 0.0105102143022660 0.011581 259.146347 -1206654.900031 30.923301 127.279208 -23.085310 1497.148941 -8.527 -8.527 2.921695 3.222977 0.536 0 0.000
19501.00 1435.11 99.505877 0.0105155061090703 0.011590 258.996647 -1206392.552999 30.909697 127.221255 -23.082083 1496.339899 -8.511 -8.511 2.920754 3.222745 0.543 0 0.000
19401.00 1434.68 99.454063 0.0105209050342403 0.011599 258.845525 -1206124.014814 30.895936 127.162657 -23.078736 1495.523463 -8.496 -8.496 2.919818 3.222512 0.549 0 0.000
19301.00 1434.24 99.401734 0.0105264141829254 0.011608 258.692953 -1205849.164854 30.882015 127.103403 -23.075266 1494.699492 -8.480 -8.480 2.918887 3.222280 0.555 0 0.000
19201.00 1433.81 99.348878 0.0105320367566132 0.011617 258.538903 -1205567.879092 30.867931 127.043479 -23.071672 1493.867843 -8.464 -8.464 2.917959 3.222047 0.561 0 0.000
19101.00 1433.37 99.295487 0.0105377760815224 0.011626 258.383346 -1205280.029996 30.853681 126.982872 -23.067950 1493.028366 -8.448 -8.448 2.917037 3.221814 0.567 0 0.000
19001.00 1432.93 99.241549 0.0105436355951283 0.011635 258.226253 -1204985.486396 30.839262 126.921569 -23.064100 1492.180910 -8.433 -8.433 2.916118 3.221580 0.573 0 0.000
18901.00 1432.49 99.187053 0.0105496188581919 0.011645 258.067591 -1204684.113360 30.824669 126.859556 -23.060117 1491.325317 -8.417 -8.417 2.915205 3.221346 0.579 0 0.000
18801.00 1432.05 99.131987 0.0105557295584826 0.011654 257.907330 -1204375.772068 30.809900 126.796819 -23.056000 1490.461427 -8.401 -8.401 2.914295 3.221112 0.586 0 0.000
18701.00 1431.60 99.076340 0.0105619715160514 0.011664 257.745437 -1204060.319673 30.794951 126.733342 -23.051747 1489.589074 -8.385 -8.385 2.913390 3.220878 0.592 0 0.000
18601.00 1431.15 99.020100 0.0105683486886210 0.011673 257.581878 -1203737.609164 30.779818 126.669110 -23.047355 1488.708089 -8.369 -8.369 2.912490 3.220644 0.598 0 0.000
18501.00 1430.70 98.963253 0.0105748651772219 0.011683 257.416619 -1203407.489213 30.764497 126.604109 -23.042820 1487.818296 -8.353 -8.353 2.911594 3.220409 0.604 0 0.000
18401.00 1430.25 98.905788 0.0105815252317599 0.011693 257.249624 -1203069.804030 30.748984 126.538321 -23.038141 1486.919515 -8.336 -8.336 2.910702 3.220173 0.611 0 0.000
18301.00 1429.80 98.847691 0.0105883332600529 0.011704 257.080857 -1202724.393200 30.733276 126.471730 -23.033315 1486.011563 -8.320 -8.320 2.909814 3.219938 0.617 0 0.000
18201.00 1429.34 98.788948 0.0105952938243886 0.011714 256.910280 -1202371.091518 30.717367 126.404320 -23.028339 1485.094247 -8.304 -8.304 2.908931 3.219702 0.623 0 0.000
18101.00 1428.89 98.729546 0.0106024116736349 0.011724 256.737854 -1202009.728825 30.701254 126.336072 -23.023209 1484.167374 -8.288 -8.288 2.908051 3.219466 0.629 0 0.000
18001.00 1428.43 98.669469 0.0106096917047014 0.011735 256.563539 -1201640.129811 30.684931 126.266969 -23.017923 1483.230742 -8.272 -8.272 2.907176 3.219230 0.636 0 0.000
17901.00 1427.96 98.608703 0.0106171390217730 0.011746 256.387295 -1201262.113857 30.668395 126.196991 -23.012479 1482.284143 -8.255 -8.255 2.906305 3.218993 0.642 0 0.000
17801.00 1427.50 98.547233 0.0106247589110484 0.011757 256.209078 -1200875.494821 30.651641 126.126120 -23.006872 1481.327364 -8.239 -8.239 2.905438 3.218756 0.648 0 0.000
17701.00 1427.03 98.485043 0.0106325568564019 0.011768 256.028846 -1200480.080840 30.634664 126.054335 -23.001099 1480.360185 -8.223 -8.223 2.904575 3.218518 0.654 0 0.000
17601.00 1426.56 98.422117 0.0106405385509491 0.011780 255.846552 -1200075.674130 30.617458 125.981617 -22.995157 1479.382381 -8.206 -8.206 2.903716 3.218281 0.661 0 0.000
17501.00 1426.09 98.358437 0.0106487099031613 0.011791 255.662151 -1199662.070759 30.600018 125.907945 -22.989043 1478.393719 -8.190 -8.190 2.902860 3.218042 0.667 0 0.000
17401.00 1425.62 98.293986 0.0106570770484537 0.011803 255.475595 -1199239.060428 30.582340 125.833296 -22.982753 1477.393958 -8.173 -8.173 2.902008 3.217804 0.673 0 0.000
17301.00 1425.14 98.228747 0.0106656463535330 0.011815 255.286834 -1198806.426229 30.564417 125.757648 -22.976283 1476.382852 -8.157 -8.157 2.901160 3.217565 0.680 0 0.000
17201.00 1424.66 98.162701 0.0106744244332861 0.011827 255.095818 -1198363.944406 30.546244 125.680978 -22.969630 1475.360145 -8.141 -8.141 2.900315 3.217326 0.686 0 0.000
17101.00 1424.18 98.095829 0.0106834181558634 0.011840 254.902494 -1197911.384096 30.527815 125.603263 -22.962790 1474.325576 -8.124 -8.124 2.899473 3.217087 0.693 0 0.000
17001.00 1423.69 98.028111 0.0106926346555474 0.011853 254.706808 -1197448.507067 30.509123 125.524477 -22.955758 1473.278874 -8.108 -8.108 2.898634 3.216847 0.699 0 0.000
16901.00 1423.20 97.959528 0.0107020813435356 0.011866 254.508704 -1196975.067440 30.490163 125.444596 -22.948532 1472.219759 -8.092 -8.092 2.897799 3.216607 0.705 0 0.000
16801.00 1422.71 97.890057 0.0107117659197735 0.011879 254.308125 -1196490.811403 30.470928 125.363593 -22.941106 1471.147945 -8.075 -8.075 2.896967 3.216366 0.712 0 0.000
16701.00 1422.22 97.819679 0.0107216963846328 0.011892 254.105011 -1195995.476912 30.451412 125.281442 -22.933476 1470.063134 -8.059 -8.059 2.896137 3.216125 0.718 0 0.000
16601.00 1421.72 97.748370 0.0107318810523518 0.011906 253.899301 -1195488.793385 30.431607 125.198114 -22.925638 1468.965021 -8.043 -8.043 2.895310 3.215884 0.725 0 0.000
16501.00 1421.22 97.676107 0.0107423285621468 0.011920 253.690931 -1194970.481374 30.411506 125.113580 -22.917587 1467.853289 -8.027 -8.027 2.894485 3.215642 0.731 0 0.000
16401.00 1420.72 97.602867 0.0107530478917643 0.011934 253.479837 -1194440.252234 30.391102 125.027811 -22.909319 1466.727614 -8.010 -8.010 2.893662 3.215400 0.738 0 0.000
16301.00 1420.21 97.528625 0.0107640483832421 0.011949 253.265950 -1193897.807779 30.370388 124.940777 -22.900829 1465.587658 -7.994 -7.994 2.892842 3.215158 0.744 0 0.000
16201.00 1419.70 97.453355 0.0107753397236685 0.011964 253.049201 -1193342.839907 30.349355 124.852445 -22.892111 1464.433076 -7.978 -7.978 2.892023 3.214915 0.751 0 0.000
16101.00 1419.18 97.377033 0.0107869320055967 0.011979 252.829517 -1192775.030248 30.327995 124.762783 -22.883161 1463.263508 -7.962 -7.962 2.891206 3.214672 0.757 0 0.000
16001.00 1418.67 97.299630 0.0107988357075574 0.011995 252.606826 -1192194.049757 30.306300 124.671756 -22.873973 1462.078584 -7.946 -7.946 2.890391 3.214428 0.764 0 0.000
15901.00 1418.15 97.221118 0.0108110617236265 0.012011 252.381048 -1191599.558321 30.284262 124.579331 -22.864542 1460.877924 -7.930 -7.930 2.889576 3.214184 0.770 0 0.000
15801.00 1417.62 97.141469 0.0108236213767023 0.012027 252.152107 -1190991.204339 30.261870 124.485470 -22.854861 1459.661132 -7.915 -7.915 2.888763 3.213940 0.777 0 0.000
15701.00 1417.09 97.060653 0.0108365264347207 0.012044 251.919918 -1190368.624294 30.239117 124.390137 -22.844927 1458.427800 -7.899 -7.899 2.887950 3.213695 0.783 0 0.000
15601.00 1416.56 96.978639 0.0108497891269050 0.012061 251.684398 -1189731.442305 30.215993 124.293293 -22.834731 1457.177509 -7.883 -7.883 2.887138 3.213449 0.790 0 0.000
15501.00 1416.02 96.895395 0.0108634221615389 0.012079 251.445459 -1189079.269668 30.192487 124.194897 -22.824268 1455.909823 -7.868 -7.868 2.886325 3.213204 0.797 0 0.000
15401.00 1415.48 96.810889 0.0108774387344421 0.012097 251.203010 -1188411.704383 30.168589 124.094909 -22.813533 1454.624292 -7.852 -7.852 2.885513 3.212957 0.803 0 0.000
15301.00 1414.93 96.725085 0.0108918525658547 0.012115 250.956958 -1187728.330668 30.144289 123.993286 -22.802517 1453.320453 -7.837 -7.837 2.884700 3.212711 0.810 0 0.000
15201.00 1414.38 96.637949 0.0109066778894248 0.012134 250.707206 -1187028.718446 30.119576 123.889984 -22.791214 1451.997825 -7.822 -7.822 2.883886 3.212463 0.817 0 0.000
15101.00 1413.83 96.549445 0.0109219294888151 0.012154 250.453654 -1186312.422843 30.094438 123.784956 -22.779618 1450.655913 -7.807 -7.807 2.883071 3.212216 0.824 0 0.000
15001.00 1413.27 96.459534 0.0109376227050066 0.012174 250.196199 -1185578.983653 30.068865 123.678157 -22.767721 1449.294204 -7.792 -7.792 2.882254 3.211968 0.830 0 0.000
14901.00 1412.71 96.368178 0.0109537734527093 0.012194 249.934734 -1184827.924798 30.042843 123.569537 -22.755516 1447.912167 -7.777 -7.777 2.881435 3.211719 0.837 0 0.000
14801.00 1412.14 96.275336 0.0109703982342562 0.012215 249.669149 -1184058.753779 30.016360 123.459046 -22.742994 1446.509255 -7.763 -7.763 2.880614 3.211470 0.844 0 0.000
14701.00 1411.56 96.180967 0.0109875141526428 0.012237 249.399329 -1183270.961116 29.989404 123.346631 -22.730148 1445.084902 -7.748 -7.748 2.879790 3.211221 0.851 0 0.000
14601.00 1410.98 96.085027 0.0110051389232960 0.012259 249.125156 -1182464.019779 29.961960 123.232238 -22.716970 1443.638523 -7.734 -7.734 2.878963 3.210971 0.858 0 0.000
14501.00 1410.40 95.987473 0.0110232908835397 0.012281 248.846510 -1181637.384619 29.934016 123.115812 -22.703452 1442.169512 -7.720 -7.720 2.878132 3.210720 0.865 0 0.000
14401.00 1409.81 95.888258 0.0110419890009430 0.012305 248.563263 -1180790.491787 29.905557 122.997295 -22.689583 1440.677244 -7.706 -7.706 2.877297 3.210469 0.872 0 0.000
14301.00 1409.21 95.787334 0.0110612528802472 0.012329 248.275286 -1179922.758163 29.876568 122.876628 -22.675356 1439.161073 -7.693 -7.693 2.876458 3.210217 0.879 0 0.000
14201.00 1408.61 95.684652 0.0110811027549332 0.012354 247.982444 -1179033.580774 29.847034 122.753748 -22.660761 1437.620330 -7.679 -7.679 2.875613 3.209965 0.886 0 0.000
14101.00 1408.00 95.580163 0.0111015595148687 0.012379 247.684599 -1178122.336242 29.816939 122.628592 -22.645788 1436.054327 -7.666 -7.666 2.874762 3.209712 0.893 0 0.000
14001.00 1407.39 95.473812 0.0111226446639717 0.012405 247.381607 -1177188.380207 29.786266 122.501094 -22.630427 1434.462349 -7.653 -7.653 2.873906 3.209459 0.901 0 0.000
13901.00 1406.77 95.365546 0.0111443803395106 0.012432 247.073320 -1176231.046803 29.755000 122.371187 -22.614669 1432.843660 -7.640 -7.640 2.873042 3.209205 0.908 0 0.000
13801.00 1406.14 95.255309 0.0111667892909620 0.012460 246.759587 -1175249.648130 29.723123 122.238799 -22.598502 1431.197501 -7.628 -7.628 2.872171 3.208951 0.915 0 0.000
13701.00 1405.51 95.143044 0.0111898948531913 0.012488 246.440248 -1174243.473762 29.690617 122.103858 -22.581916 1429.523085 -7.616 -7.616 2.871291 3.208696 0.923 0 0.000
13601.00 1404.87 95.028690 0.0112137209348805 0.012518 246.115143 -1173211.790289 29.657463 121.966290 -22.564898 1427.819604 -7.604 -7.604 2.870403 3.208440 0.930 0 0.000
13501.00 1404.22 94.912187 0.0112382919768825 0.012548 245.784104 -1172153.840897 29.623642 121.826017 -22.547438 1426.086222 -7.593 -7.593 2.869506 3.208184 0.938 0 0.000
13401.00 1403.56 94.793470 0.0112636329168541 0.012579 245.446958 -1171068.844998 29.589135 121.682960 -22.529524 1424.322077 -7.581 -7.581 2.868598 3.207927 0.946 0 0.000
13301.00 1402.90 94.672476 0.0112897691411624 0.012611 245.103529 -1169955.997915 29.553922 121.537036 -22.511143 1422.526281 -7.570 -7.570 2.867679 3.207669 0.953 0 0.000
13201.00 1402.23 94.549137 0.0113167264350710 0.012645 244.753635 -1168814.470643 29.517982 121.388162 -22.492282 1420.697922 -7.560 -7.560 2.866749 3.207410 0.961 0 0.000
13101.00 1401.55 94.423384 0.0113445308999827 0.012679 244.397087 -1167643.409672 29.481294 121.236250 -22.472928 1418.836058 -7.550 -7.550 2.865806 3.207151 0.969 0 0.000
13001.00 1400.86 94.295147 0.0113732088990077 0.012714 244.033694 -1166441.936923 29.443835 121.081211 -22.453067 1416.939720 -7.540 -7.540 2.864849 3.206892 0.977 0 0.000
12901.00 1400.17 94.164352 0.0114027869594829 0.012750 243.663258 -1165209.149756 29.405583 120.922953 -22.432686 1415.007917 -7.530 -7.530 2.863879 3.206631 0.985 0 0.000
12801.00 1399.46 94.030925 0.0114332916538578 0.012787 243.285578 -1163944.121109 29.366516 120.761382 -22.411770 1413.039625 -7.521 -7.521 2.862893 3.206370 0.993 0 0.000
12701.00 1398.75 93.894790 0.0114647495165014 0.012826 242.900445 -1162645.899785 29.326609 120.596401 -22.390305 1411.033800 -7.513 -7.513 2.861891 3.206108 1.001 0 0.000
12601.00 1398.02 93.755869 0.0114971868816319 0.012866 242.507648 -1161313.510843 29.285838 120.427911 -22.368275 1408.989368 -7.504 -7.504 2.860872 3.205845 1.010 0 0.000
12501.00 1397.29 93.614081 0.0115306297413843 0.012907 242.106972 -1159945.956194 29.244179 120.255811 -22.345664 1406.905231 -7.497 -7.497 2.859835 3.205581 1.018 0 0.000
12401.00 1396.54 93.469345 0.0115651035641975 0.012949 241.698194 -1158542.215364 29.201606 120.079998 -22.322458 1404.780270 -7.489 -7.489 2.858779 3.205316 1.027 0 0.000
12301.00 1395.79 93.321578 0.0116006330925417 0.012992 241.281091 -1157101.246484 29.158093 119.900365 -22.298638 1402.613339 -7.482 -7.482 2.857703 3.205051 1.036 0 0.000
12201.00 1395.02 93.170695 0.0116372421022331 0.013037 240.855435 -1155621.987510 29.113615 119.716806 -22.274189 1400.403274 -7.476 -7.476 2.856606 3.204784 1.045 0 0.000
12101.00 1394.25 93.016612 0.0116749531257438 0.013083 240.420994 -1154103.357736 29.068145 119.529210 -22.249093 1398.148891 -7.470 -7.470 2.855486 3.204517 1.054 0 0.000
12001.00 1393.46 92.859239 0.0117137871342567 0.013131 239.977533 -1152544.259617 29.021655 119.337467 -22.223333 1395.848988 -7.465 -7.465 2.854343 3.204248 1.063 0 0.000
11901.00 1392.66 92.698491 0.0117537631499603 0.013180 239.524816 -1150943.580961 28.974119 119.141465 -22.196892 1393.502349 -7.460 -7.460 2.853175 3.203978 1.072 0 0.000
11801.00 1391.85 92.534278 0.0117948978155071 0.013230 239.062605 -1149300.197561 28.925510 118.941089 -22.169749 1391.107747 -7.455 -7.455 2.851981 3.203708 1.082 0 0.000
11701.00 1391.02 92.366510 0.0118372048722069 0.013282 238.590661 -1147612.976306 28.875799 118.736227 -22.141888 1388.663947 -7.451 -7.451 2.850760 3.203436 1.092 0 0.000
11601.00 1390.19 92.195100 0.0118806945620468 0.013336 238.108745 -1145880.778869 28.824958 118.526762 -22.113289 1386.169712 -7.448 -7.448 2.849511 3.203163 1.101 0 0.000
11501.00 1389.34 92.019958 0.0119253729319997 0.013390 237.616618 -1144102.466056 28.772961 118.312581 -22.083932 1383.623803 -7.446 -7.446 2.848232 3.202889 1.111 0 0.000
11401.00 1388.47 91.840996 0.0119712410335616 0.013447 237.114046 -1142276.902907 28.719779 118.093570 -22.053798 1381.024994 -7.443 -7.443 2.846923 3.202614 1.122 0 0.000
11301.00 1387.59 91.658126 0.0120182940049267 0.013505 236.600796 -1140402.964664 28.665386 117.869616 -22.022868 1378.372067 -7.442 -7.442 2.845581 3.202337 1.132 0 0.000
11201.00 1386.70 91.471264 0.0120665200407198 0.013564 236.076643 -1138479.543717 28.609755 117.640607 -21.991121 1375.663832 -7.441 -7.441 2.844207 3.202059 1.143 0 0.000
11101.00 1385.79 91.280328 0.0121158992175390 0.013625 235.541366 -1136505.557642 28.552860 117.406437 -21.958536 1372.899127 -7.441 -7.441 2.842797 3.201780 1.154 0 0.000
11001.00 1384.87 91.085237 0.0121664022290707 0.013687 234.994755 -1134479.958475 28.494675 117.167000 -21.925093 1370.076830 -7.441 -7.441 2.841352 3.201500 1.165 0 0.000
10901.00 1383.93 90.885917 0.0122179889501886 0.013751 234.436614 -1132401.743296 28.435178 116.922198 -21.890772 1367.195876 -7.442 -7.442 2.839869 3.201218 1.176 0 0.000
10801.00 1382.98 90.682296 0.0122706069576312 0.013816 233.866758 -1130269.966291 28.374346 116.671936 -21.855552 1364.255264 -7.444 -7.444 2.838349 3.200935 1.187 0 0.000
10701.00 1382.01 90.474313 0.0123241899263058 0.013883 233.285021 -1128083.752320 28.312158 116.416129 -21.819412 1361.254074 -7.446 -7.446 2.836789 3.200651 1.199 0 0.000
10601.00 1381.02 90.261909 0.0123786559534046 0.013951 232.691259 -1125842.312087 28.248597 116.154699 -21.782332 1358.191486 -7.449 -7.449 2.835189 3.200365 1.211 0 0.000
10501.00 1380.02 90.045038 0.0124339059638970 0.014020 232.085352 -1123544.958964 28.183646 115.887579 -21.744292 1355.066793 -7.452 -7.452 2.833547 3.200078 1.224 0 0.000
10401.00 1379.00 89.823664 0.0124898220426882 0.014090 231.467209 -1121191.127348 28.117294 115.614717 -21.705272 1351.879428 -7.457 -7.457 2.831863 3.199790 1.236 0 0.000
10301.00 1377.97 89.597760 0.0125462659440443 0.014161 230.836773 -1118780.392591 28.049531 115.336072 -21.665253 1348.628981 -7.461 -7.461 2.830137 3.199500 1.249 0 0.000
10201.00 1376.92 89.367315 0.0126030778007782 0.014232 230.194025 -1116312.492264 27.980353 115.051623 -21.624218 1345.315225 -7.467 -7.467 2.828366 3.199209 1.262 0 0.000
10101.00 1375.85 89.132335 0.0126600750830099 0.014304 229.538990 -1113787.348507 27.909759 114.761365 -21.582150 1341.938138 -7.473 -7.473 2.826551 3.198917 1.275 0 0.000
10001.00 1374.76 88.892842 0.0127170519630875 0.014376 228.871738 -1111205.091156 27.837756 114.465317 -21.539033 1338.497933 -7.480 -7.480 2.824691 3.198623 1.289 0 0.000
9901.00 1373.66 88.648876 0.0127737791660950 0.014449 228.192397 -1108566.081161 27.764354 114.163520 -21.494856 1334.995080 -7.487 -7.487 2.822786 3.198329 1.303 0 0.000
9801.00 1372.54 88.400500 0.0128300044207710 0.014521 227.501151 -1105870.933756 27.689570 113.856044 -21.449607 1331.430335 -7.495 -7.495 2.820837 3.198033 1.317 0 0.000
9701.00 1371.40 88.147799 0.0128854536076251 0.014592 226.798247 -1103120.540694 27.613430 113.542984 -21.403280 1327.804764 -7.504 -7.504 2.818842 3.197736 1.332 0 0.000
9601.00 1370.25 87.890883 0.0129398326717668 0.014663 226.083998 -1100316.090802 27.535966 113.224468 -21.355871 1324.119767 -7.513 -7.513 2.816803 3.197439 1.347 0 0.000
9501.00 1369.09 87.629889 0.0129928304070272 0.014732 225.358792 -1097459.088021 27.457217 112.900656 -21.307380 1320.377100 -7.523 -7.523 2.814719 3.197140 1.362 0 0.000
9401.00 1367.91 87.364978 0.0130441219981041 0.014800 224.623087 -1094551.366030 27.377231 112.571743 -21.257812 1316.578890 -7.533 -7.533 2.812593 3.196841 1.377 0 0.000
9301.00 1366.71 87.096342 0.0130933734922631 0.014866 223.877419 -1091595.098678 27.296066 112.237957 -21.207177 1312.727651 -7.544 -7.544 2.810423 3.196542 1.393 0 0.000
9201.00 1365.51 86.824199 0.0131402468732712 0.014929 223.122400 -1088592.805279 27.213788 111.899563 -21.155494 1308.826291 -7.555 -7.555 2.808213 3.196242 1.409 0 0.000
9101.00 1364.29 86.548796 0.0131844057786216 0.014989 222.358718 -1085547.350230 27.130469 111.556863 -21.102783 1304.878108 -7.566 -7.566 2.805963 3.195941 1.425 0 0.000
9001.00 1363.06 86.270405 0.0132255216074456 0.015047 221.587134 -1082461.936349 27.046194 111.210193 -21.049075 1300.886790 -7.578 -7.578 2.803675 3.195641 1.441 0 0.000
8901.00 1361.81 85.989328 0.0132632796856670 0.015100 220.808480 -1079340.091658 26.961053 110.859921 -20.994408 1296.856399 -7.591 -7.591 2.801351 3.195340 1.458 0 0.000
8801.00 1360.57 85.705886 0.0132973853684344 0.015150 220.023653 -1076185.649660 26.875144 110.506450 -20.938826 1292.791346 -7.603 -7.603 2.798992 3.195039 1.475 0 0.000
8701.00 1359.31 85.420426 0.0133275696587712 0.015196 219.233611 -1073002.723342 26.788573 110.150210 -20.882382 1288.696367 -7.616 -7.616 2.796601 3.194739 1.492 0 0.000
8601.00 1358.04 85.133312 0.0133535941912514 0.015237 218.439360 -1069795.673549 26.701451 109.791657 -20.825134 1284.576483 -7.629 -7.629 2.794180 3.194439 1.510 0 0.000
8501.00 1356.78 84.844926 0.0133752552349575 0.015274 217.641950 -1066569.072531 26.613895 109.431268 -20.767151 1280.436960 -7.643 -7.643 2.791732 3.194140 1.527 0 0.000
8401.00 1355.51 84.555660 0.0133923866606247 0.015305 216.842466 -1063327.663830 26.526026 109.069540 -20.708506 1276.283260 -7.656 -7.656 2.789259 3.193841 1.545 0 0.000
8301.00 1354.23 84.265917 0.0134048616516489 0.015332 216.042015 -1060076.319696 26.437968 108.706980 -20.649278 1272.120994 -7.670 -7.670 2.786763 3.193543 1.563 0 0.000
8201.00 1352.96 83.976105 0.0134125933317982 0.015353 215.241718 -1056819.997422 26.349847 108.344106 -20.589554 1267.955866 -7.683 -7.683 2.784247 3.193247 1.581 0 0.000
8101.00 1351.69 83.686634 0.0134155341182394 0.015368 214.442700 -1053563.695803 26.261790 107.981438 -20.529422 1263.793624 -7.697 -7.697 2.781713 3.192951 1.599 0 0.000
8001.00 1350.42 83.397912 0.0134136741810327 0.015379 213.646079 -1050312.413041 26.173924 107.619498 -20.468975 1259.640008 -7.710 -7.710 2.779164 3.192657 1.617 0 0.000
7901.00 1349.15 83.110344 0.0134070390953876 0.015384 212.852961 -1047071.107059 26.086373 107.258801 -20.408311 1255.500705 -7.724 -7.724 2.776602 3.192364 1.635 0 0.000
7801.00 1347.89 82.824323 0.0133956868335918 0.015383 212.064427 -1043844.658997 25.999262 106.899855 -20.347526 1251.381299 -7.738 -7.738 2.774029 3.192072 1.654 0 0.000
7701.00 1346.64 82.540237 0.0133797045670177 0.015378 211.281528 -1040637.840555 25.912710 106.543153 -20.286718 1247.287238 -7.751 -7.751 2.771447 3.191782 1.672 0 0.000
7601.00 1345.39 82.258457 0.0133592052120384 0.015367 210.505283 -1037455.285293 25.826834 106.189177 -20.225987 1243.223797 -7.764 -7.764 2.768859 3.191494 1.691 0 0.000
7501.00 1344.16 81.979343 0.0133343242003031 0.015351 209.736665 -1034301.464084 25.741747 105.838389 -20.165428 1239.196049 -7.778 -7.778 2.766266 3.191208 1.709 0 0.000
7401.00 1343.34 81.703236 0.0121333624198663 0.013983 208.976604 -1031180.648520 25.652515 105.463417 -19.987741 1234.348597 -7.777 -7.777 2.763683 3.190974 1.725 0 0.000
7301.00 1342.76 81.527173 0.0114349113833851 0.013191 208.491956 -1029281.335145 25.596402 105.227294 -19.885968 1231.309471 -7.768 -7.768 2.761097 3.190771 1.739 0 0.000
7201.00 1342.19 81.409007 0.0114345186807265 0.013202 208.166628 -1028089.359943 25.561217 105.081014 -19.869284 1229.613468 -7.759 -7.759 2.758500 3.190568 1.753 0 0.000
7101.00 1341.61 81.291045 0.0114346483332409 0.013214 207.841805 -1026898.482273 25.526089 104.934874 -19.852758 1227.922127 -7.749 -7.749 2.755890 3.190367 1.767 0 0.000
7001.00 1341.04 81.173243 0.0114352960718927 0.013226 207.517366 -1025708.175767 25.491002 104.788817 -19.836380 1226.234795 -7.739 -7.739 2.753269 3.190166 1.781 0 0.000
6901.00 1340.46 81.055558 0.0114364558250044 0.013239 207.193194 -1024517.920153 25.455943 104.642788 -19.820140 1224.550829 -7.728 -7.728 2.750636 3.189967 1.795 0 0.000
6801.00 1339.89 80.937950 0.0114381196292583 0.013253 206.869172 -1023327.203060 25.420901 104.496732 -19.804028 1222.869594 -7.718 -7.718 2.747992 3.189768 1.809 0 0.000
6701.00 1339.32 80.820375 0.0114402775371626 0.013267 206.545184 -1022135.521909 25.385861 104.350596 -19.788032 1221.190467 -7.707 -7.707 2.745335 3.189570 1.823 0 0.000
6601.00 1338.74 80.702796 0.0114429175569174 0.013282 206.221121 -1020942.385896 25.350811 104.204327 -19.772144 1219.512838 -7.696 -7.696 2.742667 3.189374 1.837 0 0.000
6501.00 1338.17 80.585172 0.0114460254439997 0.013298 205.896874 -1019747.318024 25.315739 104.057875 -19.756352 1217.836114 -7.685 -7.685 2.739987 3.189178 1.852 0 0.000
6401.00 1337.59 80.467467 0.0114495846089253 0.013314 205.572339 -1018549.857337 25.280633 103.911190 -19.740646 1216.159716 -7.673 -7.673 2.737295 3.188982 1.866 0 0.000
6301.00 1337.02 80.349644 0.0114535759231889 0.013331 205.247417 -1017349.561239 25.245482 103.764224 -19.725015 1214.483088 -7.662 -7.662 2.734592 3.188788 1.880 0 0.000
6201.00 1336.44 80.231670 0.0114579775380501 0.013348 204.922011 -1016146.008002 25.210276 103.616933 -19.709449 1212.805694 -7.650 -7.650 2.731877 3.188595 1.894 0 0.000
6101.00 1335.87 80.113513 0.0114627646872765 0.013366 204.596035 -1014938.799435 25.175003 103.469273 -19.693938 1211.127024 -7.638 -7.638 2.729150 3.188403 1.909 0 0.000
6001.00 1335.29 79.995142 0.0114679094822567 0.013384 204.269403 -1013727.563754 25.139654 103.321205 -19.678470 1209.446595 -7.627 -7.627 2.726412 3.188211 1.923 0 0.000
5901.00 1334.71 79.876530 0.0114733807039493 0.013403 203.942039 -1012511.958626 25.104222 103.172691 -19.663037 1207.763953 -7.615 -7.615 2.723662 3.188021 1.938 0 0.000
5801.00 1334.13 79.757653 0.0114791436023871 0.013423 203.613875 -1011291.674418 25.068697 103.023698 -19.647627 1206.078678 -7.603 -7.603 2.720901 3.187831 1.952 0 0.000
5701.00 1333.55 79.638488 0.0114851596954619 0.013442 203.284850 -1010066.437627 25.033073 102.874195 -19.632230 1204.390386 -7.591 -7.591 2.718129 3.187642 1.966 0 0.000
5601.00 1332.97 79.519017 0.0114913866222614 0.013462 202.954912 -1008836.014488 24.997343 102.724158 -19.616836 1202.698735 -7.579 -7.579 2.715346 3.187454 1.981 0 0.000
5501.00 1332.39 79.399226 0.0114977779522432 0.013483 202.624018 -1007600.214712 24.961504 102.573564 -19.601436 1201.003425 -7.568 -7.568 2.712552 3.187268 1.995 0 0.000
5401.00 1331.80 79.279102 0.0115042831573726 0.013503 202.292138 -1006358.895389 24.925550 102.422397 -19.586019 1199.304202 -7.556 -7.556 2.709748 3.187082 2.010 0 0.000
5301.00 1331.21 79.158639 0.0115108474971036 0.013524 201.959251 -1005111.964896 24.889479 102.270647 -19.570577 1197.600867 -7.545 -7.545 2.706933 3.186897 2.024 0 0.000
5201.00 1330.63 79.037835 0.0115174121199420 0.013545 201.625350 -1003859.386896 24.853291 102.118307 -19.555099 1195.893275 -7.534 -7.534 2.704109 3.186713 2.039 0 0.000
5101.00 1330.04 78.916690 0.0115239141075287 0.013566 201.290442 -1002601.184201 24.816986 101.965379 -19.539579 1194.181339 -7.523 -7.523 2.701275 3.186530 2.053 0 0.000
5001.00 1329.45 78.795213 0.0115302867361424 0.013587 200.954544 -1001337.442574 24.780565 101.811870 -19.524007 1192.465037 -7.513 -7.513 2.698431 3.186347 2.067 0 0.000
4901.00 1328.85 78.673416 0.0115364597878746 0.013607 200.617692 -1000068.314238 24.744032 101.657795 -19.508376 1190.744414 -7.503 -7.503 2.695579 3.186166 2.082 0 0.000
4801.00 1328.26 78.551316 0.0115423600056603 0.013628 200.279935 -998794.021045 24.707392 101.503175 -19.492680 1189.019587 -7.493 -7.493 2.692717 3.185986 2.096 0 0.000
4701.00 1327.66 78.428938 0.0115479117027419 0.013648 199.941339 -997514.857173 24.670652 101.348039 -19.476911 1187.290743 -7.483 -7.483 2.689848 3.185807 2.111 0 0.000
4601.00 1327.07 78.306311 0.0115530374941118 0.013668 199.601986 -996231.191193 24.633822 101.192425 -19.461065 1185.558150 -7.475 -7.475 2.686971 3.185628 2.125 0 0.000
4501.00 1326.47 78.183470 0.0115576591919926 0.013687 199.261975 -994943.467390 24.596911 101.036378 -19.445138 1183.822152 -7.466 -7.466 2.684087 3.185451 2.139 0 0.000
4401.00 1325.87 78.060456 0.0115616988635764 0.013706 198.921420 -993652.206181 24.559933 100.879950 -19.429127 1182.083172 -7.458 -7.458 2.681197 3.185275 2.153 0 0.000
4301.00 1325.27 77.937318 0.0115650799809958 0.013723 198.580455 -992358.003475 24.522901 100.723204 -19.413030 1180.341713 -7.451 -7.451 2.678300 3.185099 2.168 0 0.000
4201.00 1324.67 77.814108 0.0115677287448633 0.013741 198.239225 -991061.528898 24.485833 100.566207 -19.396847 1178.598359 -7.444 -7.444 2.675399 3.184925 2.182 0 0.000
4101.00 1324.07 77.690884 0.0115695754556031 0.013757 197.897896 -989763.522705 24.448745 100.409038 -19.380580 1176.853766 -7.438 -7.438 2.672492 3.184751 2.196 0 0.000
4001.00 1323.47 77.461413 0.0101906328369978 0.012133 197.262131 -987132.971130 24.371733 100.085725 -19.171478 1172.765466 -7.432 -7.432 2.669592 3.184578 2.210 0 0.000
3901.00 1322.87 77.446497 0.0115715211055683 0.013787 197.220799 -987189.732515 24.375180 100.097058 -19.348378 1173.388015 -7.428 -7.428 2.666677 3.184407 2.224 0 0.000
3801.00 1322.27 77.323559 0.0115705516964944 0.013800 196.880078 -985891.285159 24.338136 99.939797 -19.331863 1171.643341 -7.424 -7.424 2.663760 3.184236 2.237 0 0.000
3701.00 1321.67 77.200891 0.0115685756563439 0.013812 196.540049 -984594.919297 24.301161 99.782739 -19.315290 1169.900789 -7.421 -7.421 2.660842 3.184066 2.251 0 0.000
3601.00 1321.06 77.078573 0.0115655646235856 0.013823 196.200930 -983301.629807 24.264280 99.625990 -19.298668 1168.161309 -7.419 -7.419 2.657923 3.183898 2.264 0 0.000
3501.00 1320.46 76.956682 0.0115615022667043 0.013832 195.862943 -982012.435705 24.227517 99.469656 -19.282010 1166.425884 -7.418 -7.418 2.655004 3.183730 2.278 0 0.000
3401.00 1319.86 76.835300 0.0115563850621615 0.013840 195.526313 -980728.368216 24.190898 99.313846 -19.265332 1164.695515 -7.418 -7.418 2.652087 3.183563 2.291 0 0.000
3301.00 1319.26 76.714507 0.0115502228095981 0.013847 195.191263 -979450.458153 24.154447 99.158668 -19.248648 1162.971215 -7.418 -7.418 2.649171 3.183397 2.304 0 0.000
3201.00 1318.67 76.594381 0.0115430388511739 0.013853 194.858014 -978179.722875 24.118190 99.004232 -19.231978 1161.253988 -7.420 -7.420 2.646259 3.183232 2.317 0 0.000
3101.00 1318.07 76.474999 0.0115348699971572 0.013857 194.526779 -976917.153124 24.082152 98.850641 -19.215339 1159.544820 -7.422 -7.422 2.643350 3.183067 2.329 0 0.000
3001.00 1317.48 76.356435 0.0115257661496313 0.013861 194.197765 -975663.700019 24.046354 98.697998 -19.198752 1157.844666 -7.426 -7.426 2.640446 3.182904 2.342 0 0.000
2901.00 1316.89 76.238756 0.0115157896602901 0.013863 193.871164 -974420.262499 24.010820 98.546399 -19.182238 1156.154432 -7.430 -7.430 2.637547 3.182742 2.354 0 0.000
2801.00 1316.30 76.122027 0.0115050144454772 0.013865 193.547155 -973187.675480 23.975569 98.395932 -19.165819 1154.474964 -7.436 -7.436 2.634655 3.182580 2.366 0 0.000
2701.00 1315.71 76.006305 0.0114935249128060 0.013865 193.225899 -971966.698953 23.940620 98.246679 -19.149515 1152.807039 -7.442 -7.442 2.631771 3.182419 2.377 0 0.000
2601.00 1315.13 75.891641 0.0114814147382111 0.013865 192.907539 -970758.008189 23.905990 98.098715 -19.133350 1151.151349 -7.450 -7.450 2.628894 3.182259 2.389 0 0.000
2501.00 1314.55 75.778078 0.0114687855790829 0.013864 192.592198 -969562.185199 23.871693 97.952101 -19.117344 1149.508497 -7.459 -7.459 2.626027 3.182100 2.400 0 0.000
2401.00 1313.97 75.665652 0.0114557457530647 0.013862 192.279975 -968379.711495 23.837741 97.806892 -19.101516 1147.878983 -7.468 -7.468 2.623170 3.181941 2.410 0 0.000
2301.00 1313.40 75.554389 0.0114424089583875 0.013860 191.970946 -967210.962169 23.804141 97.663127 -19.085888 1146.263201 -7.479 -7.479 2.620324 3.181784 2.421 0 0.000
2201.00 1312.83 75.444308 0.0114288930986452 0.013858 191.665164 -966056.201256 23.770902 97.520838 -19.070476 1144.661431 -7.491 -7.491 2.617489 3.181627 2.431 0 0.000
2101.00 1312.26 75.335418 0.0114153192123587 0.013856 191.362653 -964915.578249 23.738025 97.380043 -19.055298 1143.073838 -7.504 -7.504 2.614667 3.181471 2.440 0 0.000
2001.00 1311.69 75.227717 0.0114018106192931 0.013853 191.063416 -963789.125671 23.705512 97.240746 -19.040368 1141.500464 -7.518 -7.518 2.611859 3.181316 2.449 0 0.000
1901.00 1311.13 75.121197 0.0113884922898724 0.013851 190.767427 -962676.757484 23.673361 97.102942 -19.025699 1139.941233 -7.534 -7.534 2.609064 3.181162 2.458 0 0.000
1801.00 1310.57 75.015838 0.0113754903681813 0.013849 190.474634 -961578.268110 23.641564 96.966610 -19.011303 1138.395940 -7.550 -7.550 2.606284 3.181008 2.466 0 0.000
1701.00 1310.01 74.911612 0.0113629320633988 0.013848 190.184959 -960493.331915 23.610115 96.831718 -18.997190 1136.864261 -7.568 -7.568 2.603520 3.180856 2.473 0 0.000
1601.00 1309.46 74.808481 0.0113509457401864 0.013847 189.898298 -959421.502808 23.579002 96.698222 -18.983365 1135.345743 -7.587 -7.587 2.600772 3.180704 2.481 0 0.000
1501.00 1308.90 74.706398 0.0113396613258039 0.013847 189.614522 -958362.213755 23.548210 96.566063 -18.969836 1133.839810 -7.607 -7.607 2.598041 3.180553 2.487 0 0.000
1401.00 1308.35 74.605306 0.0113292110183947 0.013848 189.333471 -957314.775908 23.517722 96.435172 -18.956604 1132.345757 -7.628 -7.628 2.595329 3.180404 2.493 0 0.000
1301.00 1307.81 74.505138 0.0113197302907858 0.013850 189.054963 -956278.377076 23.487517 96.305464 -18.943673 1130.862753 -7.651 -7.651 2.592635 3.180255 2.498 0 0.000
1201.00 1307.26 74.405818 0.0113113593126288 0.013853 188.778787 -955252.079252 23.457571 96.176843 -18.931041 1129.389835 -7.675 -7.675 2.589961 3.180107 2.503 0 0.000
1101.00 1306.71 74.307260 0.0113042446326174 0.013858 188.504702 -954234.814825 23.427859 96.049199 -18.918707 1127.925905 -7.700 -7.700 2.587308 3.179961 2.507 0 0.000
1001.00 1306.16 74.209366 0.0112985414077957 0.013864 188.232439 -953225.381219 23.398348 95.922406 -18.906669 1126.469728 -7.726 -7.726 2.584676 3.179815 2.511 0 0.000
901.00 1305.62 74.112029 0.0112944160461800 0.013872 187.961698 -952222.433487 23.369006 95.796326 -18.894921 1125.019918 -7.755 -7.755 2.582066 3.179671 2.513 0 0.000
801.00 1305.07 74.015128 0.0112920494753163 0.013882 187.692147 -951224.474458 23.339796 95.670804 -18.883459 1123.574932 -7.784 -7.784 2.579480 3.179529 2.515 0 0.000
701.00 1304.52 73.918531 0.0112916410619874 0.013895 187.423416 -950229.841901 23.310674 95.545665 -18.872276 1122.133057 -7.815 -7.815 2.576918 3.179388 2.516 0 0.000
601.00 1303.97 73.822090 0.0112934134670561 0.013910 187.155096 -949236.692106 23.281596 95.420720 -18.861367 1120.692392 -7.848 -7.848 2.574381 3.179248 2.516 0 0.000
501.00 1303.42 73.725643 0.0112976184912502 0.013928 186.886734 -948242.979034 23.252511 95.295756 -18.850724 1119.250824 -7.883 -7.883 2.571871 3.179111 2.515 0 0.000
401.00 1302.87 73.629009 0.0113045443470895 0.013949 186.617827 -947246.428179 23.223360 95.170536 -18.840344 1117.806005 -7.919 -7.919 2.569389 3.178975 2.513 0 0.000
301.00 1302.31 73.531987 0.0113145246161084 0.013974 186.347815 -946244.503829 23.194082 95.044797 -18.830221 1116.355314 -7.958 -7.958 2.566936 3.178842 2.511 0 0.000
201.00 1301.74 73.434351 0.0113279494546836 0.014003 186.076073 -945234.368254 23.164606 94.918245 -18.820353 1114.895818 -7.998 -7.998 2.564514 3.178711 2.507 0 0.000
101.00 1301.17 73.335849 0.0113452796827607 0.014037 185.801896 -944212.830782 23.134853 94.790550 -18.810741 1113.424213 -8.041 -8.041 2.562123 3.178582 2.502 0 0.000
1.00 1300.59 73.236195 0.0113670644026911 0.014076 185.524490 -943176.284228 23.104734 94.661336 -18.801464 1111.936128 -8.086 -8.086 2.559751 3.178457 2.496 0 0.000
