Title: Depleted MORB Mantle of Workmann & Hart 2005

System Thermodynamic Data:
Pressure Temperature mass F phi S H V Cp dVdP*10^6 dVdT*10^6 fO2(absolute) fO2(absolute) rhol rhos viscosity aH2O chisqr
44001.00 1521.36 100.138999 0.0000000000000000 0.000000 262.016059 -1136191.283495 30.386621 125.722681 -19.945598 1502.243927 -5.252 -5.252 0.000000 3.295496 0.000 0 0.000
43901.00 1521.12 100.138999 0.0000000000000000 0.000000 262.016059 -1136495.159582 30.388597 125.730159 -19.952887 1502.171222 -5.257 -5.257 0.000000 3.295282 0.000 0 0.000
43801.00 1520.89 100.138999 0.0000000000000000 0.000000 262.016059 -1136799.055443 30.390576 125.737637 -19.960183 1502.098735 -5.262 -5.262 0.000000 3.295068 0.000 0 0.000
43701.00 1520.65 100.138999 0.0000000000000000 0.000000 262.016059 -1137102.971106 30.392558 125.745117 -19.967486 1502.026469 -5.267 -5.267 0.000000 3.294853 0.000 0 0.000
43601.00 1520.41 100.138999 0.0000000000000000 0.000000 262.016059 -1137406.906604 30.394543 125.752598 -19.974796 1501.954425 -5.273 -5.273 0.000000 3.294637 0.000 0 0.000
43501.00 1520.17 100.138999 0.0000000000000000 0.000000 262.016059 -1137710.861967 30.396531 125.760081 -19.982114 1501.882606 -5.278 -5.278 0.000000 3.294422 0.000 0 0.000
43401.00 1519.94 100.138999 0.0000000000000000 0.000000 262.016059 -1138014.837226 30.398522 125.767564 -19.989438 1501.811014 -5.283 -5.283 0.000000 3.294206 0.000 0 0.000
43301.00 1519.70 100.138999 0.0000000000000000 0.000000 262.016059 -1138318.832413 30.400516 125.775050 -19.996769 1501.739651 -5.288 -5.288 0.000000 3.293990 0.000 0 0.000
43201.00 1519.46 100.138999 0.0000000000000000 0.000000 262.016059 -1138622.847558 30.402514 125.782537 -20.004108 1501.668519 -5.293 -5.293 0.000000 3.293774 0.000 0 0.000
43101.00 1519.22 100.138999 0.0000000000000000 0.000000 262.016059 -1138926.882695 30.404514 125.790025 -20.011455 1501.597621 -5.298 -5.298 0.000000 3.293557 0.000 0 0.000
43001.00 1518.99 100.138999 0.0000000000000000 0.000000 262.016059 -1139230.937855 30.406518 125.797515 -20.018808 1501.526958 -5.303 -5.303 0.000000 3.293340 0.000 0 0.000
42901.00 1518.75 100.138999 0.0000000000000000 0.000000 262.016059 -1139535.013070 30.408525 125.805006 -20.026169 1501.456534 -5.308 -5.308 0.000000 3.293122 0.000 0 0.000
42801.00 1518.51 100.138999 0.0000000000000000 0.000000 262.016059 -1139839.108374 30.410536 125.812499 -20.033538 1501.386350 -5.313 -5.313 0.000000 3.292905 0.000 0 0.000
42701.00 1518.27 100.138999 0.0000000000000000 0.000000 262.016059 -1140143.223799 30.412550 125.819994 -20.040915 1501.316408 -5.319 -5.319 0.000000 3.292687 0.000 0 0.000
42601.00 1518.04 100.138999 0.0000000000000000 0.000000 262.016059 -1140447.359378 30.414567 125.827491 -20.048299 1501.246712 -5.324 -5.324 0.000000 3.292468 0.000 0 0.000
42501.00 1517.80 100.138999 0.0000000000000000 0.000000 262.016059 -1140751.515146 30.416587 125.834989 -20.055691 1501.177264 -5.329 -5.329 0.000000 3.292250 0.000 0 0.000
42401.00 1517.56 100.138999 0.0000000000000000 0.000000 262.016059 -1141055.691135 30.418611 125.842489 -20.063091 1501.108065 -5.334 -5.334 0.000000 3.292031 0.000 0 0.000
42301.00 1517.32 100.138999 0.0000000000000000 0.000000 262.016059 -1141359.887380 30.420638 125.849991 -20.070498 1501.039119 -5.340 -5.340 0.000000 3.291811 0.000 0 0.000
42201.00 1517.08 100.138999 0.0000000000000000 0.000000 262.016059 -1141664.103914 30.422669 125.857494 -20.077914 1500.970429 -5.345 -5.345 0.000000 3.291591 0.000 0 0.000
42101.00 1516.85 100.138999 0.0000000000000000 0.000000 262.016059 -1141968.340774 30.424703 125.865000 -20.085338 1500.901997 -5.350 -5.350 0.000000 3.291371 0.000 0 0.000
42001.00 1516.61 100.138999 0.0000000000000000 0.000000 262.016059 -1142272.597993 30.426741 125.872508 -20.092771 1500.833825 -5.355 -5.355 0.000000 3.291151 0.000 0 0.000
41901.00 1516.37 100.138999 0.0000000000000000 0.000000 262.016059 -1142576.875608 30.428782 125.880017 -20.100211 1500.765916 -5.361 -5.361 0.000000 3.290930 0.000 0 0.000
41801.00 1516.13 100.138999 0.0000000000000000 0.000000 262.016059 -1142881.173652 30.430827 125.887529 -20.107660 1500.698273 -5.366 -5.366 0.000000 3.290709 0.000 0 0.000
41701.00 1515.89 100.138999 0.0000000000000000 0.000000 262.016059 -1143185.492163 30.432876 125.895043 -20.115118 1500.630899 -5.372 -5.372 0.000000 3.290488 0.000 0 0.000
41601.00 1515.65 100.138999 0.0000000000000000 0.000000 262.016059 -1143489.831177 30.434928 125.902559 -20.122584 1500.563796 -5.377 -5.377 0.000000 3.290266 0.000 0 0.000
41501.00 1515.42 100.138999 0.0000000000000000 0.000000 262.016059 -1143794.190729 30.436983 125.910077 -20.130058 1500.496968 -5.382 -5.382 0.000000 3.290043 0.000 0 0.000
41401.00 1515.18 100.138999 0.0000000000000000 0.000000 262.016059 -1144098.570857 30.439043 125.917598 -20.137542 1500.430417 -5.388 -5.388 0.000000 3.289821 0.000 0 0.000
41301.00 1514.94 100.138999 0.0000000000000000 0.000000 262.016059 -1144402.971598 30.441106 125.925120 -20.145034 1500.364147 -5.393 -5.393 0.000000 3.289598 0.000 0 0.000
41201.00 1514.70 100.138999 0.0000000000000000 0.000000 262.016059 -1144707.392990 30.443173 125.932645 -20.152535 1500.298159 -5.399 -5.399 0.000000 3.289375 0.000 0 0.000
41101.00 1514.46 100.138999 0.0000000000000000 0.000000 262.016059 -1145011.835069 30.445244 125.940173 -20.160045 1500.232459 -5.404 -5.404 0.000000 3.289151 0.000 0 0.000
41001.00 1514.22 100.138999 0.0000000000000000 0.000000 262.016059 -1145316.297875 30.447318 125.947703 -20.167565 1500.167047 -5.410 -5.410 0.000000 3.288927 0.000 0 0.000
40901.00 1513.98 100.138999 0.0000000000000000 0.000000 262.016059 -1145620.781446 30.449397 125.955236 -20.175093 1500.101928 -5.415 -5.415 0.000000 3.288702 0.000 0 0.000
40801.00 1513.74 100.138999 0.0000000000000000 0.000000 262.016059 -1145925.285821 30.451479 125.962771 -20.182631 1500.037105 -5.421 -5.421 0.000000 3.288477 0.000 0 0.000
40701.00 1513.50 100.138999 0.0000000000000000 0.000000 262.016059 -1146229.811038 30.453565 125.970309 -20.190179 1499.972582 -5.426 -5.426 0.000000 3.288252 0.000 0 0.000
40601.00 1513.26 100.138999 0.0000000000000000 0.000000 262.016059 -1146534.357138 30.455655 125.977849 -20.197735 1499.908360 -5.432 -5.432 0.000000 3.288026 0.000 0 0.000
40501.00 1513.02 100.138999 0.0000000000000000 0.000000 262.016059 -1146838.924161 30.457750 125.985392 -20.205302 1499.844444 -5.437 -5.437 0.000000 3.287800 0.000 0 0.000
40401.00 1512.78 100.138999 0.0000000000000000 0.000000 262.016059 -1147143.512147 30.459848 125.992938 -20.212878 1499.780838 -5.443 -5.443 0.000000 3.287574 0.000 0 0.000
40301.00 1512.54 100.138999 0.0000000000000000 0.000000 262.016059 -1147448.121136 30.461950 126.000487 -20.220464 1499.717544 -5.448 -5.448 0.000000 3.287347 0.000 0 0.000
40201.00 1512.30 100.138999 0.0000000000000000 0.000000 262.016059 -1147752.751170 30.464057 126.008039 -20.228060 1499.654567 -5.454 -5.454 0.000000 3.287120 0.000 0 0.000
40101.00 1512.06 100.138999 0.0000000000000000 0.000000 262.016059 -1148057.402291 30.466168 126.015594 -20.235667 1499.591909 -5.460 -5.460 0.000000 3.286892 0.000 0 0.000
40001.00 1511.82 100.138999 0.0000000000000000 0.000000 262.016059 -1148362.074540 30.468283 126.023152 -20.243283 1499.529575 -5.465 -5.465 0.000000 3.286664 0.000 0 0.000
39901.00 1511.58 100.138999 0.0000000000000000 0.000000 262.016059 -1148666.767960 30.470402 126.030713 -20.250910 1499.467568 -5.471 -5.471 0.000000 3.286435 0.000 0 0.000
39801.00 1511.34 100.138999 0.0000000000000000 0.000000 262.016059 -1148971.482593 30.472525 126.038277 -20.258547 1499.405893 -5.477 -5.477 0.000000 3.286206 0.000 0 0.000
39701.00 1511.10 100.138999 0.0000000000000000 0.000000 262.016059 -1149276.218483 30.474653 126.045845 -20.266194 1499.344552 -5.483 -5.483 0.000000 3.285977 0.000 0 0.000
39601.00 1510.86 100.138999 0.0000000000000000 0.000000 262.016059 -1149580.975673 30.476786 126.053416 -20.273853 1499.283550 -5.488 -5.488 0.000000 3.285747 0.000 0 0.000
39501.00 1510.62 100.138999 0.0000000000000000 0.000000 262.016059 -1149885.754207 30.478922 126.060990 -20.281522 1499.222890 -5.494 -5.494 0.000000 3.285516 0.000 0 0.000
39401.00 1510.38 100.138999 0.0000000000000000 0.000000 262.016059 -1150190.554131 30.481063 126.068568 -20.289202 1499.162578 -5.500 -5.500 0.000000 3.285286 0.000 0 0.000
39301.00 1510.14 100.138999 0.0000000000000000 0.000000 262.016059 -1150495.375489 30.483209 126.076149 -20.296893 1499.102617 -5.506 -5.506 0.000000 3.285054 0.000 0 0.000
39201.00 1509.90 100.138999 0.0000000000000000 0.000000 262.016059 -1150800.218326 30.485359 126.083734 -20.304595 1499.043011 -5.511 -5.511 0.000000 3.284823 0.000 0 0.000
39101.00 1509.66 100.138999 0.0000000000000000 0.000000 262.016059 -1151105.082688 30.487514 126.091323 -20.312308 1498.983764 -5.517 -5.517 0.000000 3.284591 0.000 0 0.000
39001.00 1509.42 100.138999 0.0000000000000000 0.000000 262.016059 -1151409.968622 30.489674 126.098915 -20.320033 1498.924882 -5.523 -5.523 0.000000 3.284358 0.000 0 0.000
38901.00 1509.17 100.138999 0.0000000000000000 0.000000 262.016059 -1151714.876175 30.491838 126.106511 -20.327769 1498.866368 -5.529 -5.529 0.000000 3.284125 0.000 0 0.000
38801.00 1508.93 100.138999 0.0000000000000000 0.000000 262.016059 -1152019.805395 30.494007 126.114111 -20.335517 1498.808226 -5.535 -5.535 0.000000 3.283891 0.000 0 0.000
38701.00 1508.69 100.138999 0.0000000000000000 0.000000 262.016059 -1152324.756328 30.496181 126.121715 -20.343277 1498.750462 -5.541 -5.541 0.000000 3.283657 0.000 0 0.000
38601.00 1508.45 100.138999 0.0000000000000000 0.000000 262.016059 -1152629.729023 30.498359 126.129323 -20.351049 1498.693081 -5.547 -5.547 0.000000 3.283422 0.000 0 0.000
38501.00 1508.21 100.138999 0.0000000000000000 0.000000 262.016059 -1152934.723530 30.500543 126.136936 -20.358833 1498.636086 -5.553 -5.553 0.000000 3.283187 0.000 0 0.000
38401.00 1507.97 100.138999 0.0000000000000000 0.000000 262.016059 -1153239.739898 30.502732 126.144552 -20.366630 1498.579483 -5.559 -5.559 0.000000 3.282952 0.000 0 0.000
38301.00 1507.72 100.138999 0.0000000000000000 0.000000 262.016059 -1153544.778177 30.504925 126.152173 -20.374438 1498.523276 -5.565 -5.565 0.000000 3.282716 0.000 0 0.000
38201.00 1507.48 100.138999 0.0000000000000000 0.000000 262.016059 -1153849.838417 30.507124 126.159798 -20.382259 1498.467472 -5.571 -5.571 0.000000 3.282479 0.000 0 0.000
38101.00 1507.24 100.138999 0.0000000000000000 0.000000 262.016059 -1154154.920671 30.509328 126.167428 -20.390093 1498.412074 -5.577 -5.577 0.000000 3.282242 0.000 0 0.000
38001.00 1507.00 100.138999 0.0000000000000000 0.000000 262.016059 -1154460.024988 30.511537 126.175063 -20.397940 1498.357088 -5.583 -5.583 0.000000 3.282004 0.000 0 0.000
37901.00 1506.75 100.138999 0.0000000000000000 0.000000 262.016059 -1154765.151422 30.513751 126.182702 -20.405800 1498.302520 -5.589 -5.589 0.000000 3.281766 0.000 0 0.000
37801.00 1506.51 100.138999 0.0000000000000000 0.000000 262.016059 -1155070.300026 30.515971 126.190346 -20.413673 1498.248375 -5.595 -5.595 0.000000 3.281528 0.000 0 0.000
37701.00 1506.27 100.138999 0.0000000000000000 0.000000 262.016059 -1155375.470853 30.518196 126.197995 -20.421560 1498.194658 -5.602 -5.602 0.000000 3.281288 0.000 0 0.000
37601.00 1506.02 100.138999 0.0000000000000000 0.000000 262.016059 -1155680.663958 30.520426 126.205648 -20.429460 1498.141375 -5.608 -5.608 0.000000 3.281049 0.000 0 0.000
37501.00 1505.78 100.138999 0.0000000000000000 0.000000 262.016059 -1155985.879394 30.522662 126.213307 -20.437373 1498.088532 -5.614 -5.614 0.000000 3.280808 0.000 0 0.000
37401.00 1505.54 100.138999 0.0000000000000000 0.000000 262.016059 -1156291.117218 30.524904 126.220971 -20.445301 1498.036134 -5.620 -5.620 0.000000 3.280567 0.000 0 0.000
37301.00 1505.29 100.138999 0.0000000000000000 0.000000 262.016059 -1156596.377485 30.527151 126.228641 -20.453243 1497.984188 -5.627 -5.627 0.000000 3.280326 0.000 0 0.000
37201.00 1505.05 100.138999 0.0000000000000000 0.000000 262.016059 -1156901.660253 30.529404 126.236316 -20.461198 1497.932700 -5.633 -5.633 0.000000 3.280084 0.000 0 0.000
37101.00 1504.81 100.138999 0.0000000000000000 0.000000 262.016059 -1157206.965578 30.531662 126.243996 -20.469169 1497.881676 -5.639 -5.639 0.000000 3.279841 0.000 0 0.000
37001.00 1504.56 100.138999 0.0000000000000000 0.000000 262.016059 -1157512.293519 30.533927 126.251682 -20.477154 1497.831121 -5.646 -5.646 0.000000 3.279598 0.000 0 0.000
36901.00 1504.32 100.138999 0.0000000000000000 0.000000 262.016059 -1157817.644135 30.536197 126.259373 -20.485153 1497.781044 -5.652 -5.652 0.000000 3.279354 0.000 0 0.000
36801.00 1504.07 100.138999 0.0000000000000000 0.000000 262.016059 -1158123.017484 30.538474 126.267071 -20.493168 1497.731449 -5.658 -5.658 0.000000 3.279110 0.000 0 0.000
36701.00 1503.83 100.138999 0.0000000000000000 0.000000 262.016059 -1158428.413628 30.540756 126.274774 -20.501198 1497.682345 -5.665 -5.665 0.000000 3.278864 0.000 0 0.000
36601.00 1503.58 100.138999 0.0000000000000000 0.000000 262.016059 -1158733.832627 30.543045 126.282484 -20.509243 1497.633737 -5.671 -5.671 0.000000 3.278619 0.000 0 0.000
36501.00 1503.34 100.138999 0.0000000000000000 0.000000 262.016059 -1159039.274543 30.545340 126.290200 -20.517304 1497.585632 -5.678 -5.678 0.000000 3.278372 0.000 0 0.000
36401.00 1503.09 100.138999 0.0000000000000000 0.000000 262.016059 -1159344.739438 30.547641 126.297922 -20.525380 1497.538039 -5.684 -5.684 0.000000 3.278125 0.000 0 0.000
36301.00 1502.85 100.138999 0.0000000000000000 0.000000 262.016059 -1159650.227377 30.549948 126.305650 -20.533473 1497.490963 -5.691 -5.691 0.000000 3.277878 0.000 0 0.000
36201.00 1502.60 100.138999 0.0000000000000000 0.000000 262.016059 -1159955.738422 30.552262 126.313385 -20.541582 1497.444413 -5.697 -5.697 0.000000 3.277630 0.000 0 0.000
36101.00 1502.36 100.138999 0.0000000000000000 0.000000 262.016059 -1160261.272639 30.554582 126.321127 -20.549707 1497.398396 -5.704 -5.704 0.000000 3.277381 0.000 0 0.000
36001.00 1502.11 100.138999 0.0000000000000000 0.000000 262.016059 -1160566.830094 30.556910 126.328876 -20.557849 1497.352919 -5.710 -5.710 0.000000 3.277131 0.000 0 0.000
35901.00 1501.86 100.138999 0.0000000000000000 0.000000 262.016059 -1160872.410853 30.559243 126.336631 -20.566008 1497.307991 -5.717 -5.717 0.000000 3.276881 0.000 0 0.000
35801.00 1501.62 100.138999 0.0000000000000000 0.000000 262.016059 -1161178.014984 30.561584 126.344394 -20.574184 1497.263620 -5.724 -5.724 0.000000 3.276630 0.000 0 0.000
35701.00 1501.37 100.138999 0.0000000000000000 0.000000 262.016059 -1161483.642555 30.563931 126.352164 -20.582378 1497.219813 -5.730 -5.730 0.000000 3.276378 0.000 0 0.000
35601.00 1501.12 100.138999 0.0000000000000000 0.000000 262.016059 -1161789.293636 30.566286 126.359942 -20.590589 1497.176579 -5.737 -5.737 0.000000 3.276126 0.000 0 0.000
35501.00 1500.88 100.138999 0.0000000000000000 0.000000 262.016059 -1162094.968296 30.568647 126.367727 -20.598817 1497.133927 -5.744 -5.744 0.000000 3.275873 0.000 0 0.000
35401.00 1500.63 100.138999 0.0000000000000000 0.000000 262.016059 -1162400.666607 30.571016 126.375519 -20.607064 1497.091865 -5.751 -5.751 0.000000 3.275619 0.000 0 0.000
35301.00 1500.38 100.138999 0.0000000000000000 0.000000 262.016059 -1162706.388641 30.573392 126.383320 -20.615330 1497.050402 -5.758 -5.758 0.000000 3.275364 0.000 0 0.000
35201.00 1500.13 100.138999 0.0000000000000000 0.000000 262.016059 -1163012.134471 30.575775 126.391129 -20.623614 1497.009547 -5.764 -5.764 0.000000 3.275109 0.000 0 0.000
35101.00 1499.89 100.138999 0.0000000000000000 0.000000 262.016059 -1163317.904172 30.578166 126.398946 -20.631917 1496.969310 -5.771 -5.771 0.000000 3.274853 0.000 0 0.000
35001.00 1499.64 100.138999 0.0000000000000000 0.000000 262.016059 -1163623.697817 30.580564 126.406771 -20.640239 1496.929699 -5.778 -5.778 0.000000 3.274596 0.000 0 0.000
34901.00 1499.39 100.138999 0.0000000000000000 0.000000 262.016059 -1163929.515485 30.582970 126.414605 -20.648581 1496.890726 -5.785 -5.785 0.000000 3.274339 0.000 0 0.000
34801.00 1499.14 100.138999 0.0000000000000000 0.000000 262.016059 -1164235.357251 30.585384 126.422447 -20.656942 1496.852398 -5.792 -5.792 0.000000 3.274080 0.000 0 0.000
34701.00 1498.89 100.138999 0.0000000000000000 0.000000 262.016059 -1164541.223194 30.587806 126.430299 -20.665323 1496.814728 -5.799 -5.799 0.000000 3.273821 0.000 0 0.000
34601.00 1498.64 100.138999 0.0000000000000000 0.000000 262.016059 -1164847.113393 30.590235 126.438159 -20.673725 1496.777724 -5.806 -5.806 0.000000 3.273561 0.000 0 0.000
34501.00 1498.40 100.138999 0.0000000000000000 0.000000 262.016059 -1165153.027930 30.592673 126.446029 -20.682147 1496.741397 -5.813 -5.813 0.000000 3.273300 0.000 0 0.000
34401.00 1498.15 100.138999 0.0000000000000000 0.000000 262.016059 -1165458.966886 30.595119 126.453908 -20.690591 1496.705759 -5.820 -5.820 0.000000 3.273038 0.000 0 0.000
34301.00 1497.90 100.138999 0.0000000000000000 0.000000 262.016059 -1165764.930343 30.597574 126.461797 -20.699055 1496.670820 -5.827 -5.827 0.000000 3.272776 0.000 0 0.000
34201.00 1497.65 100.138999 0.0000000000000000 0.000000 262.016059 -1166070.918387 30.600036 126.469696 -20.707541 1496.636591 -5.835 -5.835 0.000000 3.272512 0.000 0 0.000
34101.00 1497.40 100.138999 0.0000000000000000 0.000000 262.016059 -1166376.931102 30.602508 126.477604 -20.716049 1496.603084 -5.842 -5.842 0.000000 3.272248 0.000 0 0.000
34001.00 1497.14 100.138999 0.0000000000000000 0.000000 262.016059 -1166682.968575 30.604988 126.485523 -20.724579 1496.570310 -5.849 -5.849 0.000000 3.271983 0.000 0 0.000
33901.00 1496.89 100.138999 0.0000000000000000 0.000000 262.016059 -1166989.030894 30.607477 126.493453 -20.733132 1496.538282 -5.856 -5.856 0.000000 3.271717 0.000 0 0.000
33801.00 1496.64 100.138999 0.0000000000000000 0.000000 262.016059 -1167295.118148 30.609975 126.501393 -20.741708 1496.507012 -5.864 -5.864 0.000000 3.271450 0.000 0 0.000
33701.00 1496.39 100.138999 0.0000000000000000 0.000000 262.016059 -1167601.230428 30.612482 126.509344 -20.750307 1496.476513 -5.871 -5.871 0.000000 3.271182 0.000 0 0.000
33601.00 1496.14 100.138999 0.0000000000000000 0.000000 262.016059 -1167907.367826 30.614999 126.517306 -20.758930 1496.446796 -5.878 -5.878 0.000000 3.270913 0.000 0 0.000
33501.00 1495.89 100.138999 0.0000000000000000 0.000000 262.016059 -1168213.530436 30.617525 126.525280 -20.767576 1496.417876 -5.886 -5.886 0.000000 3.270643 0.000 0 0.000
33401.00 1495.64 100.138999 0.0000000000000000 0.000000 262.016059 -1168519.718351 30.620060 126.533265 -20.776248 1496.389766 -5.893 -5.893 0.000000 3.270372 0.000 0 0.000
33301.00 1495.38 100.138999 0.0000000000000000 0.000000 262.016059 -1168825.931669 30.622605 126.541262 -20.784943 1496.362479 -5.901 -5.901 0.000000 3.270101 0.000 0 0.000
33201.00 1495.13 100.138999 0.0000000000000000 0.000000 262.016059 -1169132.170487 30.625160 126.549271 -20.793665 1496.336030 -5.908 -5.908 0.000000 3.269828 0.000 0 0.000
33101.00 1494.88 100.138999 0.0000000000000000 0.000000 262.016059 -1169438.434905 30.627725 126.557292 -20.802411 1496.310433 -5.916 -5.916 0.000000 3.269554 0.000 0 0.000
33001.00 1494.62 100.138999 0.0000000000000000 0.000000 262.016059 -1169744.725024 30.630300 126.565326 -20.811184 1496.285703 -5.924 -5.924 0.000000 3.269279 0.000 0 0.000
32901.00 1494.37 100.138999 0.0000000000000000 0.000000 262.016059 -1170051.040946 30.632886 126.573373 -20.819983 1496.261854 -5.931 -5.931 0.000000 3.269003 0.000 0 0.000
32801.00 1494.12 100.138999 0.0000000000000000 0.000000 262.016059 -1170357.382775 30.635482 126.581433 -20.828809 1496.238902 -5.939 -5.939 0.000000 3.268726 0.000 0 0.000
32701.00 1493.86 100.138999 0.0000000000000000 0.000000 262.016059 -1170663.750618 30.638089 126.589506 -20.837662 1496.216864 -5.947 -5.947 0.000000 3.268448 0.000 0 0.000
32601.00 1493.61 100.138999 0.0000000000000000 0.000000 262.016059 -1170970.144582 30.640706 126.597593 -20.846543 1496.195754 -5.954 -5.954 0.000000 3.268169 0.000 0 0.000
32501.00 1493.35 100.138999 0.0000000000000000 0.000000 262.016059 -1171276.564776 30.643335 126.605694 -20.855453 1496.175590 -5.962 -5.962 0.000000 3.267888 0.000 0 0.000
32401.00 1493.10 100.138999 0.0000000000000000 0.000000 262.016059 -1171583.011312 30.645974 126.613810 -20.864391 1496.156389 -5.970 -5.970 0.000000 3.267607 0.000 0 0.000
32301.00 1492.84 100.138999 0.0000000000000000 0.000000 262.016059 -1171889.484303 30.648626 126.621940 -20.873358 1496.138168 -5.978 -5.978 0.000000 3.267324 0.000 0 0.000
32201.00 1492.58 100.138999 0.0000000000000000 0.000000 262.016059 -1172195.983864 30.651288 126.630084 -20.882355 1496.120944 -5.986 -5.986 0.000000 3.267040 0.000 0 0.000
32101.00 1492.33 100.138999 0.0000000000000000 0.000000 262.016059 -1172502.510111 30.653963 126.638245 -20.891382 1496.104736 -5.994 -5.994 0.000000 3.266755 0.000 0 0.000
32001.00 1492.07 100.138999 0.0000000000000000 0.000000 262.016059 -1172809.063164 30.656650 126.646420 -20.900439 1496.089563 -6.002 -6.002 0.000000 3.266469 0.000 0 0.000
31901.00 1491.81 100.138999 0.0000000000000000 0.000000 262.016059 -1173115.643144 30.659348 126.654612 -20.909528 1496.075444 -6.010 -6.010 0.000000 3.266182 0.000 0 0.000
31801.00 1491.56 100.138999 0.0000000000000000 0.000000 262.016059 -1173422.250173 30.662060 126.662820 -20.918649 1496.062398 -6.018 -6.018 0.000000 3.265893 0.000 0 0.000
31701.00 1491.30 100.138999 0.0000000000000000 0.000000 262.016059 -1173728.884378 30.664783 126.671044 -20.927802 1496.050445 -6.026 -6.026 0.000000 3.265603 0.000 0 0.000
31601.00 1491.04 100.138999 0.0000000000000000 0.000000 262.016059 -1174035.545884 30.667520 126.679286 -20.936988 1496.039606 -6.035 -6.035 0.000000 3.265311 0.000 0 0.000
31501.00 1490.78 100.138999 0.0000000000000000 0.000000 262.016059 -1174342.234823 30.670270 126.687545 -20.946208 1496.029903 -6.043 -6.043 0.000000 3.265019 0.000 0 0.000
31401.00 1490.52 100.138999 0.0000000000000000 0.000000 262.016059 -1174648.951325 30.673033 126.695821 -20.955462 1496.021356 -6.051 -6.051 0.000000 3.264724 0.000 0 0.000
31301.00 1490.26 100.138999 0.0000000000000000 0.000000 262.016059 -1174955.695526 30.675810 126.704116 -20.964750 1496.013988 -6.060 -6.060 0.000000 3.264429 0.000 0 0.000
31201.00 1490.00 100.138999 0.0000000000000000 0.000000 262.016059 -1175262.467562 30.678600 126.712430 -20.974074 1496.007821 -6.068 -6.068 0.000000 3.264132 0.000 0 0.000
31101.00 1489.74 100.138999 0.0000000000000000 0.000000 262.016059 -1175569.267572 30.681404 126.720762 -20.983434 1496.002880 -6.077 -6.077 0.000000 3.263834 0.000 0 0.000
31001.00 1489.48 100.138999 0.0000000000000000 0.000000 262.016059 -1175876.095698 30.684223 126.729113 -20.992830 1495.999188 -6.085 -6.085 0.000000 3.263534 0.000 0 0.000
30901.00 1489.22 100.138999 0.0000056682044308 0.000006 262.016059 -1176182.952087 30.687061 126.737661 -21.002655 1495.997648 -8.200 -8.200 3.053677 3.263233 -0.120 0 0.000
30801.00 1488.93 100.138999 0.0000596491032607 0.000064 262.016059 -1176489.837153 30.689955 126.747729 -21.015854 1496.005329 -8.197 -8.197 3.052563 3.262938 -0.116 0 0.000
30701.00 1488.64 100.138999 0.0001147257118491 0.000123 262.016059 -1176796.751239 30.692865 126.757851 -21.029182 1496.015312 -8.195 -8.195 3.051451 3.262641 -0.111 0 0.000
30601.00 1488.35 100.138999 0.0001709147760369 0.000183 262.016059 -1177103.694518 30.695793 126.768029 -21.042641 1496.027649 -8.192 -8.192 3.050341 3.262342 -0.107 0 0.000
30501.00 1488.06 100.138999 0.0002282334067664 0.000244 262.016059 -1177410.667167 30.698739 126.778264 -21.056234 1496.042393 -8.189 -8.189 3.049234 3.262043 -0.103 0 0.000
30401.00 1487.77 100.138999 0.0002866990853279 0.000307 262.016059 -1177717.669365 30.701703 126.788555 -21.069963 1496.059598 -8.187 -8.187 3.048129 3.261741 -0.099 0 0.000
30301.00 1487.48 100.138999 0.0003463296702470 0.000371 262.016059 -1178024.701296 30.704686 126.798905 -21.083831 1496.079319 -8.184 -8.184 3.047026 3.261438 -0.095 0 0.000
30201.00 1487.18 100.138999 0.0004071434104565 0.000436 262.016059 -1178331.763147 30.707687 126.809314 -21.097841 1496.101613 -8.182 -8.182 3.045926 3.261134 -0.091 0 0.000
30101.00 1486.89 100.138999 0.0004691589523055 0.000502 262.016059 -1178638.855106 30.710708 126.819784 -21.111994 1496.126536 -8.179 -8.179 3.044828 3.260828 -0.087 0 0.000
30001.00 1486.59 100.138999 0.0005323953493921 0.000570 262.016059 -1178945.977370 30.713748 126.830316 -21.126294 1496.154148 -8.176 -8.176 3.043733 3.260520 -0.083 0 0.000
29901.00 1486.30 100.138999 0.0005968720713659 0.000640 262.016059 -1179253.130135 30.716808 126.840910 -21.140743 1496.184509 -8.174 -8.174 3.042640 3.260211 -0.079 0 0.000
29801.00 1486.00 100.138999 0.0006626090199663 0.000710 262.016059 -1179560.313604 30.719889 126.851569 -21.155344 1496.217678 -8.171 -8.171 3.041550 3.259900 -0.074 0 0.000
29701.00 1485.70 100.138999 0.0007296265274474 0.000782 262.016059 -1179867.527981 30.722990 126.862292 -21.170100 1496.253720 -8.168 -8.168 3.040462 3.259587 -0.070 0 0.000
29601.00 1485.40 100.138999 0.0007979453712778 0.000856 262.016059 -1180174.773479 30.726113 126.873082 -21.185014 1496.292696 -8.166 -8.166 3.039377 3.259273 -0.066 0 0.000
29501.00 1485.10 100.138999 0.0008675867968198 0.000931 262.016059 -1180482.050309 30.729257 126.883939 -21.200089 1496.334674 -8.163 -8.163 3.038294 3.258956 -0.062 0 0.000
29401.00 1484.80 100.138999 0.0009385725097994 0.001007 262.016059 -1180789.358692 30.732423 126.894866 -21.215329 1496.379718 -8.160 -8.160 3.037214 3.258638 -0.057 0 0.000
29301.00 1484.50 100.138999 0.0010109246972313 0.001085 262.016059 -1181096.698850 30.735612 126.905862 -21.230735 1496.427898 -8.158 -8.158 3.036137 3.258318 -0.053 0 0.000
29201.00 1484.20 100.138999 0.0010846660356674 0.001164 262.016059 -1181404.071010 30.738824 126.916930 -21.246312 1496.479282 -8.155 -8.155 3.035062 3.257996 -0.049 0 0.000
29101.00 1483.89 100.138999 0.0011598197033155 0.001245 262.016059 -1181711.475405 30.742059 126.928072 -21.262062 1496.533941 -8.153 -8.153 3.033990 3.257673 -0.044 0 0.000
29001.00 1483.59 100.138999 0.0012364093888659 0.001328 262.016059 -1182018.912272 30.745318 126.939287 -21.277990 1496.591948 -8.150 -8.150 3.032921 3.257347 -0.040 0 0.000
28901.00 1483.28 100.138999 0.0013144593111263 0.001412 262.016059 -1182326.381853 30.748602 126.950578 -21.294098 1496.653377 -8.147 -8.147 3.031854 3.257019 -0.036 0 0.000
28801.00 1482.97 100.138999 0.0013939942151474 0.001498 262.016059 -1182633.884395 30.751911 126.961947 -21.310391 1496.718304 -8.145 -8.145 3.030790 3.256689 -0.031 0 0.000
28701.00 1482.66 100.138999 0.0014750394003121 0.001585 262.016059 -1182941.420150 30.755245 126.973394 -21.326871 1496.786807 -8.142 -8.142 3.029729 3.256357 -0.027 0 0.000
28601.00 1482.35 100.138999 0.0015576207190877 0.001674 262.016059 -1183248.989375 30.758605 126.984922 -21.343542 1496.858965 -8.140 -8.140 3.028671 3.256022 -0.022 0 0.000
28501.00 1482.04 100.138999 0.0016417645998478 0.001765 262.016059 -1183556.592335 30.761992 126.996531 -21.360409 1496.934858 -8.138 -8.138 3.027615 3.255686 -0.018 0 0.000
28401.00 1481.73 100.138999 0.0017274980539678 0.001858 262.016059 -1183864.229297 30.765405 127.008225 -21.377476 1497.014571 -8.135 -8.135 3.026563 3.255347 -0.013 0 0.000
28301.00 1481.41 100.138999 0.0018148486821728 0.001952 262.016059 -1184171.900536 30.768847 127.020003 -21.394745 1497.098188 -8.133 -8.133 3.025513 3.255006 -0.009 0 0.000
28201.00 1481.10 100.138999 0.0019038446962479 0.002048 262.016059 -1184479.606333 30.772317 127.031869 -21.412221 1497.185796 -8.131 -8.131 3.024466 3.254663 -0.004 0 0.000
28101.00 1480.78 100.138999 0.0019945149257956 0.002147 262.016059 -1184787.346975 30.775816 127.043824 -21.429909 1497.277484 -8.129 -8.129 3.023422 3.254317 0.000 0 0.000
28001.00 1480.46 100.138999 0.0020868888320365 0.002246 262.016059 -1185095.122754 30.779345 127.055869 -21.447813 1497.373344 -8.126 -8.126 3.022380 3.253968 0.005 0 0.000
27901.00 1480.14 100.138999 0.0021809965170926 0.002348 262.016059 -1185402.933969 30.782904 127.068006 -21.465937 1497.473470 -8.124 -8.124 3.021342 3.253617 0.009 0 0.000
27801.00 1479.82 100.138999 0.0022768687422493 0.002452 262.016059 -1185710.780928 30.786493 127.080238 -21.484286 1497.577956 -8.122 -8.122 3.020307 3.253264 0.014 0 0.000
27701.00 1479.50 100.138999 0.0023745369308177 0.002558 262.016059 -1186018.663942 30.790115 127.092567 -21.502864 1497.686901 -8.121 -8.121 3.019275 3.252908 0.018 0 0.000
27601.00 1479.17 100.138999 0.0024740331854349 0.002666 262.016059 -1186326.583332 30.793769 127.104994 -21.521676 1497.800406 -8.119 -8.119 3.018245 3.252549 0.023 0 0.000
27501.00 1478.85 100.138999 0.0025753903005847 0.002775 262.016059 -1186634.539426 30.797456 127.117521 -21.540728 1497.918573 -8.117 -8.117 3.017219 3.252187 0.028 0 0.000
27401.00 1478.52 100.138999 0.0026786417713490 0.002887 262.016059 -1186942.532559 30.801177 127.130151 -21.560023 1498.041509 -8.115 -8.115 3.016196 3.251822 0.032 0 0.000
27301.00 1478.19 100.138999 0.0027838218022935 0.003001 262.016059 -1187250.563072 30.804932 127.142886 -21.579567 1498.169322 -8.114 -8.114 3.015176 3.251455 0.037 0 0.000
27201.00 1477.86 100.138999 0.0028909653251974 0.003117 262.016059 -1187558.631317 30.808723 127.155728 -21.599365 1498.302123 -8.113 -8.113 3.014159 3.251084 0.042 0 0.000
27101.00 1477.53 100.138999 0.0030001079969302 0.003236 262.016059 -1187866.737652 30.812550 127.168680 -21.619423 1498.440026 -8.111 -8.111 3.013145 3.250711 0.046 0 0.000
27001.00 1477.20 100.138999 0.0031112862213317 0.003357 262.016059 -1188174.882445 30.816415 127.181743 -21.639746 1498.583148 -8.110 -8.110 3.012134 3.250334 0.051 0 0.000
26901.00 1476.86 100.138999 0.0032245371529544 0.003479 262.016059 -1188483.066072 30.820317 127.194920 -21.660340 1498.731609 -8.109 -8.109 3.011126 3.249954 0.056 0 0.000
26801.00 1476.53 100.138999 0.0033398987031470 0.003605 262.016059 -1188791.288918 30.824259 127.208214 -21.681211 1498.885533 -8.108 -8.108 3.010122 3.249571 0.061 0 0.000
26701.00 1476.19 100.138999 0.0034574095512252 0.003732 262.016059 -1189099.551376 30.828240 127.221627 -21.702364 1499.045046 -8.107 -8.107 3.009120 3.249184 0.065 0 0.000
26601.00 1475.85 100.138999 0.0035771091483371 0.003862 262.016059 -1189407.853852 30.832262 127.235163 -21.723806 1499.210279 -8.107 -8.107 3.008122 3.248794 0.070 0 0.000
26501.00 1475.50 100.138999 0.0036990377253805 0.003995 262.016059 -1189716.196759 30.836326 127.248823 -21.745543 1499.381364 -8.106 -8.106 3.007127 3.248400 0.075 0 0.000
26401.00 1475.16 100.138999 0.0038232362960858 0.004130 262.016059 -1190024.580520 30.840433 127.262610 -21.767581 1499.558439 -8.106 -8.106 3.006135 3.248002 0.080 0 0.000
26301.00 1474.82 100.138999 0.0039497466576030 0.004267 262.016059 -1190333.005572 30.844584 127.276528 -21.789926 1499.741645 -8.106 -8.106 3.005147 3.247601 0.085 0 0.000
26201.00 1474.47 100.138999 0.0040786113966327 0.004407 262.016059 -1190641.472358 30.848781 127.290579 -21.812587 1499.931127 -8.106 -8.106 3.004162 3.247196 0.090 0 0.000
26101.00 1474.12 100.138999 0.0042098738864615 0.004550 262.016059 -1190949.981336 30.853023 127.304766 -21.835569 1500.127034 -8.106 -8.106 3.003180 3.246787 0.095 0 0.000
26001.00 1473.77 100.138999 0.0043435782854490 0.004695 262.016059 -1191258.532975 30.857313 127.319093 -21.858879 1500.329519 -8.106 -8.106 3.002201 3.246374 0.100 0 0.000
25901.00 1473.41 100.138999 0.0044797695345445 0.004843 262.016059 -1191567.127755 30.861651 127.333562 -21.882526 1500.538740 -8.107 -8.107 3.001226 3.245957 0.105 0 0.000
25801.00 1473.06 100.138999 0.0046184933479620 0.004994 262.016059 -1191875.766169 30.866040 127.348178 -21.906516 1500.754859 -8.107 -8.107 3.000254 3.245535 0.109 0 0.000
25701.00 1472.70 100.138999 0.0047597962079700 0.005148 262.016059 -1192184.448722 30.870480 127.362942 -21.930857 1500.978043 -8.108 -8.108 2.999285 3.245109 0.114 0 0.000
25601.00 1472.34 100.138999 0.0049037253504754 0.005305 262.016059 -1192493.175935 30.874972 127.377860 -21.955557 1501.208463 -8.110 -8.110 2.998320 3.244678 0.119 0 0.000
25501.00 1471.98 100.138999 0.0050503287535625 0.005464 262.016059 -1192801.948340 30.879518 127.392934 -21.980623 1501.446297 -8.111 -8.111 2.997358 3.244243 0.124 0 0.000
25401.00 1471.61 100.138999 0.0051996551151606 0.005627 262.016059 -1193110.766485 30.884120 127.408168 -22.006065 1501.691726 -8.113 -8.113 2.996400 3.243803 0.130 0 0.000
25301.00 1471.25 100.138999 0.0053517538351804 0.005792 262.016059 -1193419.630932 30.888779 127.423566 -22.031891 1501.944938 -8.115 -8.115 2.995444 3.243358 0.135 0 0.000
25201.00 1470.88 100.138999 0.0055066749885138 0.005961 262.016059 -1193728.542259 30.893496 127.439132 -22.058109 1502.206126 -8.117 -8.117 2.994493 3.242907 0.140 0 0.000
25101.00 1470.51 100.138999 0.0056644692889703 0.006133 262.016059 -1194037.501059 30.898274 127.454870 -22.084728 1502.475489 -8.119 -8.119 2.993544 3.242452 0.145 0 0.000
25001.00 1470.13 100.138999 0.0058251880650679 0.006308 262.016059 -1194346.507943 30.903113 127.470785 -22.111758 1502.753233 -8.122 -8.122 2.992599 3.241991 0.150 0 0.000
24901.00 1469.76 100.138999 0.0059888832082498 0.006486 262.016059 -1194655.563538 30.908016 127.486879 -22.139207 1503.039568 -8.125 -8.125 2.991657 3.241524 0.155 0 0.000
24801.00 1469.38 100.138999 0.0061556071290754 0.006667 262.016059 -1194964.668488 30.912985 127.503158 -22.167086 1503.334713 -8.128 -8.128 2.990719 3.241052 0.160 0 0.000
24701.00 1469.00 100.138999 0.0063254127030495 0.006852 262.016059 -1195273.823458 30.918021 127.519627 -22.195404 1503.638893 -8.132 -8.132 2.989784 3.240574 0.165 0 0.000
24601.00 1468.61 100.138999 0.0064983532084348 0.007041 262.016059 -1195583.029131 30.923126 127.536289 -22.224171 1503.952340 -8.136 -8.136 2.988853 3.240090 0.171 0 0.000
24501.00 1468.23 100.138999 0.0066744822561499 0.007233 262.016059 -1195892.286208 30.928302 127.553150 -22.253398 1504.275294 -8.140 -8.140 2.987925 3.239599 0.176 0 0.000
24401.00 1467.84 100.138999 0.0068538537109789 0.007428 262.016059 -1196201.595414 30.933552 127.570215 -22.283095 1504.608001 -8.145 -8.145 2.987000 3.239102 0.181 0 0.000
24301.00 1467.44 100.138999 0.0070365216004793 0.007627 262.016059 -1196510.957494 30.938877 127.587488 -22.313273 1504.950718 -8.150 -8.150 2.986078 3.238598 0.186 0 0.000
24201.00 1467.05 100.138999 0.0072225400187714 0.007830 262.016059 -1196820.373215 30.944280 127.604975 -22.343944 1505.303706 -8.155 -8.155 2.985160 3.238087 0.192 0 0.000
24101.00 1466.65 100.138999 0.0074119630105056 0.008036 262.016059 -1197129.843367 30.949764 127.622682 -22.375118 1505.667240 -8.161 -8.161 2.984246 3.237569 0.197 0 0.000
24001.00 1466.25 100.138999 0.0076048444474733 0.008246 262.016059 -1197439.368767 30.955330 127.640614 -22.406807 1506.041600 -8.167 -8.167 2.983335 3.237044 0.202 0 0.000
23901.00 1465.84 100.138999 0.0078012378885100 0.008460 262.016059 -1197748.950254 30.960982 127.658776 -22.439024 1506.427076 -8.173 -8.173 2.982427 3.236511 0.207 0 0.000
23801.00 1465.44 100.138999 0.0080011964229189 0.008678 262.016059 -1198058.588694 30.966721 127.677175 -22.471780 1506.823970 -8.180 -8.180 2.981522 3.235970 0.213 0 0.000
23701.00 1465.03 100.138999 0.0082047724968850 0.008900 262.016059 -1198368.284983 30.972552 127.695816 -22.505088 1507.232593 -8.188 -8.188 2.980621 3.235421 0.218 0 0.000
23601.00 1464.61 100.138999 0.0084120177236993 0.009126 262.016059 -1198678.040043 30.978476 127.714706 -22.538960 1507.653265 -8.196 -8.196 2.979723 3.234863 0.224 0 0.000
23501.00 1464.19 100.138999 0.0086229826656905 0.009356 262.016059 -1198987.854826 30.984497 127.733851 -22.573410 1508.086319 -8.204 -8.204 2.978829 3.234297 0.229 0 0.000
23401.00 1463.77 100.138999 0.0088377165996065 0.009590 262.016059 -1199297.730316 30.990618 127.753258 -22.608451 1508.532101 -8.213 -8.213 2.977937 3.233721 0.234 0 0.000
23301.00 1463.35 100.138999 0.0090562672533594 0.009828 262.016059 -1199607.667529 30.996842 127.772933 -22.644097 1508.990965 -8.223 -8.223 2.977049 3.233136 0.240 0 0.000
23201.00 1462.92 100.138999 0.0092786805152929 0.010070 262.016059 -1199917.667516 31.003173 127.792885 -22.680361 1509.463280 -8.233 -8.233 2.976165 3.232541 0.245 0 0.000
23101.00 1462.49 100.138999 0.0095050001123233 0.010316 262.016059 -1200227.731363 31.009615 127.813118 -22.717257 1509.949430 -8.243 -8.243 2.975283 3.231936 0.251 0 0.000
23001.00 1462.05 100.138999 0.0097352672553549 0.010567 262.016059 -1200537.860192 31.016170 127.833643 -22.754801 1510.449809 -8.254 -8.254 2.974405 3.231321 0.256 0 0.000
22901.00 1461.61 100.138999 0.0099695202443610 0.010822 262.016059 -1200848.055166 31.022844 127.854465 -22.793006 1510.964829 -8.266 -8.266 2.973530 3.230695 0.262 0 0.000
22801.00 1461.16 100.138999 0.0102077940354013 0.011082 262.016059 -1201158.317486 31.029641 127.875592 -22.831888 1511.494914 -8.278 -8.278 2.972658 3.230057 0.268 0 0.000
22701.00 1460.72 100.117981 0.0102406818580551 0.011119 261.954176 -1201240.938636 31.029483 127.863953 -22.849086 1511.559308 -8.291 -8.291 2.971791 3.229408 0.273 0 0.000
22601.00 1460.26 100.093641 0.0102428085723240 0.011122 261.882540 -1201287.348996 31.028324 127.847345 -22.863233 1511.560072 -8.305 -8.305 2.970929 3.228747 0.279 0 0.000
22501.00 1459.81 100.069092 0.0102448868102119 0.011125 261.810314 -1201331.254170 31.027217 127.830664 -22.877621 1511.568465 -8.319 -8.319 2.970071 3.228074 0.284 0 0.000
22401.00 1459.35 100.044338 0.0102469098710313 0.011128 261.737516 -1201372.706064 31.026166 127.813926 -22.892264 1511.585009 -8.334 -8.334 2.969218 3.227388 0.290 0 0.000
22301.00 1458.89 100.019387 0.0102488704218085 0.011131 261.664162 -1201411.764140 31.025180 127.797145 -22.907174 1511.610261 -8.350 -8.350 2.968370 3.226689 0.296 0 0.000
22201.00 1458.42 99.994244 0.0102507604354470 0.011134 261.590272 -1201448.496129 31.024264 127.780338 -22.922367 1511.644812 -8.366 -8.366 2.967527 3.225975 0.301 0 0.000
22101.00 1458.00 99.968916 0.0104162210945787 0.011316 261.515868 -1201482.963259 31.019801 127.761635 -22.940562 1511.407663 -8.358 -8.358 2.966481 3.225678 0.307 0 0.000
22001.00 1457.58 99.926886 0.0104464127992225 0.011352 261.392438 -1201335.165463 31.009149 127.716506 -22.941751 1510.745548 -8.347 -8.347 2.965405 3.225449 0.313 0 0.000
21901.00 1457.17 99.881827 0.0104504751703077 0.011360 261.260147 -1201153.875985 30.997487 127.666728 -22.940027 1510.016831 -8.335 -8.335 2.964332 3.225219 0.318 0 0.000
21801.00 1456.75 99.836378 0.0104546063436754 0.011368 261.126750 -1200967.849961 30.985704 127.616450 -22.938209 1509.282339 -8.323 -8.323 2.963261 3.224989 0.324 0 0.000
21701.00 1456.33 99.790534 0.0104588080740166 0.011375 260.992230 -1200777.009912 30.973799 127.565667 -22.936296 1508.541981 -8.311 -8.311 2.962194 3.224759 0.330 0 0.000
21601.00 1455.91 99.744286 0.0104630821578722 0.011383 260.856568 -1200581.276441 30.961770 127.514368 -22.934288 1507.795659 -8.299 -8.299 2.961131 3.224529 0.335 0 0.000
21501.00 1455.49 99.697630 0.0104674304524699 0.011391 260.719745 -1200380.568191 30.949614 127.462547 -22.932182 1507.043278 -8.287 -8.287 2.960070 3.224298 0.341 0 0.000
21401.00 1455.06 99.650558 0.0104718548713897 0.011399 260.581743 -1200174.801776 30.937330 127.410194 -22.929976 1506.284736 -8.275 -8.275 2.959012 3.224067 0.347 0 0.000
21301.00 1454.64 99.603062 0.0104763573933460 0.011407 260.442542 -1199963.891723 30.924914 127.357300 -22.927670 1505.519931 -8.263 -8.263 2.957958 3.223836 0.352 0 0.000
21201.00 1454.21 99.555136 0.0104809400482779 0.011415 260.302122 -1199747.750403 30.912366 127.303857 -22.925261 1504.748760 -8.250 -8.250 2.956907 3.223605 0.358 0 0.000
21101.00 1453.78 99.506772 0.0104856049365077 0.011424 260.160461 -1199526.287975 30.899682 127.249854 -22.922749 1503.971114 -8.238 -8.238 2.955859 3.223373 0.364 0 0.000
21001.00 1453.35 99.457963 0.0104903542307140 0.011432 260.017540 -1199299.412312 30.886861 127.195283 -22.920130 1503.186883 -8.226 -8.226 2.954814 3.223141 0.369 0 0.000
20901.00 1452.92 99.408701 0.0104951901616420 0.011441 259.873335 -1199067.028925 30.873899 127.140134 -22.917405 1502.395956 -8.213 -8.213 2.953772 3.222909 0.375 0 0.000
20801.00 1452.49 99.358978 0.0105001150383515 0.011449 259.727826 -1198829.040897 30.860795 127.084396 -22.914570 1501.598216 -8.201 -8.201 2.952734 3.222676 0.381 0 0.000
20701.00 1452.06 99.308785 0.0105051312434921 0.011458 259.580989 -1198585.348805 30.847545 127.028059 -22.911624 1500.793546 -8.188 -8.188 2.951698 3.222444 0.387 0 0.000
20601.00 1451.62 99.258114 0.0105102412340039 0.011466 259.432800 -1198335.850638 30.834148 126.971114 -22.908565 1499.981825 -8.175 -8.175 2.950666 3.222211 0.393 0 0.000
20501.00 1451.18 99.206957 0.0105154475507765 0.011475 259.283236 -1198080.441722 30.820600 126.913547 -22.905392 1499.162927 -8.163 -8.163 2.949637 3.221977 0.399 0 0.000
20401.00 1450.74 99.155305 0.0105207528139813 0.011484 259.132272 -1197819.014627 30.806899 126.855350 -22.902103 1498.336727 -8.150 -8.150 2.948611 3.221744 0.404 0 0.000
20301.00 1450.30 99.103148 0.0105261597343276 0.011493 258.979882 -1197551.459085 30.793042 126.796510 -22.898694 1497.503093 -8.137 -8.137 2.947589 3.221510 0.410 0 0.000
20201.00 1449.86 99.050477 0.0105316711081701 0.011502 258.826042 -1197277.661895 30.779026 126.737015 -22.895165 1496.661891 -8.125 -8.125 2.946569 3.221276 0.416 0 0.000
20101.00 1449.42 98.997283 0.0105372898269307 0.011511 258.670723 -1196997.506832 30.764848 126.676854 -22.891514 1495.812985 -8.112 -8.112 2.945552 3.221041 0.422 0 0.000
20001.00 1448.97 98.943555 0.0105430188781246 0.011521 258.513899 -1196710.874545 30.750505 126.616014 -22.887738 1494.956234 -8.099 -8.099 2.944539 3.220807 0.428 0 0.000
19901.00 1448.52 98.889284 0.0105488613497162 0.011530 258.355541 -1196417.642460 30.735993 126.554482 -22.883835 1494.091493 -8.086 -8.086 2.943529 3.220572 0.434 0 0.000
19801.00 1448.07 98.834459 0.0105548204342403 0.011540 258.195621 -1196117.684668 30.721310 126.492246 -22.879803 1493.218614 -8.073 -8.073 2.942521 3.220336 0.440 0 0.000
19701.00 1447.62 98.779070 0.0105608994293706 0.011550 258.034109 -1195810.871822 30.706453 126.429291 -22.875639 1492.337445 -8.060 -8.060 2.941517 3.220101 0.446 0 0.000
19601.00 1447.16 98.723105 0.0105671017582944 0.011559 257.870974 -1195497.071021 30.691417 126.365605 -22.871342 1491.447830 -8.047 -8.047 2.940516 3.219865 0.452 0 0.000
19501.00 1446.71 98.666554 0.0105734309380467 0.011569 257.706185 -1195176.145681 30.676200 126.301172 -22.866908 1490.549609 -8.034 -8.034 2.939517 3.219628 0.458 0 0.000
19401.00 1446.25 98.609404 0.0105798906279513 0.011579 257.539710 -1194847.955438 30.660797 126.235979 -22.862336 1489.642617 -8.021 -8.021 2.938522 3.219392 0.464 0 0.000
19301.00 1445.79 98.551644 0.0105864846060384 0.011590 257.371516 -1194512.355996 30.645205 126.170011 -22.857623 1488.726685 -8.008 -8.008 2.937529 3.219155 0.470 0 0.000
19201.00 1445.33 98.493261 0.0105932167820440 0.011600 257.201569 -1194169.199004 30.629421 126.103251 -22.852766 1487.801641 -7.995 -7.995 2.936539 3.218918 0.476 0 0.000
19101.00 1444.86 98.434243 0.0106000912031229 0.011611 257.029833 -1193818.331919 30.613440 126.035685 -22.847763 1486.867306 -7.982 -7.982 2.935552 3.218680 0.482 0 0.000
19001.00 1444.39 98.374576 0.0106071120586758 0.011621 256.856274 -1193459.597865 30.597258 125.967296 -22.842611 1485.923496 -7.969 -7.969 2.934567 3.218443 0.488 0 0.000
18901.00 1443.93 98.314249 0.0106142836865185 0.011632 256.680853 -1193092.835481 30.580871 125.898068 -22.837307 1484.970025 -7.955 -7.955 2.933586 3.218204 0.494 0 0.000
18801.00 1443.45 98.253246 0.0106216105782006 0.011643 256.503534 -1192717.878768 30.564275 125.827982 -22.831849 1484.006699 -7.942 -7.942 2.932606 3.217966 0.501 0 0.000
18701.00 1442.98 98.191554 0.0106290973857327 0.011654 256.324276 -1192334.556933 30.547465 125.757022 -22.826232 1483.033319 -7.929 -7.929 2.931630 3.217727 0.507 0 0.000
18601.00 1442.50 98.129158 0.0106367489283437 0.011666 256.143040 -1191942.694217 30.530438 125.685169 -22.820455 1482.049682 -7.916 -7.916 2.930655 3.217488 0.513 0 0.000
18501.00 1442.02 98.066043 0.0106445701977088 0.011677 255.959784 -1191542.109728 30.513187 125.612405 -22.814515 1481.055577 -7.903 -7.903 2.929683 3.217248 0.519 0 0.000
18401.00 1441.54 98.002194 0.0106525663683806 0.011689 255.774466 -1191132.617257 30.495710 125.538710 -22.808407 1480.050789 -7.890 -7.890 2.928713 3.217009 0.525 0 0.000
18301.00 1441.06 97.937595 0.0106607427981938 0.011701 255.587042 -1190714.025094 30.477999 125.464064 -22.802129 1479.035097 -7.876 -7.876 2.927746 3.216768 0.532 0 0.000
18201.00 1440.57 97.872230 0.0106691050555499 0.011713 255.397466 -1190286.135840 30.460052 125.388448 -22.795678 1478.008271 -7.863 -7.863 2.926780 3.216528 0.538 0 0.000
18101.00 1440.08 97.806082 0.0106776588859093 0.011725 255.205693 -1189848.746184 30.441862 125.311839 -22.789050 1476.970078 -7.850 -7.850 2.925817 3.216287 0.544 0 0.000
18001.00 1439.59 97.739133 0.0106864102696018 0.011738 255.011674 -1189401.646730 30.423423 125.234217 -22.782241 1475.920276 -7.837 -7.837 2.924855 3.216046 0.550 0 0.000
17901.00 1439.10 97.671366 0.0106953654039071 0.011751 254.815361 -1188944.621752 30.404731 125.155559 -22.775249 1474.858617 -7.824 -7.824 2.923895 3.215804 0.557 0 0.000
17801.00 1438.60 97.602763 0.0107045307088274 0.011764 254.616702 -1188477.448972 30.385780 125.075842 -22.768068 1473.784844 -7.811 -7.811 2.922936 3.215562 0.563 0 0.000
17701.00 1438.10 97.533304 0.0107139128486927 0.011777 254.415645 -1187999.899335 30.366563 124.995042 -22.760696 1472.698695 -7.798 -7.798 2.921979 3.215320 0.569 0 0.000
17601.00 1437.59 97.462970 0.0107235187358551 0.011790 254.212136 -1187511.736760 30.347076 124.913136 -22.753127 1471.599899 -7.785 -7.785 2.921024 3.215077 0.576 0 0.000
17501.00 1437.09 97.391742 0.0107333555420000 0.011804 254.006121 -1187012.717888 30.327311 124.830097 -22.745360 1470.488177 -7.772 -7.772 2.920070 3.214834 0.582 0 0.000
17401.00 1436.58 97.319598 0.0107434307084418 0.011818 253.797541 -1186502.591817 30.307262 124.745900 -22.737388 1469.363241 -7.759 -7.759 2.919116 3.214590 0.589 0 0.000
17301.00 1436.06 97.246516 0.0107537519572432 0.011832 253.586338 -1185981.099835 30.286922 124.660519 -22.729208 1468.224795 -7.746 -7.746 2.918164 3.214346 0.595 0 0.000
17201.00 1435.55 97.172476 0.0107643273023815 0.011847 253.372452 -1185447.975133 30.266285 124.573925 -22.720816 1467.072536 -7.733 -7.733 2.917212 3.214102 0.601 0 0.000
17101.00 1435.03 97.097455 0.0107751650628930 0.011862 253.155818 -1184902.942511 30.245344 124.486091 -22.712206 1465.906148 -7.721 -7.721 2.916261 3.213857 0.608 0 0.000
17001.00 1434.50 97.021428 0.0107862738672738 0.011877 252.936374 -1184345.718075 30.224090 124.396987 -22.703375 1464.725308 -7.708 -7.708 2.915311 3.213612 0.615 0 0.000
16901.00 1433.98 96.944372 0.0107976626818125 0.011892 252.714053 -1183776.008928 30.202518 124.306583 -22.694316 1463.529683 -7.695 -7.695 2.914360 3.213367 0.621 0 0.000
16801.00 1433.45 96.866262 0.0108093408080579 0.011908 252.488785 -1183193.512827 30.180619 124.214847 -22.685027 1462.318929 -7.683 -7.683 2.913410 3.213121 0.628 0 0.000
16701.00 1432.91 96.787072 0.0108213178978629 0.011924 252.260499 -1182597.917860 30.158385 124.121749 -22.675500 1461.092692 -7.670 -7.670 2.912459 3.212875 0.634 0 0.000
16601.00 1432.38 96.706776 0.0108336039842481 0.011941 252.029124 -1181988.902089 30.135807 124.027253 -22.665732 1459.850606 -7.658 -7.658 2.911508 3.212628 0.641 0 0.000
16501.00 1431.83 96.625347 0.0108462094558915 0.011958 251.794584 -1181366.133180 30.112878 123.931327 -22.655716 1458.592294 -7.646 -7.646 2.910556 3.212381 0.648 0 0.000
16401.00 1431.29 96.542755 0.0108591451291026 0.011975 251.556800 -1180729.268053 30.089588 123.833935 -22.645447 1457.317369 -7.634 -7.634 2.909604 3.212133 0.654 0 0.000
16301.00 1430.74 96.458973 0.0108724221963484 0.011992 251.315693 -1180077.952459 30.065929 123.735040 -22.634919 1456.025430 -7.622 -7.622 2.908650 3.211885 0.661 0 0.000
16201.00 1430.19 96.373970 0.0108860522966924 0.012010 251.071180 -1179411.820618 30.041891 123.634605 -22.624127 1454.716063 -7.610 -7.610 2.907695 3.211637 0.668 0 0.000
16101.00 1429.63 96.287715 0.0109000474952104 0.012029 250.823175 -1178730.494781 30.017464 123.532591 -22.613064 1453.388843 -7.598 -7.598 2.906738 3.211388 0.675 0 0.000
16001.00 1429.07 96.200177 0.0109144203100013 0.012048 250.571590 -1178033.584823 29.992639 123.428959 -22.601723 1452.043330 -7.586 -7.586 2.905779 3.211138 0.681 0 0.000
15901.00 1428.50 96.111321 0.0109291837234320 0.012067 250.316335 -1177320.687801 29.967405 123.323665 -22.590099 1450.679069 -7.575 -7.575 2.904818 3.210889 0.688 0 0.000
15801.00 1427.93 96.021113 0.0109443511959414 0.012087 250.057315 -1176591.387518 29.941751 123.216669 -22.578185 1449.295595 -7.563 -7.563 2.903855 3.210638 0.695 0 0.000
15701.00 1427.35 95.929520 0.0109599366777046 0.012107 249.794433 -1175845.254063 29.915667 123.107925 -22.565974 1447.892422 -7.552 -7.552 2.902889 3.210388 0.702 0 0.000
15601.00 1426.77 95.836503 0.0109759546221992 0.012128 249.527589 -1175081.843350 29.889142 122.997388 -22.553458 1446.469054 -7.541 -7.541 2.901919 3.210137 0.709 0 0.000
15501.00 1426.18 95.742027 0.0109924199942104 0.012149 249.256681 -1174300.696648 29.862162 122.885011 -22.540631 1445.024976 -7.530 -7.530 2.900946 3.209885 0.716 0 0.000
15401.00 1425.59 95.646051 0.0110093482820946 0.012171 248.981600 -1173501.340105 29.834717 122.770745 -22.527484 1443.559658 -7.519 -7.519 2.899970 3.209633 0.723 0 0.000
15301.00 1425.00 95.548535 0.0110267555032119 0.012193 248.702239 -1172683.284267 29.806794 122.654541 -22.514011 1442.072551 -7.509 -7.509 2.898989 3.209380 0.730 0 0.000
15201.00 1424.40 95.449439 0.0110446582100937 0.012216 248.418482 -1171846.023597 29.778380 122.536346 -22.500202 1440.563093 -7.498 -7.498 2.898003 3.209127 0.738 0 0.000
15101.00 1423.79 95.348720 0.0110630734928548 0.012239 248.130212 -1170989.035994 29.749462 122.416107 -22.486050 1439.030699 -7.488 -7.488 2.897012 3.208874 0.745 0 0.000
15001.00 1423.18 95.246333 0.0110820189784707 0.012264 247.837310 -1170111.782312 29.720026 122.293769 -22.471545 1437.474770 -7.478 -7.478 2.896016 3.208620 0.752 0 0.000
14901.00 1422.56 95.142234 0.0111015128261598 0.012288 247.539650 -1169213.705901 29.690058 122.169275 -22.456680 1435.894684 -7.468 -7.468 2.895014 3.208366 0.759 0 0.000
14801.00 1421.93 95.036375 0.0111215737180279 0.012314 247.237104 -1168294.232145 29.659543 122.042565 -22.441445 1434.289803 -7.459 -7.459 2.894006 3.208111 0.767 0 0.000
14701.00 1421.30 94.928708 0.0111422208439335 0.012340 246.929538 -1167352.768032 29.628466 121.913580 -22.425831 1432.659468 -7.450 -7.450 2.892991 3.207855 0.774 0 0.000
14601.00 1420.67 94.819183 0.0111634738809371 0.012367 246.616818 -1166388.701740 29.596811 121.782257 -22.409827 1431.002998 -7.441 -7.441 2.891968 3.207599 0.782 0 0.000
14501.00 1420.02 94.707749 0.0111853529621764 0.012394 246.298802 -1165401.402266 29.564564 121.648531 -22.393424 1429.319694 -7.432 -7.432 2.890938 3.207343 0.789 0 0.000
14401.00 1419.37 94.594353 0.0112078786416997 0.012423 245.975345 -1164390.219089 29.531706 121.512336 -22.376612 1427.608835 -7.423 -7.423 2.889900 3.207086 0.797 0 0.000
14301.00 1418.72 94.478941 0.0112310718437890 0.012452 245.646298 -1163354.481889 29.498222 121.373603 -22.359380 1425.869678 -7.415 -7.415 2.888853 3.206828 0.805 0 0.000
14201.00 1418.05 94.361455 0.0112549538058435 0.012482 245.311509 -1162293.500328 29.464094 121.232263 -22.341716 1424.101458 -7.407 -7.407 2.887796 3.206570 0.813 0 0.000
14101.00 1417.38 94.241840 0.0112795460034984 0.012513 244.970819 -1161206.563914 29.429303 121.088241 -22.323610 1422.303389 -7.399 -7.399 2.886730 3.206312 0.821 0 0.000
14001.00 1416.70 94.120035 0.0113048700652573 0.012544 244.624068 -1160092.941945 29.393831 120.941465 -22.305050 1420.474664 -7.392 -7.392 2.885653 3.206053 0.828 0 0.000
13901.00 1416.02 93.995980 0.0113309476678847 0.012577 244.271088 -1158951.883572 29.357660 120.791858 -22.286024 1418.614453 -7.385 -7.385 2.884564 3.205793 0.837 0 0.000
13801.00 1415.32 93.869613 0.0113578004180282 0.012610 243.911711 -1157782.617982 29.320770 120.639340 -22.266520 1416.721903 -7.378 -7.378 2.883464 3.205533 0.845 0 0.000
13701.00 1414.62 93.740869 0.0113854497096899 0.012645 243.545762 -1156584.354724 29.283142 120.483832 -22.246524 1414.796142 -7.372 -7.372 2.882352 3.205272 0.853 0 0.000
13601.00 1413.91 93.609684 0.0114139165676349 0.012680 243.173064 -1155356.284202 29.244754 120.325250 -22.226024 1412.836276 -7.366 -7.366 2.881226 3.205011 0.861 0 0.000
13501.00 1413.19 93.475991 0.0114432214661681 0.012717 242.793435 -1154097.578356 29.205586 120.163512 -22.205006 1410.841391 -7.360 -7.360 2.880086 3.204749 0.870 0 0.000
13401.00 1412.47 93.339722 0.0114733841307623 0.012754 242.406691 -1152807.391547 29.165617 119.998530 -22.183457 1408.810552 -7.355 -7.355 2.878931 3.204486 0.878 0 0.000
13301.00 1411.73 93.200807 0.0115044233162561 0.012793 242.012644 -1151484.861673 29.124825 119.830217 -22.161362 1406.742810 -7.350 -7.350 2.877761 3.204223 0.887 0 0.000
13201.00 1410.99 93.059178 0.0115363565710930 0.012832 241.611102 -1150129.111535 29.083189 119.658484 -22.138708 1404.637193 -7.346 -7.346 2.876575 3.203959 0.895 0 0.000
13101.00 1410.23 92.914761 0.0115691999770331 0.012873 241.201874 -1148739.250471 29.040687 119.483240 -22.115478 1402.492721 -7.342 -7.342 2.875371 3.203695 0.904 0 0.000
13001.00 1409.47 92.767487 0.0116029679010831 0.012915 240.784765 -1147314.376278 28.997296 119.304395 -22.091658 1400.308394 -7.338 -7.338 2.874149 3.203430 0.913 0 0.000
12901.00 1408.69 92.617281 0.0116376726783091 0.012958 240.359578 -1145853.577412 28.952993 119.121854 -22.067234 1398.083208 -7.335 -7.335 2.872909 3.203164 0.922 0 0.000
12801.00 1407.90 92.464072 0.0116733243825367 0.013002 239.926118 -1144355.935537 28.907757 118.935526 -22.042188 1395.816147 -7.332 -7.332 2.871649 3.202897 0.932 0 0.000
12701.00 1407.11 92.307787 0.0117099305059298 0.013048 239.484187 -1142820.528320 28.861564 118.745317 -22.016505 1393.506193 -7.330 -7.330 2.870368 3.202630 0.941 0 0.000
12601.00 1406.30 92.148353 0.0117474956958969 0.013094 239.033590 -1141246.432576 28.814392 118.551133 -21.990170 1391.152324 -7.328 -7.328 2.869065 3.202362 0.950 0 0.000
12501.00 1405.48 91.985698 0.0117860214744988 0.013142 238.574133 -1139632.727693 28.766219 118.352882 -21.963166 1388.753526 -7.327 -7.327 2.867739 3.202093 0.960 0 0.000
12401.00 1404.65 91.819750 0.0118255059746001 0.013191 238.105625 -1137978.499348 28.717021 118.150470 -21.935476 1386.308789 -7.326 -7.326 2.866390 3.201823 0.970 0 0.000
12301.00 1403.81 91.650439 0.0118659436514460 0.013241 237.627877 -1136282.843508 28.666779 117.943808 -21.907085 1383.817117 -7.326 -7.326 2.865016 3.201552 0.980 0 0.000
12201.00 1402.96 91.477697 0.0119073250116624 0.013293 237.140706 -1134544.870713 28.615470 117.732805 -21.877977 1381.277531 -7.326 -7.326 2.863616 3.201280 0.990 0 0.000
12101.00 1402.09 91.301457 0.0119496362913299 0.013345 236.643935 -1132763.710642 28.563073 117.517374 -21.848134 1378.689077 -7.327 -7.327 2.862189 3.201007 1.000 0 0.000
12001.00 1401.21 91.121654 0.0119928591040065 0.013399 236.137393 -1130938.517002 28.509569 117.297431 -21.817541 1376.050829 -7.328 -7.328 2.860734 3.200734 1.011 0 0.000
11901.00 1400.32 90.938227 0.0120369700183553 0.013454 235.620915 -1129068.472760 28.454938 117.072894 -21.786182 1373.361898 -7.330 -7.330 2.859250 3.200459 1.021 0 0.000
11801.00 1399.41 90.751118 0.0120819400444915 0.013510 235.094350 -1127152.795806 28.399162 116.843684 -21.754041 1370.621438 -7.332 -7.332 2.857736 3.200183 1.032 0 0.000
11701.00 1398.49 90.560271 0.0121277340259788 0.013567 234.557554 -1125190.745112 28.342224 116.609730 -21.721104 1367.828651 -7.335 -7.335 2.856191 3.199906 1.043 0 0.000
11601.00 1397.56 90.365637 0.0121743098922876 0.013626 234.010395 -1123181.627515 28.284108 116.370963 -21.687355 1364.982803 -7.338 -7.338 2.854614 3.199627 1.055 0 0.000
11501.00 1396.61 90.167169 0.0122216177902868 0.013685 233.452757 -1121124.805222 28.224800 116.127320 -21.652779 1362.083221 -7.342 -7.342 2.853003 3.199348 1.066 0 0.000
11401.00 1395.64 89.964829 0.0122695991157274 0.013745 232.884540 -1119019.704186 28.164286 115.878747 -21.617362 1359.129314 -7.347 -7.347 2.851359 3.199067 1.078 0 0.000
11301.00 1394.67 89.758582 0.0123181854054799 0.013806 232.305660 -1116865.823438 28.102557 115.625195 -21.581092 1356.120576 -7.352 -7.352 2.849680 3.198785 1.090 0 0.000
11201.00 1393.68 89.548403 0.0123672971706751 0.013868 231.716055 -1114662.745485 28.039604 115.366627 -21.543954 1353.056602 -7.358 -7.358 2.847965 3.198501 1.102 0 0.000
11101.00 1392.67 89.334274 0.0124168427781868 0.013931 231.115684 -1112410.147850 27.975419 115.103011 -21.505936 1349.937098 -7.364 -7.364 2.846214 3.198217 1.114 0 0.000
11001.00 1391.65 89.116186 0.0124667172093431 0.013994 230.504534 -1110107.815650 27.910001 114.834333 -21.467028 1346.761899 -7.371 -7.371 2.844426 3.197931 1.127 0 0.000
10901.00 1390.61 88.894142 0.0125168010851029 0.014058 229.882619 -1107755.655333 27.843348 114.560585 -21.427217 1343.530977 -7.379 -7.379 2.842600 3.197644 1.139 0 0.000
10801.00 1389.56 88.668153 0.0125669597571849 0.014122 229.249986 -1105353.709263 27.775464 114.281779 -21.386496 1340.244467 -7.387 -7.387 2.840737 3.197356 1.152 0 0.000
10701.00 1388.49 88.438246 0.0126170426919008 0.014187 228.606718 -1102902.171044 27.706356 113.997938 -21.344855 1336.902675 -7.395 -7.395 2.838835 3.197066 1.166 0 0.000
10601.00 1387.40 88.204462 0.0126668831329879 0.014251 227.952935 -1100401.401265 27.636034 113.709105 -21.302289 1333.506103 -7.404 -7.404 2.836894 3.196775 1.179 0 0.000
10501.00 1386.31 87.966855 0.0127162982195699 0.014315 227.288800 -1097851.943332 27.564515 113.415343 -21.258793 1330.055459 -7.414 -7.414 2.834915 3.196484 1.193 0 0.000
10401.00 1385.20 87.725497 0.0127650894699780 0.014379 226.614522 -1095254.538894 27.491820 113.116731 -21.214363 1326.551682 -7.424 -7.424 2.832898 3.196191 1.207 0 0.000
10301.00 1384.07 87.480478 0.0128130438549826 0.014442 225.930358 -1092610.142455 27.417974 112.813376 -21.169002 1322.995953 -7.435 -7.435 2.830842 3.195897 1.221 0 0.000
10201.00 1382.93 87.231906 0.0128599353301964 0.014504 225.236617 -1089919.934562 27.343010 112.505404 -21.122711 1319.389715 -7.446 -7.446 2.828749 3.195602 1.236 0 0.000
10101.00 1381.78 86.979908 0.0129055269552117 0.014564 224.533663 -1087185.333067 27.266966 112.192967 -21.075498 1315.734680 -7.457 -7.457 2.826618 3.195307 1.251 0 0.000
10001.00 1380.61 86.724633 0.0129495735263492 0.014624 223.821911 -1084408.001875 27.189885 111.876244 -21.027372 1312.032844 -7.469 -7.469 2.824451 3.195011 1.266 0 0.000
9901.00 1379.43 86.466248 0.0129918247114630 0.014681 223.101837 -1081589.856667 27.111818 111.555438 -20.978347 1308.286491 -7.482 -7.482 2.822249 3.194714 1.281 0 0.000
9801.00 1378.24 86.204943 0.0130320285759250 0.014737 222.373971 -1078733.067103 27.032823 111.230780 -20.928444 1304.498200 -7.494 -7.494 2.820012 3.194417 1.297 0 0.000
9701.00 1377.04 85.940927 0.0130699354039411 0.014790 221.638899 -1075840.055151 26.952962 110.902527 -20.877686 1300.670837 -7.507 -7.507 2.817742 3.194119 1.312 0 0.000
9601.00 1375.83 85.674429 0.0131053017955006 0.014840 220.897261 -1072913.489308 26.872304 110.570959 -20.826100 1296.807554 -7.521 -7.521 2.815440 3.193821 1.328 0 0.000
9501.00 1374.61 85.405697 0.0131378946148759 0.014888 220.149748 -1069956.274484 26.790926 110.236385 -20.773723 1292.911774 -7.534 -7.534 2.813109 3.193523 1.344 0 0.000
9401.00 1373.38 85.134996 0.0131674949865123 0.014933 219.397099 -1066971.537798 26.708907 109.899133 -20.720593 1288.987177 -7.548 -7.548 2.810748 3.193225 1.361 0 0.000
9301.00 1372.15 84.862607 0.0131939018855140 0.014974 218.640095 -1063962.610325 26.626334 109.559555 -20.666754 1285.037678 -7.562 -7.562 2.808361 3.192927 1.377 0 0.000
9201.00 1370.91 84.588827 0.0132169353271986 0.015011 217.879556 -1060933.005290 26.543296 109.218019 -20.612258 1281.067400 -7.576 -7.576 2.805949 3.192629 1.394 0 0.000
9101.00 1369.67 84.313961 0.0132364389534602 0.015045 217.116334 -1057886.393236 26.459889 108.874913 -20.557160 1277.080646 -7.591 -7.591 2.803515 3.192332 1.411 0 0.000
9001.00 1368.42 84.038328 0.0132522819860909 0.015074 216.351305 -1054826.574828 26.376210 108.530635 -20.501518 1273.081865 -7.605 -7.605 2.801059 3.192035 1.428 0 0.000
8901.00 1367.17 83.762251 0.0132643604549873 0.015100 215.585365 -1051757.452062 26.292358 108.185594 -20.445399 1269.075620 -7.620 -7.620 2.798584 3.191739 1.445 0 0.000
8801.00 1365.92 83.486059 0.0132725976413084 0.015121 214.819422 -1048682.998637 26.208435 107.840206 -20.388869 1265.066550 -7.634 -7.634 2.796093 3.191443 1.462 0 0.000
8701.00 1364.67 83.210083 0.0132769439239107 0.015138 214.054387 -1045607.230358 26.124543 107.494893 -20.332001 1261.059334 -7.649 -7.649 2.793586 3.191149 1.480 0 0.000
8601.00 1363.42 82.934654 0.0132773759041890 0.015150 213.291173 -1042534.176211 26.040785 107.150076 -20.274868 1257.058657 -7.663 -7.663 2.791067 3.190855 1.497 0 0.000
8501.00 1362.17 82.660100 0.0132738951158195 0.015159 212.530681 -1039467.850827 25.957263 106.806174 -20.217546 1253.069177 -7.678 -7.678 2.788536 3.190563 1.515 0 0.000
8401.00 1360.93 82.386746 0.0132665262305632 0.015162 211.773803 -1036412.228780 25.874078 106.463601 -20.160112 1249.095492 -7.692 -7.692 2.785997 3.190272 1.532 0 0.000
8301.00 1359.70 82.114909 0.0132553151369654 0.015162 211.021409 -1033371.221193 25.791328 106.122764 -20.102646 1245.142116 -7.706 -7.706 2.783450 3.189982 1.550 0 0.000
8201.00 1358.69 81.844899 0.0126112654623798 0.014438 210.274347 -1030348.650254 25.706517 105.768834 -19.984624 1240.750678 -7.713 -7.713 2.780923 3.189721 1.566 0 0.000
8101.00 1358.10 81.629022 0.0114138354868677 0.013080 209.677172 -1027980.724174 25.636157 105.470207 -19.826795 1236.741358 -7.706 -7.706 2.778434 3.189514 1.579 0 0.000
8001.00 1357.52 81.512446 0.0114145612320958 0.013092 209.354646 -1026818.550683 25.601491 105.326242 -19.810070 1235.054550 -7.698 -7.698 2.775933 3.189306 1.592 0 0.000
7901.00 1356.94 81.395977 0.0114157403070844 0.013104 209.032367 -1025656.296819 25.566850 105.182299 -19.793464 1233.371113 -7.690 -7.690 2.773421 3.189100 1.606 0 0.000
7801.00 1356.35 81.279577 0.0114173758208073 0.013117 208.710232 -1024493.510719 25.532223 105.038328 -19.776970 1231.690491 -7.681 -7.681 2.770897 3.188895 1.619 0 0.000
7701.00 1355.77 81.163210 0.0114194694704293 0.013131 208.388135 -1023329.738892 25.497598 104.894281 -19.760581 1230.012124 -7.673 -7.673 2.768361 3.188690 1.632 0 0.000
7601.00 1355.18 81.046837 0.0114220215103120 0.013145 208.065973 -1022164.527660 25.462964 104.750109 -19.744287 1228.335457 -7.664 -7.664 2.765813 3.188486 1.645 0 0.000
7501.00 1354.60 80.930423 0.0114250306834000 0.013159 207.743641 -1020997.424621 25.428308 104.605764 -19.728081 1226.659933 -7.655 -7.655 2.763253 3.188283 1.659 0 0.000
7401.00 1354.02 80.813930 0.0114284941721343 0.013175 207.421037 -1019827.980176 25.393620 104.461197 -19.711954 1224.985003 -7.645 -7.645 2.760682 3.188081 1.672 0 0.000
7301.00 1353.43 80.697321 0.0114324075150880 0.013190 207.098060 -1018655.749108 25.358888 104.316362 -19.695898 1223.310121 -7.636 -7.636 2.758099 3.187879 1.686 0 0.000
7201.00 1352.85 80.580562 0.0114367644493512 0.013207 206.774609 -1017480.292226 25.324101 104.171210 -19.679903 1221.634746 -7.626 -7.626 2.755503 3.187679 1.699 0 0.000
7101.00 1352.26 80.463618 0.0114415568317095 0.013224 206.450586 -1016301.178178 25.289248 104.025696 -19.663961 1219.958349 -7.616 -7.616 2.752896 3.187479 1.713 0 0.000
7001.00 1351.67 80.346453 0.0114467744915157 0.013242 206.125896 -1015117.985318 25.254318 103.879775 -19.648064 1218.280410 -7.606 -7.606 2.750277 3.187280 1.726 0 0.000
6901.00 1351.08 80.229036 0.0114524050373919 0.013260 205.800447 -1013930.303729 25.219300 103.733402 -19.632201 1216.600423 -7.596 -7.596 2.747646 3.187082 1.740 0 0.000
6801.00 1350.50 80.111334 0.0114584337025528 0.013278 205.474149 -1012737.737423 25.184186 103.586535 -19.616365 1214.917894 -7.585 -7.585 2.745003 3.186885 1.754 0 0.000
6701.00 1349.91 79.993316 0.0114648431557147 0.013298 205.146916 -1011539.906682 25.148964 103.439132 -19.600547 1213.232347 -7.575 -7.575 2.742349 3.186689 1.767 0 0.000
6601.00 1349.31 79.874955 0.0114716132790747 0.013318 204.818668 -1010336.450587 25.113626 103.291156 -19.584736 1211.543328 -7.564 -7.564 2.739683 3.186493 1.781 0 0.000
6501.00 1348.72 79.756223 0.0114787209702104 0.013338 204.489329 -1009127.029748 25.078163 103.142568 -19.568925 1209.850399 -7.554 -7.554 2.737005 3.186298 1.795 0 0.000
6401.00 1348.13 79.637094 0.0114861399109366 0.013359 204.158829 -1007911.329219 25.042567 102.993336 -19.553104 1208.153154 -7.543 -7.543 2.734315 3.186104 1.808 0 0.000
6301.00 1347.53 79.517547 0.0114938403633926 0.013380 203.827103 -1006689.061634 25.006831 102.843428 -19.537264 1206.451208 -7.533 -7.533 2.731614 3.185911 1.822 0 0.000
6201.00 1346.93 79.397561 0.0115017889477867 0.013401 203.494095 -1005459.970516 24.970949 102.692814 -19.521396 1204.744213 -7.523 -7.523 2.728902 3.185719 1.836 0 0.000
6101.00 1346.33 79.277118 0.0115099484484078 0.013423 203.159757 -1004223.833801 24.934914 102.541472 -19.505492 1203.031850 -7.512 -7.512 2.726178 3.185528 1.850 0 0.000
6001.00 1345.73 79.156204 0.0115182776119518 0.013446 202.824048 -1002980.467525 24.898722 102.389380 -19.489542 1201.313842 -7.502 -7.502 2.723444 3.185338 1.864 0 0.000
5901.00 1345.13 79.034809 0.0115267310734583 0.013468 202.486937 -1001729.729690 24.862369 102.236522 -19.473538 1199.589953 -7.492 -7.492 2.720698 3.185148 1.878 0 0.000
5801.00 1344.52 78.912925 0.0115352591561697 0.013491 202.148404 -1000471.524183 24.825853 102.082887 -19.457472 1197.859992 -7.482 -7.482 2.717942 3.184960 1.892 0 0.000
5701.00 1343.91 78.790550 0.0115438079050997 0.013513 201.808440 -999205.804858 24.789172 101.928468 -19.441335 1196.123818 -7.472 -7.472 2.715175 3.184772 1.906 0 0.000
5601.00 1343.30 78.667684 0.0115523190666196 0.013536 201.467049 -997932.579565 24.752327 101.773266 -19.425121 1194.381346 -7.463 -7.463 2.712398 3.184585 1.919 0 0.000
5501.00 1342.69 78.544333 0.0115607302360304 0.013559 201.124246 -996651.914168 24.715319 101.617284 -19.408820 1192.632547 -7.454 -7.454 2.709612 3.184399 1.933 0 0.000
5401.00 1342.07 78.420508 0.0115689750158774 0.013582 200.780062 -995363.936383 24.678150 101.460536 -19.392428 1190.877456 -7.445 -7.445 2.706816 3.184214 1.947 0 0.000
5301.00 1341.46 78.296226 0.0115769833796224 0.013604 200.434541 -994068.839436 24.640826 101.303041 -19.375937 1189.116173 -7.437 -7.437 2.704010 3.184030 1.961 0 0.000
5201.00 1340.84 78.171506 0.0115846820992044 0.013626 200.087743 -992766.885327 24.603353 101.144823 -19.359341 1187.348871 -7.429 -7.429 2.701196 3.183847 1.975 0 0.000
5101.00 1340.22 78.046378 0.0115919953251630 0.013648 199.739744 -991458.407652 24.565739 100.985918 -19.342636 1185.575791 -7.421 -7.421 2.698373 3.183665 1.989 0 0.000
5001.00 1339.59 77.920874 0.0115988453222863 0.013670 199.390636 -990143.813817 24.527994 100.826367 -19.325819 1183.797256 -7.414 -7.414 2.695543 3.183484 2.003 0 0.000
4901.00 1338.97 77.795032 0.0116051533356274 0.013691 199.040529 -988823.586518 24.490129 100.666218 -19.308886 1182.013664 -7.407 -7.407 2.692705 3.183304 2.017 0 0.000
4801.00 1338.34 77.668898 0.0116108406205188 0.013711 198.689546 -987498.284346 24.452159 100.505530 -19.291835 1180.225491 -7.401 -7.401 2.689860 3.183125 2.031 0 0.000
4701.00 1337.72 77.542522 0.0116158295899824 0.013730 198.337831 -986168.541366 24.414099 100.344369 -19.274667 1178.433295 -7.396 -7.396 2.687009 3.182946 2.045 0 0.000
4601.00 1337.09 77.415960 0.0116200450647109 0.013749 197.985543 -984835.065571 24.375965 100.182807 -19.257382 1176.637714 -7.391 -7.391 2.684152 3.182769 2.058 0 0.000
4501.00 1336.46 77.289276 0.0116234156862509 0.013767 197.632853 -983498.636115 24.337778 100.020926 -19.239984 1174.839459 -7.387 -7.387 2.681291 3.182593 2.072 0 0.000
4401.00 1335.84 77.053673 0.0102057767322907 0.012103 196.976817 -980801.285358 24.258808 99.688243 -19.029446 1170.602173 -7.382 -7.382 2.678434 3.182417 2.085 0 0.000
4301.00 1335.20 77.037657 0.0116282789237370 0.013800 196.932214 -980843.879576 24.261914 99.699113 -19.205431 1171.262559 -7.380 -7.380 2.675563 3.182243 2.099 0 0.000
4201.00 1334.57 76.910951 0.0116286909173607 0.013814 196.579299 -979502.986618 24.223672 99.536731 -19.187702 1169.460246 -7.378 -7.378 2.672690 3.182069 2.112 0 0.000
4101.00 1333.94 76.784422 0.0116280435193394 0.013828 196.226822 -978162.920626 24.185469 99.374426 -19.169890 1167.658853 -7.376 -7.376 2.669814 3.181897 2.126 0 0.000
4001.00 1333.31 76.658151 0.0116263050543585 0.013839 195.875015 -976824.722985 24.147331 99.212309 -19.152005 1165.859394 -7.376 -7.376 2.666938 3.181726 2.139 0 0.000
3901.00 1332.68 76.532222 0.0116234556186809 0.013850 195.524111 -975489.461852 24.109284 99.050492 -19.134062 1164.062913 -7.376 -7.376 2.664061 3.181555 2.152 0 0.000
3801.00 1332.05 76.406720 0.0116194878873286 0.013859 195.174350 -974158.220540 24.071353 98.889090 -19.116075 1162.270482 -7.378 -7.378 2.661184 3.181386 2.165 0 0.000
3701.00 1331.42 76.281731 0.0116144077410751 0.013867 194.825969 -972832.085212 24.033567 98.728218 -19.098061 1160.483182 -7.380 -7.380 2.658310 3.181218 2.178 0 0.000
3601.00 1330.79 76.157337 0.0116082345434802 0.013874 194.479205 -971512.132039 23.995952 98.567990 -19.080040 1158.702091 -7.383 -7.383 2.655437 3.181050 2.191 0 0.000
3501.00 1330.17 76.033621 0.0116010011698046 0.013880 194.134287 -970199.414195 23.958533 98.408519 -19.062031 1156.928272 -7.387 -7.387 2.652568 3.180884 2.203 0 0.000
3401.00 1329.54 75.910661 0.0115927537376058 0.013884 193.791437 -968894.948898 23.921335 98.249913 -19.044055 1155.162757 -7.392 -7.392 2.649702 3.180718 2.215 0 0.000
3301.00 1328.92 75.788533 0.0115835510573594 0.013887 193.450864 -967599.704825 23.884382 98.092277 -19.026134 1153.406535 -7.398 -7.398 2.646842 3.180553 2.227 0 0.000
3201.00 1328.30 75.667306 0.0115734638531191 0.013889 193.112765 -966314.590122 23.847697 97.935707 -19.008291 1151.660539 -7.405 -7.405 2.643988 3.180390 2.239 0 0.000
3101.00 1327.69 75.547043 0.0115625737647467 0.013890 192.777321 -965040.441269 23.811300 97.780294 -18.990547 1149.925632 -7.413 -7.413 2.641140 3.180227 2.251 0 0.000
3001.00 1327.07 75.427803 0.0115509722085157 0.013890 192.444692 -963778.012970 23.775210 97.626119 -18.972926 1148.202596 -7.422 -7.422 2.638300 3.180065 2.262 0 0.000
2901.00 1326.46 75.309635 0.0115387591309953 0.013889 192.115020 -962527.969214 23.739442 97.473255 -18.955449 1146.492124 -7.432 -7.432 2.635469 3.179904 2.273 0 0.000
2801.00 1325.85 75.192581 0.0115260417185943 0.013888 191.788424 -961290.875593 23.704010 97.321764 -18.938138 1144.794810 -7.443 -7.443 2.632647 3.179744 2.284 0 0.000
2701.00 1325.25 75.076675 0.0115129331423909 0.013886 191.464998 -960067.192904 23.668927 97.171695 -18.921014 1143.111139 -7.454 -7.454 2.629835 3.179585 2.294 0 0.000
2601.00 1324.65 74.961942 0.0114995513167116 0.013884 191.144815 -958857.272002 23.634199 97.023089 -18.904095 1141.441486 -7.467 -7.467 2.627034 3.179427 2.304 0 0.000
2501.00 1324.05 74.848397 0.0114860178518973 0.013882 190.827919 -957661.349868 23.599832 96.875972 -18.887399 1139.786106 -7.481 -7.481 2.624245 3.179269 2.314 0 0.000
2401.00 1323.45 74.736047 0.0114724570910896 0.013879 190.514331 -956479.546702 23.565830 96.730360 -18.870943 1138.145135 -7.497 -7.497 2.621469 3.179113 2.323 0 0.000
2301.00 1322.86 74.624890 0.0114589953769013 0.013877 190.204043 -955311.863953 23.532192 96.586254 -18.854740 1136.518583 -7.513 -7.513 2.618706 3.178957 2.332 0 0.000
2201.00 1322.27 74.514913 0.0114457605461251 0.013874 189.897023 -954158.183062 23.498915 96.443643 -18.838804 1134.906337 -7.530 -7.530 2.615957 3.178803 2.340 0 0.000
2101.00 1321.68 74.406094 0.0114328815976046 0.013872 189.593211 -953018.264690 23.465991 96.302506 -18.823144 1133.308157 -7.548 -7.548 2.613223 3.178649 2.348 0 0.000
2001.00 1321.10 74.298402 0.0114204887358700 0.013871 189.292521 -951891.748264 23.433413 96.162805 -18.807769 1131.723673 -7.568 -7.568 2.610505 3.178497 2.355 0 0.000
1901.00 1320.51 74.191796 0.0114087135721463 0.013870 188.994838 -950778.151493 23.401167 96.024491 -18.792686 1130.152390 -7.589 -7.589 2.607803 3.178345 2.362 0 0.000
1801.00 1319.93 74.086225 0.0113976896765831 0.013870 188.700023 -949676.869697 23.369238 95.887502 -18.777899 1128.593686 -7.611 -7.611 2.605119 3.178194 2.368 0 0.000
1701.00 1319.36 73.981630 0.0113875534195767 0.013871 188.407908 -948587.174622 23.337607 95.751763 -18.763411 1127.046804 -7.634 -7.634 2.602453 3.178045 2.374 0 0.000
1601.00 1318.78 73.877939 0.0113784451308452 0.013873 188.118298 -947508.212479 23.306253 95.617186 -18.749223 1125.510861 -7.658 -7.658 2.599806 3.177896 2.379 0 0.000
1501.00 1318.20 73.775074 0.0113705106126409 0.013877 187.830971 -946439.000914 23.275151 95.483669 -18.735334 1123.984835 -7.684 -7.684 2.597178 3.177749 2.384 0 0.000
1401.00 1317.63 73.672943 0.0113639030497222 0.013882 187.545674 -945378.424586 23.244273 95.351096 -18.721740 1122.467567 -7.711 -7.711 2.594571 3.177603 2.388 0 0.000
1301.00 1317.06 73.571445 0.0113587853462584 0.013889 187.262125 -944325.229002 23.213586 95.219335 -18.708439 1120.957751 -7.739 -7.739 2.591986 3.177459 2.391 0 0.000
1201.00 1316.48 73.470468 0.0113553329964887 0.013898 186.980007 -943278.012220 23.183056 95.088242 -18.695426 1119.453927 -7.769 -7.769 2.589422 3.177315 2.393 0 0.000
1101.00 1315.91 73.369885 0.0113537375438935 0.013908 186.698972 -942235.213951 23.152644 94.957653 -18.682694 1117.954470 -7.800 -7.800 2.586883 3.177174 2.395 0 0.000
1001.00 1315.33 73.269558 0.0113542108116771 0.013922 186.418632 -941195.101533 23.122306 94.827388 -18.670237 1116.457574 -7.833 -7.833 2.584367 3.177034 2.396 0 0.000
901.00 1314.75 73.169334 0.0113569899972596 0.013938 186.138556 -940155.752097 23.091993 94.697245 -18.658048 1114.961236 -7.868 -7.868 2.581877 3.176895 2.396 0 0.000
801.00 1314.17 73.069041 0.0113623439906929 0.013957 185.858270 -939115.030161 23.061652 94.567004 -18.646121 1113.463228 -7.904 -7.904 2.579414 3.176759 2.395 0 0.000
701.00 1313.59 72.968490 0.0113705809911090 0.013979 185.577244 -938070.559572 23.031224 94.436414 -18.634448 1111.961073 -7.943 -7.943 2.576978 3.176625 2.394 0 0.000
601.00 1313.00 72.867471 0.0113820580902735 0.014006 185.294889 -937019.688654 23.000643 94.305201 -18.623025 1110.452003 -7.983 -7.983 2.574571 3.176493 2.391 0 0.000
501.00 1312.40 72.765746 0.0113971930927153 0.014037 185.010543 -935959.446820 22.969834 94.173056 -18.611850 1108.932918 -8.025 -8.025 2.572194 3.176364 2.387 0 0.000
401.00 1311.80 72.663051 0.0114164793889543 0.014072 184.723466 -934886.490704 22.938714 94.039629 -18.600923 1107.400327 -8.070 -8.070 2.569849 3.176237 2.382 0 0.000
301.00 1311.19 72.559086 0.0114405047188354 0.014114 184.432817 -933797.037107 22.907189 93.904528 -18.590248 1105.850275 -8.117 -8.117 2.567537 3.176114 2.376 0 0.000
201.00 1310.57 72.453509 0.0114699749996264 0.014162 184.137643 -932686.779370 22.875153 93.767305 -18.579838 1104.278258 -8.167 -8.167 2.565259 3.175995 2.369 0 0.000
101.00 1309.94 72.345928 0.0115057447623934 0.014218 183.836849 -931550.782745 22.842484 93.627448 -18.569711 1102.679110 -8.220 -8.220 2.563017 3.175879 2.360 0 0.000
1.00 1309.29 72.235893 0.0115488558900448 0.014283 183.529176 -930383.352991 22.809042 93.484366 -18.559973 1101.046251 -8.276 -8.276 2.560798 3.175768 2.351 0 0.000
