Title: Depleted MORB Mantle of Workmann & Hart 2005

Liquid Composition:
Pressure Temperature mass SiO2 TiO2 Al2O3 Fe2O3 Cr2O3 FeO MnO MgO NiO CaO Na2O 
44001.00 1494.31 0.000000 ---
43901.00 1494.07 0.000000 ---
43801.00 1493.84 0.000000 ---
43701.00 1493.61 0.000000 ---
43601.00 1493.38 0.000000 ---
43501.00 1493.15 0.000000 ---
43401.00 1492.92 0.000000 ---
43301.00 1492.69 0.000000 ---
43201.00 1492.46 0.000000 ---
43101.00 1492.23 0.000000 ---
43001.00 1492.00 0.000000 ---
42901.00 1491.77 0.000000 ---
42801.00 1491.54 0.000000 ---
42701.00 1491.30 0.000000 ---
42601.00 1491.07 0.000000 ---
42501.00 1490.84 0.000000 ---
42401.00 1490.61 0.000000 ---
42301.00 1490.38 0.000000 ---
42201.00 1490.15 0.000000 ---
42101.00 1489.92 0.000000 ---
42001.00 1489.68 0.000000 ---
41901.00 1489.45 0.000000 ---
41801.00 1489.22 0.000000 ---
41701.00 1488.99 0.000000 ---
41601.00 1488.76 0.000000 ---
41501.00 1488.52 0.000000 ---
41401.00 1488.29 0.000000 ---
41301.00 1488.06 0.000000 ---
41201.00 1487.83 0.000000 ---
41101.00 1487.60 0.000000 ---
41001.00 1487.36 0.000000 ---
40901.00 1487.13 0.000000 ---
40801.00 1486.90 0.000000 ---
40701.00 1486.67 0.000000 ---
40601.00 1486.43 0.000000 ---
40501.00 1486.20 0.000000 ---
40401.00 1485.97 0.000000 ---
40301.00 1485.73 0.000000 ---
40201.00 1485.50 0.000000 ---
40101.00 1485.27 0.000000 ---
40001.00 1485.03 0.000000 ---
39901.00 1484.80 0.000000 ---
39801.00 1484.57 0.000000 ---
39701.00 1484.33 0.000000 ---
39601.00 1484.10 0.000000 ---
39501.00 1483.87 0.000000 ---
39401.00 1483.63 0.000000 ---
39301.00 1483.40 0.000000 ---
39201.00 1483.17 0.000000 ---
39101.00 1482.93 0.000000 ---
39001.00 1482.70 0.000000 ---
38901.00 1482.46 0.000000 ---
38801.00 1482.23 0.000000 ---
38701.00 1481.99 0.000000 ---
38601.00 1481.76 0.000000 ---
38501.00 1481.52 0.000000 ---
38401.00 1481.29 0.000000 ---
38301.00 1481.05 0.000000 ---
38201.00 1480.82 0.000000 ---
38101.00 1480.58 0.000000 ---
38001.00 1480.35 0.000000 ---
37901.00 1480.11 0.000000 ---
37801.00 1479.88 0.000000 ---
37701.00 1479.64 0.000000 ---
37601.00 1479.41 0.000000 ---
37501.00 1479.17 0.000000 ---
37401.00 1478.93 0.000000 ---
37301.00 1478.70 0.000000 ---
37201.00 1478.46 0.000000 ---
37101.00 1478.22 0.000000 ---
37001.00 1477.99 0.000000 ---
36901.00 1477.75 0.000000 ---
36801.00 1477.51 0.000000 ---
36701.00 1477.28 0.000000 ---
36601.00 1477.04 0.000000 ---
36501.00 1476.80 0.000000 ---
36401.00 1476.56 0.000000 ---
36301.00 1476.33 0.000000 ---
36201.00 1476.09 0.000000 ---
36101.00 1475.85 0.000000 ---
36001.00 1475.61 0.000000 ---
35901.00 1475.37 0.000000 ---
35801.00 1475.14 0.000000 ---
35701.00 1474.90 0.000000 ---
35601.00 1474.66 0.000000 ---
35501.00 1474.42 0.000000 ---
35401.00 1474.18 0.000000 ---
35301.00 1473.94 0.000000 ---
35201.00 1473.70 0.000000 ---
35101.00 1473.46 0.000000 ---
35001.00 1473.22 0.000000 ---
34901.00 1472.98 0.000000 ---
34801.00 1472.74 0.000000 ---
34701.00 1472.50 0.000000 ---
34601.00 1472.26 0.000000 ---
34501.00 1472.02 0.000000 ---
34401.00 1471.78 0.000000 ---
34301.00 1471.53 0.000000 ---
34201.00 1471.29 0.000000 ---
34101.00 1471.05 0.000000 ---
34001.00 1470.81 0.000000 ---
33901.00 1470.57 0.000000 ---
33801.00 1470.32 0.000000 ---
33701.00 1470.08 0.000000 ---
33601.00 1469.84 0.000000 ---
33501.00 1469.59 0.000000 ---
33401.00 1469.35 0.000000 ---
33301.00 1469.11 0.000000 ---
33201.00 1468.86 0.000000 ---
33101.00 1468.62 0.000000 ---
33001.00 1468.37 0.000000 ---
32901.00 1468.13 0.000000 ---
32801.00 1467.88 0.000000 ---
32701.00 1467.64 0.000000 ---
32601.00 1467.39 0.000000 ---
32501.00 1467.15 0.000000 ---
32401.00 1466.90 0.000000 ---
32301.00 1466.65 0.000000 ---
32201.00 1466.41 0.000000 ---
32101.00 1466.16 0.000000 ---
32001.00 1465.91 0.000000 ---
31901.00 1465.66 0.000000 ---
31801.00 1465.42 0.000000 ---
31701.00 1465.17 0.000000 ---
31601.00 1464.92 0.000000 ---
31501.00 1464.67 0.000000 ---
31401.00 1464.42 0.000000 ---
31301.00 1464.17 0.000000 ---
31201.00 1463.92 0.000000 ---
31101.00 1463.67 0.000000 ---
31001.00 1463.42 0.000000 ---
30901.00 1463.17 0.000000 ---
30801.00 1462.92 0.000000 ---
30701.00 1462.66 0.000000 ---
30601.00 1462.41 0.000000 ---
30501.00 1462.16 0.000000 ---
30401.00 1461.90 0.000000 ---
30301.00 1461.65 0.000000 ---
30201.00 1461.40 0.000000 ---
30101.00 1461.14 0.000000 ---
30001.00 1460.89 0.000000 ---
29901.00 1460.63 0.000000 ---
29801.00 1460.38 0.000000 ---
29701.00 1460.12 0.000000 ---
29601.00 1459.86 0.000000 ---
29501.00 1459.60 0.000000 ---
29401.00 1459.35 0.000000 ---
29301.00 1459.09 0.000000 ---
29201.00 1458.83 0.000000 ---
29101.00 1458.57 0.000000 ---
29001.00 1458.31 0.000000 ---
28901.00 1458.05 0.000000 ---
28801.00 1457.79 0.000000 ---
28701.00 1457.53 0.000000 ---
28601.00 1457.26 0.000000 ---
28501.00 1457.00 0.000000 ---
28401.00 1456.74 0.000000 ---
28301.00 1456.47 0.000000 ---
28201.00 1456.21 0.000000 ---
28101.00 1455.94 0.000000 ---
28001.00 1455.68 0.000000 ---
27901.00 1455.41 0.000000 ---
27801.00 1455.14 0.000000 ---
27701.00 1454.88 0.000000 ---
27601.00 1454.61 0.000000 ---
27501.00 1454.34 0.000000 ---
27401.00 1454.07 0.000000 ---
27301.00 1453.80 0.000000 ---
27201.00 1453.52 0.000000 ---
27101.00 1453.25 0.000000 ---
27001.00 1452.98 0.000000 ---
26901.00 1452.70 0.000000 ---
26801.00 1452.43 0.000000 ---
26701.00 1452.15 0.000000 ---
26601.00 1451.87 0.000000 ---
26501.00 1451.60 0.000000 ---
26401.00 1451.32 0.000000 ---
26301.00 1451.04 0.000000 ---
26201.00 1450.76 0.000000 ---
26101.00 1450.48 0.000000 ---
26001.00 1450.19 0.000000 ---
25901.00 1449.91 0.000000 ---
25801.00 1449.62 0.000000 ---
25701.00 1449.34 0.000000 ---
25601.00 1449.05 0.000000 ---
25501.00 1448.76 0.000000 ---
25401.00 1448.47 0.000000 ---
25301.00 1448.18 0.000000 ---
25201.00 1447.89 0.000000 ---
25101.00 1447.59 0.000000 ---
25001.00 1447.30 0.000000 ---
24901.00 1447.00 0.000000 ---
24801.00 1446.70 0.000000 ---
24701.00 1446.40 0.000000 ---
24601.00 1446.10 0.000000 ---
24501.00 1445.80 0.000000 ---
24401.00 1445.49 0.000000 ---
24301.00 1445.19 0.000000 ---
24201.00 1444.88 0.000000 ---
24101.00 1444.57 0.000000 ---
24001.00 1444.26 0.000000 ---
23901.00 1443.95 0.000000 ---
23801.00 1443.63 0.000000 ---
23701.00 1443.31 0.000000 ---
23601.00 1442.99 0.000000 ---
23501.00 1442.67 0.000000 ---
23401.00 1442.30 0.011129 43.417 1.02197 12.8199 0.240861 0.35634 10.5014 0.050983 17.0405 0.0313321 5.43138 9.08836
23301.00 1441.93 0.022653 43.4362 1.01435 12.8833 0.240402 0.347803 10.4871 0.0504014 17.0201 0.0309669 5.46911 9.02016
23201.00 1441.56 0.034330 43.4554 1.00669 12.9466 0.239899 0.339327 10.473 0.0498243 16.9997 0.0306047 5.50723 8.95161
23101.00 1441.18 0.046160 43.4747 0.998986 13.0096 0.23935 0.330916 10.4592 0.0492518 16.9793 0.0302454 5.54573 8.88273
23001.00 1440.80 0.058140 43.4939 0.991244 13.0724 0.238753 0.322572 10.4456 0.0486839 16.9588 0.0298892 5.58462 8.81353
22901.00 1440.42 0.070270 43.5132 0.983461 13.135 0.238106 0.314297 10.4322 0.0481206 16.9382 0.0295359 5.6239 8.744
22801.00 1440.04 0.082548 43.5324 0.975637 13.1973 0.237409 0.306095 10.419 0.0475619 16.9176 0.0291857 5.66358 8.67415
22701.00 1439.65 0.094972 43.5517 0.96777 13.2594 0.236659 0.297968 10.4061 0.0470078 16.8969 0.0288385 5.70365 8.60398
22601.00 1439.26 0.107539 43.5709 0.959861 13.3213 0.235855 0.289918 10.3934 0.0464585 16.8762 0.0284943 5.74411 8.53351
22501.00 1438.87 0.120246 43.5901 0.951909 13.3829 0.234996 0.281949 10.381 0.0459138 16.8553 0.0281532 5.78497 8.46274
22401.00 1438.47 0.133091 43.6094 0.943913 13.4442 0.234079 0.274061 10.3689 0.0453739 16.8344 0.0278152 5.82623 8.39167
22301.00 1438.07 0.146068 43.6286 0.935872 13.5053 0.233103 0.266258 10.357 0.0448387 16.8134 0.0274802 5.86789 8.32031
22201.00 1437.66 0.159172 43.6477 0.927787 13.5661 0.232067 0.258543 10.3454 0.0443082 16.7922 0.0271483 5.90995 8.24867
22101.00 1437.26 0.172399 43.6669 0.919656 13.6266 0.230968 0.250917 10.3342 0.0437826 16.771 0.0268196 5.95241 8.17676
22001.00 1436.85 0.185742 43.686 0.911478 13.6869 0.229806 0.243383 10.3232 0.0432618 16.7497 0.0264939 5.99527 8.10458
21901.00 1436.45 0.207584 43.7122 0.906457 13.7316 0.229793 0.238315 10.3077 0.0428116 16.7293 0.0262113 6.03672 8.03888
21801.00 1436.08 0.241792 43.7487 0.905995 13.7543 0.231516 0.236665 10.2854 0.0424576 16.7105 0.0259871 6.07595 7.98254
21701.00 1435.71 0.276490 43.7852 0.905524 13.7768 0.233261 0.23501 10.2632 0.0421044 16.6917 0.0257635 6.11551 7.92592
21601.00 1435.33 0.311689 43.8218 0.905042 13.7992 0.23503 0.233352 10.241 0.0417523 16.6729 0.0255405 6.1554 7.86902
21501.00 1434.96 0.347404 43.8584 0.904551 13.8214 0.236822 0.231689 10.2188 0.041401 16.6541 0.0253183 6.19562 7.81184
21401.00 1434.58 0.383648 43.895 0.904049 13.8435 0.238637 0.230023 10.1967 0.0410508 16.6353 0.0250967 6.23618 7.75438
21301.00 1434.20 0.420434 43.9318 0.903537 13.8655 0.240477 0.228353 10.1746 0.0407015 16.6165 0.0248758 6.27707 7.69665
21201.00 1433.82 0.457779 43.9685 0.903013 13.8873 0.24234 0.226681 10.1525 0.0403532 16.5976 0.0246556 6.31829 7.63865
21101.00 1433.44 0.495696 44.0053 0.902478 13.909 0.244228 0.225006 10.1305 0.0400059 16.5787 0.0244362 6.35985 7.58039
21001.00 1433.06 0.534201 44.0422 0.901931 13.9306 0.24614 0.223329 10.1085 0.0396596 16.5598 0.0242174 6.40174 7.52187
20901.00 1432.67 0.573311 44.0791 0.901372 13.9519 0.248078 0.22165 10.0866 0.0393144 16.5409 0.0239994 6.44398 7.46311
20801.00 1432.28 0.613040 44.116 0.9008 13.9732 0.25004 0.21997 10.0646 0.0389703 16.5219 0.0237821 6.48655 7.40409
20701.00 1431.89 0.653407 44.153 0.900215 13.9943 0.252027 0.218288 10.0427 0.0386272 16.503 0.0235655 6.52947 7.34484
20601.00 1431.50 0.694428 44.19 0.899616 14.0153 0.254039 0.216606 10.0208 0.0382851 16.4839 0.0233497 6.57272 7.28535
20501.00 1431.11 0.736122 44.2271 0.899003 14.0361 0.256077 0.214923 9.99888 0.0379442 16.4649 0.0231347 6.61632 7.22562
20401.00 1430.71 0.778506 44.2642 0.898375 14.0568 0.25814 0.21324 9.97701 0.0376044 16.4458 0.0229204 6.66026 7.16568
20301.00 1430.31 0.821600 44.3014 0.897732 14.0773 0.26023 0.211557 9.95515 0.0372657 16.4266 0.0227069 6.70454 7.10552
20201.00 1429.91 0.865423 44.3385 0.897074 14.0977 0.262345 0.209875 9.9333 0.0369282 16.4074 0.0224942 6.74916 7.04514
20101.00 1429.51 0.909995 44.3758 0.896399 14.1179 0.264486 0.208193 9.91145 0.0365917 16.3882 0.0222823 6.79412 6.98456
20001.00 1429.10 0.955338 44.413 0.895707 14.138 0.266653 0.206514 9.88962 0.0362565 16.3689 0.0220711 6.83943 6.92379
19901.00 1428.69 1.001471 44.4503 0.894997 14.158 0.268846 0.204836 9.86778 0.0359224 16.3495 0.0218608 6.88508 6.86282
19801.00 1428.28 1.048335 44.4877 0.89427 14.1778 0.271066 0.20316 9.84594 0.0355896 16.3301 0.0216513 6.93107 6.80166
19701.00 1427.87 1.048289 44.525 0.893536 14.1974 0.273318 0.201478 9.8242 0.0352578 16.3107 0.0214426 6.97749 6.74017
19601.00 1427.45 1.048247 44.5622 0.892796 14.2169 0.275604 0.199791 9.80255 0.0349272 16.2913 0.0212346 7.02433 6.67835
19501.00 1427.04 1.048209 44.5993 0.89205 14.2362 0.277924 0.198099 9.781 0.0345977 16.272 0.0210275 7.07161 6.61619
19401.00 1426.62 1.048175 44.6363 0.891297 14.2553 0.280278 0.196402 9.75954 0.0342693 16.2527 0.0208212 7.11933 6.55371
19301.00 1426.20 1.048146 44.6733 0.890538 14.2743 0.282667 0.1947 9.73817 0.0339421 16.2334 0.0206156 7.16748 6.49089
19201.00 1425.78 1.048121 44.7102 0.889772 14.2931 0.285091 0.192993 9.7169 0.0336161 16.2141 0.020411 7.21608 6.42776
19101.00 1425.36 1.048100 44.747 0.888999 14.3117 0.287551 0.191283 9.69572 0.0332913 16.1949 0.0202071 7.26513 6.3643
19001.00 1424.94 1.048085 44.7836 0.888219 14.3301 0.290047 0.189568 9.67463 0.0329677 16.1756 0.0200041 7.31462 6.30053
18901.00 1424.51 1.048074 44.8202 0.887431 14.3484 0.29258 0.187851 9.65364 0.0326452 16.1564 0.0198019 7.36457 6.23644
18801.00 1424.09 1.048068 44.8567 0.886635 14.3664 0.29515 0.18613 9.63274 0.032324 16.1372 0.0196005 7.41498 6.17205
18701.00 1423.66 1.048068 44.8931 0.885832 14.3843 0.297758 0.184406 9.61193 0.0320041 16.1181 0.0194 7.46585 6.10735
18601.00 1423.23 1.048074 44.9293 0.88502 14.4021 0.300404 0.18268 9.59122 0.0316853 16.0989 0.0192004 7.51718 6.04235
18501.00 1422.80 1.048085 44.9655 0.884199 14.4196 0.303089 0.180951 9.57059 0.0313679 16.0797 0.0190017 7.56898 5.97705
18401.00 1422.36 1.048102 45.0015 0.883369 14.437 0.305813 0.17922 9.55006 0.0310517 16.0605 0.0188038 7.62125 5.91145
18301.00 1421.93 1.048126 45.0374 0.88253 14.4541 0.308576 0.177488 9.52961 0.0307368 16.0414 0.0186068 7.67398 5.84557
18201.00 1421.49 1.048155 45.0731 0.881681 14.4711 0.311379 0.175755 9.50926 0.0304232 16.0222 0.0184107 7.7272 5.77941
18101.00 1421.05 1.048192 45.1088 0.880822 14.4879 0.314223 0.174021 9.48899 0.0301109 16.003 0.0182155 7.78089 5.71297
18001.00 1420.61 1.048236 45.1443 0.879952 14.5046 0.317108 0.172286 9.4688 0.0297999 15.9839 0.0180212 7.83506 5.64625
17901.00 1420.17 1.048286 45.1796 0.87907 14.521 0.320034 0.17055 9.4487 0.0294902 15.9647 0.0178278 7.88971 5.57927
17801.00 1419.72 1.048345 45.2148 0.878177 14.5373 0.323002 0.168815 9.42869 0.0291819 15.9455 0.0176353 7.94485 5.51203
17701.00 1419.28 1.048411 45.2499 0.877272 14.5534 0.326011 0.167081 9.40875 0.028875 15.9263 0.0174437 8.00048 5.44453
17601.00 1418.83 1.048485 45.2848 0.876354 14.5693 0.329064 0.165347 9.3889 0.0285694 15.907 0.0172531 8.05659 5.37678
17501.00 1418.38 1.048567 45.3196 0.875422 14.585 0.332158 0.163614 9.36912 0.0282652 15.8878 0.0170634 8.1132 5.30878
17401.00 1417.92 1.048658 45.3542 0.874477 14.6005 0.335296 0.161883 9.34942 0.0279624 15.8685 0.0168747 8.17029 5.24055
17301.00 1417.47 1.048759 45.3887 0.873516 14.6159 0.338478 0.160154 9.3298 0.027661 15.8491 0.0166869 8.22789 5.17209
17201.00 1417.01 1.048868 45.423 0.87254 14.6311 0.341702 0.158427 9.31024 0.027361 15.8298 0.0165001 8.28597 5.1034
17101.00 1416.55 1.048988 45.4572 0.871547 14.646 0.344971 0.156703 9.29076 0.0270624 15.8103 0.0163142 8.34455 5.0345
17001.00 1416.08 1.049117 45.4912 0.870538 14.6608 0.348284 0.154981 9.27134 0.0267653 15.7909 0.0161293 8.40363 4.96539
16901.00 1415.62 1.049257 45.5251 0.86951 14.6755 0.351641 0.153263 9.25198 0.0264697 15.7714 0.0159454 8.46321 4.89607
16801.00 1415.15 1.049408 45.5588 0.868463 14.6899 0.355042 0.151549 9.23269 0.0261755 15.7518 0.0157624 8.52329 4.82657
16701.00 1414.68 1.049570 45.5923 0.867397 14.7041 0.358488 0.14984 9.21345 0.0258828 15.7322 0.0155805 8.58386 4.75688
16601.00 1414.20 1.049744 45.6257 0.866309 14.7182 0.361978 0.148134 9.19427 0.0255915 15.7124 0.0153996 8.64493 4.68702
16501.00 1413.73 1.049930 45.659 0.8652 14.7321 0.365513 0.146434 9.17513 0.0253018 15.6927 0.0152196 8.7065 4.61699
16401.00 1413.25 1.050129 45.692 0.864067 14.7458 0.369092 0.144739 9.15604 0.0250136 15.6728 0.0150407 8.76857 4.54681
16301.00 1412.77 1.050341 45.725 0.86291 14.7593 0.372715 0.14305 9.137 0.024727 15.6528 0.0148628 8.83113 4.47647
16201.00 1412.28 1.050567 45.7578 0.861727 14.7727 0.376383 0.141367 9.11799 0.0244418 15.6328 0.0146859 8.89419 4.40601
16101.00 1411.79 1.050807 45.7904 0.860518 14.7859 0.380095 0.139691 9.09902 0.0241582 15.6126 0.0145101 8.95774 4.33541
16001.00 1411.30 1.051062 45.8229 0.85928 14.7989 0.383851 0.138022 9.08007 0.0238762 15.5923 0.0143353 9.02178 4.2647
15901.00 1410.81 1.051333 45.8552 0.858012 14.8117 0.38765 0.13636 9.06115 0.0235958 15.572 0.0141615 9.08631 4.19388
15801.00 1410.31 1.051619 45.8875 0.856714 14.8243 0.391492 0.134706 9.04225 0.023317 15.5514 0.0139888 9.15133 4.12297
15701.00 1409.81 1.051922 45.9196 0.855382 14.8368 0.395377 0.133061 9.02335 0.0230398 15.5308 0.0138171 9.21683 4.05198
15601.00 1409.30 1.052242 45.9515 0.854016 14.8491 0.399304 0.131424 9.00447 0.0227641 15.51 0.0136466 9.28281 3.98092
15501.00 1408.80 1.052580 45.9834 0.852613 14.8613 0.403273 0.129797 8.98559 0.0224902 15.4891 0.0134771 9.34926 3.90981
15401.00 1408.28 1.052936 46.0151 0.851172 14.8732 0.407282 0.128179 8.9667 0.0222179 15.468 0.0133087 9.41618 3.83865
15301.00 1407.77 1.053312 46.0467 0.849691 14.885 0.411331 0.126571 8.9478 0.0219472 15.4467 0.0131413 9.48357 3.76746
15201.00 1407.25 1.053709 46.0783 0.848168 14.8967 0.41542 0.124974 8.92887 0.0216782 15.4253 0.0129751 9.55142 3.69625
15101.00 1406.73 1.054126 46.1097 0.846601 14.9082 0.419546 0.123388 8.90993 0.0214109 15.4037 0.01281 9.61972 3.62504
15001.00 1406.20 1.054564 46.1411 0.844988 14.9195 0.423709 0.121813 8.89094 0.0211453 15.3819 0.012646 9.68847 3.55385
14901.00 1405.67 1.055026 46.1724 0.843325 14.9306 0.427909 0.12025 8.87192 0.0208815 15.3598 0.0124831 9.75766 3.48268
14801.00 1405.13 1.055510 46.2037 0.841612 14.9417 0.432142 0.1187 8.85284 0.0206193 15.3376 0.0123214 9.82728 3.41155
14701.00 1404.59 1.056020 46.2349 0.839845 14.9525 0.436409 0.117162 8.8337 0.0203589 15.3152 0.0121608 9.89732 3.34049
14601.00 1404.04 1.056554 46.2661 0.838021 14.9632 0.440707 0.115638 8.8145 0.0201003 15.2925 0.0120013 9.96778 3.2695
14501.00 1403.49 1.057115 46.2972 0.836139 14.9738 0.445035 0.114128 8.79521 0.0198435 15.2695 0.011843 10.0386 3.19861
14401.00 1402.94 1.057703 46.3284 0.834194 14.9842 0.44939 0.112632 8.77583 0.0195884 15.2464 0.0116858 10.1099 3.12782
14301.00 1402.38 1.058320 46.3596 0.832185 14.9945 0.453772 0.11115 8.75636 0.0193352 15.2229 0.0115298 10.1815 3.05717
14201.00 1401.82 1.058966 46.3908 0.830108 15.0046 0.458177 0.109684 8.73678 0.0190838 15.1992 0.011375 10.2535 2.98666
14101.00 1401.25 1.059643 46.4221 0.827959 15.0147 0.462604 0.108234 8.71707 0.0188342 15.1752 0.0112214 10.3259 2.91632
14001.00 1400.67 1.060351 46.4534 0.825736 15.0245 0.46705 0.1068 8.69723 0.0185865 15.1508 0.011069 10.3986 2.84616
13901.00 1400.09 1.061093 46.4848 0.823435 15.0343 0.471513 0.105382 8.67724 0.0183407 15.1262 0.0109178 10.4716 2.77621
13801.00 1399.50 1.061868 46.5164 0.821052 15.0439 0.475989 0.103982 8.6571 0.0180968 15.1012 0.0107678 10.545 2.70649
13701.00 1398.91 1.062680 46.5481 0.818584 15.0534 0.480476 0.1026 8.63678 0.0178548 15.076 0.0106191 10.6186 2.63702
13601.00 1398.31 1.063528 46.58 0.816026 15.0628 0.484971 0.101236 8.61628 0.0176147 15.0503 0.0104715 10.6925 2.56781
13501.00 1397.70 1.064414 46.612 0.813375 15.0721 0.48947 0.0998905 8.59558 0.0173766 15.0243 0.0103253 10.7667 2.49891
13401.00 1397.09 1.065340 46.6443 0.810627 15.0813 0.493969 0.0985645 8.57466 0.0171404 14.9979 0.0101802 10.8411 2.43032
13301.00 1396.47 1.066307 46.6768 0.807777 15.0903 0.498466 0.0972583 8.55351 0.0169063 14.9712 0.0100365 10.9157 2.36206
13201.00 1395.85 1.067317 46.7096 0.804821 15.0993 0.502956 0.0959726 8.53211 0.0166741 14.944 0.00989399 10.9905 2.29418
13101.00 1395.22 1.068371 46.7427 0.801754 15.1082 0.507435 0.0947078 8.51046 0.016444 14.9164 0.00975279 11.0655 2.22669
13001.00 1394.58 1.069470 46.7761 0.798571 15.1169 0.511899 0.0934645 8.48852 0.0162159 14.8884 0.00961289 11.1406 2.15961
12901.00 1393.93 1.070616 46.81 0.795269 15.1256 0.516343 0.0922432 8.46628 0.0159899 14.86 0.0094743 11.2159 2.09298
12801.00 1393.27 1.071810 46.8442 0.791841 15.1342 0.520762 0.0910446 8.44373 0.015766 14.8311 0.00933704 11.2912 2.02681
12701.00 1392.61 1.073055 46.8789 0.788282 15.1427 0.525152 0.0898692 8.42084 0.0155443 14.8018 0.0092011 11.3666 1.96115
12601.00 1391.93 1.074352 46.9141 0.784588 15.1511 0.529508 0.0887176 8.39759 0.0153246 14.7719 0.00906651 11.442 1.89602
12501.00 1391.25 1.075702 46.9499 0.780754 15.1595 0.533823 0.0875904 8.37397 0.0151071 14.7416 0.00893328 11.5174 1.83144
12401.00 1390.56 1.077106 46.9862 0.776772 15.1677 0.538093 0.0864882 8.34995 0.0148918 14.7108 0.00880141 11.5928 1.76746
12301.00 1389.86 1.078567 47.0232 0.772639 15.1759 0.542312 0.0854116 8.32551 0.0146788 14.6794 0.00867093 11.6681 1.70409
12201.00 1389.15 1.080086 47.0609 0.768349 15.1841 0.546473 0.0843614 8.30063 0.0144679 14.6476 0.00854184 11.7433 1.64138
12101.00 1388.43 1.081665 47.0993 0.763895 15.1921 0.550571 0.0833381 8.27528 0.0142593 14.6151 0.00841417 11.8183 1.57935
12001.00 1387.70 1.083304 47.1385 0.759272 15.2001 0.554599 0.0823424 8.24945 0.0140531 14.5822 0.00828792 11.8932 1.51805
11901.00 1386.96 1.085005 47.1786 0.754474 15.208 0.558551 0.081375 8.2231 0.0138491 14.5486 0.0081631 11.9678 1.4575
11801.00 1386.21 1.086769 47.2196 0.749495 15.2159 0.562419 0.0804366 8.19622 0.0136475 14.5145 0.00803974 12.0421 1.39774
11701.00 1385.45 1.088597 47.2615 0.74433 15.2237 0.566198 0.079528 8.16878 0.0134482 14.4798 0.00791785 12.116 1.3388
11601.00 1384.68 1.090491 47.3045 0.738973 15.2314 0.569879 0.0786499 8.14074 0.0132514 14.4444 0.00779744 12.1896 1.28074
11501.00 1383.89 1.092450 47.3486 0.733417 15.2391 0.573457 0.077803 8.1121 0.013057 14.4085 0.00767853 12.2628 1.22357
11401.00 1383.09 1.094475 47.3938 0.727658 15.2466 0.576923 0.0769882 8.08281 0.0128651 14.3719 0.00756113 12.3355 1.16734
11301.00 1382.28 1.096567 47.4403 0.721688 15.2541 0.580271 0.0762062 8.05286 0.0126756 14.3347 0.00744528 12.4076 1.1121
11201.00 1381.45 1.098724 47.4881 0.715504 15.2616 0.583494 0.075458 8.02222 0.0124887 14.2968 0.00733097 12.4791 1.05788
11101.00 1380.61 1.100946 47.5373 0.7091 15.2689 0.586583 0.0747444 7.99086 0.0123044 14.2583 0.00721823 12.5499 1.00472
11001.00 1379.76 1.103231 47.588 0.70247 15.2762 0.589533 0.0740662 7.95875 0.0121227 14.2191 0.00710708 12.62 0.952662
10901.00 1378.89 1.105578 47.6402 0.695611 15.2833 0.592335 0.0734244 7.92587 0.0119436 14.1792 0.00699753 12.6894 0.901751
10801.00 1378.01 1.107984 47.694 0.688517 15.2903 0.594983 0.0728199 7.89219 0.0117672 14.1387 0.00688961 12.7578 0.852026
10701.00 1377.11 1.110445 47.7495 0.681184 15.2972 0.59747 0.0722538 7.8577 0.0115935 14.0974 0.00678334 12.8254 0.80353
10601.00 1376.20 1.112957 47.8068 0.67361 15.3039 0.59979 0.0717269 7.82236 0.0114226 14.0554 0.00667874 12.8919 0.756305
10501.00 1375.27 1.115515 47.866 0.665791 15.3105 0.601937 0.0712403 7.78615 0.0112544 14.0128 0.00657583 12.9574 0.710392
10401.00 1374.32 1.118110 47.9271 0.657726 15.3169 0.603904 0.070795 7.74906 0.0110891 13.9694 0.00647462 13.0217 0.665833
10301.00 1373.36 1.120735 47.9903 0.649412 15.3231 0.605686 0.0703921 7.71106 0.0109267 13.9253 0.00637515 13.0848 0.622667
10201.00 1372.38 1.123381 48.0556 0.640849 15.329 0.60728 0.0700326 7.67214 0.0107671 13.8805 0.00627743 13.1466 0.580934
10101.00 1371.38 1.126035 48.1231 0.632038 15.3347 0.608679 0.0697175 7.63229 0.0106106 13.835 0.0061815 13.2071 0.54067
10001.00 1370.36 1.128685 48.1928 0.622979 15.34 0.609882 0.0694479 7.59149 0.010457 13.7888 0.00608736 13.2661 0.501911
9901.00 1369.33 1.131314 48.2649 0.613676 15.3451 0.610886 0.0692248 7.54973 0.0103065 13.7419 0.00599506 13.3236 0.464688
9801.00 1368.28 1.133906 48.3395 0.604132 15.3497 0.611689 0.0690492 7.50702 0.0101591 13.6943 0.0059046 13.3796 0.429033
9701.00 1367.21 1.136441 48.4165 0.594352 15.3539 0.61229 0.0689219 7.46336 0.0100148 13.646 0.00581602 13.4339 0.39497
9601.00 1366.12 1.138896 48.4961 0.584343 15.3576 0.61269 0.068844 7.41875 0.00987366 13.597 0.00572934 13.4866 0.362521
9501.00 1365.02 1.141249 48.5782 0.574112 15.3607 0.612891 0.0688161 7.3732 0.00973577 13.5475 0.00564458 13.5375 0.331703
9401.00 1363.89 1.143474 48.6631 0.56367 15.3633 0.612895 0.068839 7.32673 0.00960115 13.4972 0.00556177 13.5866 0.302528
9301.00 1362.75 1.145541 48.7506 0.553028 15.3652 0.612707 0.0689133 7.27937 0.00946984 13.4464 0.00548094 13.6338 0.275001
9201.00 1361.60 1.147423 48.8409 0.542198 15.3663 0.612331 0.0690393 7.23115 0.00934187 13.395 0.00540209 13.6792 0.249121
9101.00 1360.42 1.149088 48.9339 0.531195 15.3666 0.611775 0.0692173 7.1821 0.0092173 13.3431 0.00532527 13.7226 0.22488
9001.00 1359.23 1.150506 49.0297 0.520034 15.366 0.611047 0.0694475 7.13227 0.00909615 13.2907 0.00525049 13.7642 0.202262
8901.00 1358.03 1.151643 49.1282 0.508733 15.3644 0.610156 0.0697296 7.08172 0.00897847 13.2378 0.00517777 13.8038 0.181244
8801.00 1356.81 1.152470 49.2295 0.497311 15.3618 0.609112 0.0700634 7.03049 0.00886429 13.1846 0.00510713 13.8415 0.161796
8701.00 1355.57 1.152956 49.3334 0.485788 15.3579 0.607928 0.0704482 6.97865 0.00875363 13.1309 0.00503858 13.8772 0.143879
8601.00 1354.33 1.153072 49.4401 0.474184 15.3528 0.606614 0.0708832 6.92628 0.00864653 13.077 0.00497216 13.9111 0.127445
8501.00 1353.07 1.152793 49.5493 0.46252 15.3464 0.605185 0.0713672 6.87345 0.00854303 13.0228 0.00490787 13.9431 0.112443
8401.00 1351.81 1.152096 49.6611 0.45082 15.3384 0.603655 0.0718989 6.82025 0.00844313 12.9685 0.00484573 13.9733 0.0988121
8301.00 1350.54 1.150961 49.7754 0.439105 15.3289 0.602037 0.0724766 6.76676 0.00834687 12.914 0.00478575 14.0017 0.0864866
8201.00 1349.26 1.149374 49.8921 0.427398 15.3177 0.600347 0.0730984 6.71306 0.00825428 12.8595 0.00472795 14.0283 0.0753958
8101.00 1347.97 1.147324 50.0111 0.41572 15.3048 0.598597 0.0737622 6.65925 0.00816537 12.8051 0.00467233 14.0534 0.0654654
8001.00 1346.69 1.144806 50.1323 0.404093 15.29 0.596803 0.0744655 6.60543 0.00808016 12.7507 0.00461892 14.0769 0.056618
7901.00 1345.40 1.141818 50.2557 0.392539 15.2731 0.594978 0.0752058 6.55168 0.00799867 12.6966 0.00456773 14.0988 0.0487747
7801.00 1344.11 1.138363 50.3811 0.381077 15.2543 0.593135 0.0759802 6.49809 0.00792093 12.6427 0.00451875 14.1194 0.0418559
7701.00 1342.82 1.134450 50.5084 0.369727 15.2332 0.591285 0.0767857 6.44475 0.00784696 12.5891 0.00447202 14.1386 0.0357827
7601.00 1341.54 1.130090 50.6375 0.358505 15.2099 0.589442 0.0776195 6.39176 0.00777679 12.5359 0.00442753 14.1566 0.0304778
7501.00 1340.26 1.125299 50.7684 0.347429 15.1842 0.587613 0.0784781 6.33919 0.00771043 12.4832 0.00438531 14.1734 0.0258662
7401.00 1338.99 1.120095 50.901 0.336514 15.1561 0.58581 0.0793583 6.28712 0.00764792 12.4311 0.00434537 14.1892 0.0218761
7301.00 1337.72 1.114500 51.035 0.325773 15.1255 0.584039 0.0802569 6.23562 0.00758928 12.3796 0.00430772 14.2039 0.0184398
7201.00 1336.47 1.108535 51.1706 0.31522 15.0922 0.582308 0.0811705 6.18478 0.00753456 12.3288 0.00427238 14.2177 0.0154936
7101.00 1335.23 1.102226 51.3075 0.304864 15.0563 0.580622 0.0820957 6.13464 0.00748379 12.2787 0.00423937 14.2306 0.0129787
7001.00 1334.00 1.095598 51.4458 0.294716 15.0175 0.578987 0.0830292 6.08528 0.007437 12.2295 0.00420871 14.2427 0.010841
6901.00 1333.16 0.996887 51.5952 0.286472 14.9928 0.579315 0.0842241 6.05561 0.00741047 12.2369 0.00419017 14.1483 0.00955677
6801.00 1332.59 0.932219 51.7525 0.279567 14.9782 0.581021 0.0856152 6.03901 0.00739684 12.2831 0.00417935 13.9807 0.00876068
6701.00 1332.02 0.930751 51.9113 0.272872 14.9626 0.582798 0.0870356 6.02262 0.00738466 12.3305 0.00416935 13.8107 0.00802489
6601.00 1331.46 0.929333 52.0714 0.266378 14.946 0.584642 0.0884857 6.00644 0.00737394 12.3793 0.00416018 13.6384 0.00734512
6501.00 1330.89 0.927962 52.2331 0.260076 14.9284 0.586552 0.0899658 5.99047 0.0073647 12.4293 0.00415185 13.4639 0.00671742
6401.00 1330.32 0.926637 52.3961 0.253958 14.9097 0.588523 0.0914766 5.97469 0.00735695 12.4805 0.00414435 13.2873 0.00613812
6301.00 1329.76 0.925357 52.5606 0.248017 14.8899 0.590553 0.0930182 5.95911 0.00735073 12.533 0.00413771 13.1087 0.0056038
6201.00 1329.19 0.924118 52.7266 0.242246 14.8689 0.592637 0.094591 5.94371 0.00734604 12.5866 0.00413193 12.9281 0.00511129
6101.00 1328.63 0.922920 52.894 0.236637 14.8467 0.594772 0.0961953 5.92849 0.00734292 12.6413 0.00412702 12.7457 0.00465762
6001.00 1328.06 0.921759 53.0629 0.231184 14.8233 0.596954 0.0978313 5.91345 0.0073414 12.6972 0.00412302 12.5615 0.00424004
5901.00 1327.50 0.920633 53.2333 0.225881 14.7984 0.599178 0.0994993 5.89857 0.00734153 12.7542 0.00411992 12.3756 0.00385599
5801.00 1326.93 0.919539 53.4052 0.220723 14.7722 0.60144 0.101199 5.88386 0.00734332 12.8122 0.00411776 12.1882 0.00350307
5701.00 1326.36 0.918474 53.5786 0.215704 14.7445 0.603735 0.102931 5.8693 0.00734684 12.8712 0.00411655 11.9994 0.00317905
5601.00 1325.80 0.917435 53.7534 0.210818 14.7152 0.606057 0.104695 5.85488 0.00735213 12.9312 0.00411632 11.8094 0.00288185
5501.00 1325.23 0.916418 53.9298 0.206062 14.6844 0.608402 0.106491 5.84062 0.00735924 12.9921 0.00411709 11.6181 0.00260953
5401.00 1324.66 0.915420 54.1076 0.201429 14.6518 0.610764 0.108318 5.82649 0.00736823 13.0538 0.00411891 11.4259 0.00236027
5301.00 1324.09 0.914438 54.287 0.196917 14.6175 0.613136 0.110176 5.81249 0.00737916 13.1164 0.00412179 11.2328 0.00213236
5201.00 1323.52 0.913466 54.4678 0.192521 14.5814 0.615513 0.112064 5.79862 0.0073921 13.1797 0.00412578 11.039 0.00192422
5101.00 1322.95 0.912500 54.6501 0.188237 14.5433 0.617888 0.113982 5.78487 0.00740711 13.2437 0.00413092 10.8446 0.00173437
5001.00 1322.38 0.911536 54.834 0.184061 14.5032 0.620254 0.115929 5.77123 0.00742429 13.3084 0.00413723 10.6499 0.00156142
4901.00 1321.81 0.910569 55.0193 0.179989 14.461 0.622603 0.117904 5.75771 0.0074437 13.3736 0.00414478 10.455 0.00140406
4801.00 1321.23 0.909593 55.206 0.17602 14.4166 0.62493 0.119905 5.7443 0.00746545 13.4393 0.0041536 10.26 0.00126109
4701.00 1320.66 0.908604 55.3943 0.172148 14.3699 0.627226 0.121931 5.73099 0.00748963 13.5055 0.00416375 10.0653 0.00113137
4601.00 1320.08 0.907596 55.584 0.168372 14.3208 0.629483 0.12398 5.71779 0.00751633 13.5721 0.00417528 9.87089 0.00101383
4501.00 1319.50 0.906564 55.7751 0.164688 14.2692 0.631694 0.126051 5.70469 0.00754568 13.6389 0.00418826 9.6771 0.000907494
4401.00 1318.92 0.905501 55.9676 0.161094 14.215 0.633852 0.128141 5.69169 0.00757779 13.7059 0.00420274 9.48411 0.000811424
4301.00 1318.34 0.904402 56.1616 0.157587 14.1581 0.635948 0.130248 5.6788 0.00761278 13.7731 0.00421879 9.29211 0.000724759
4201.00 1317.76 0.903263 56.3569 0.154164 14.0984 0.637974 0.132369 5.66601 0.00765078 13.8403 0.00423649 9.10132 0.000646696
4101.00 1317.18 0.902076 56.5536 0.150823 14.0358 0.639923 0.134502 5.65332 0.00769195 13.9075 0.0042559 8.91196 0.000576485
4001.00 1316.60 0.900838 56.7516 0.147561 13.9702 0.641786 0.136644 5.64075 0.00773643 13.9747 0.00427711 8.72424 0.00051343
3901.00 1316.01 0.899544 56.9509 0.144377 13.9015 0.643558 0.138791 5.6283 0.00778437 14.0416 0.00430021 8.53837 0.000456885
3801.00 1315.43 0.898189 57.1515 0.141267 13.8296 0.64523 0.14094 5.61598 0.00783595 14.1084 0.00432528 8.35454 0.00040625
3701.00 1314.86 0.790611 57.3529 0.13818 13.7549 0.646964 0.143081 5.60425 0.00789109 14.1762 0.00435229 8.17137 0
3601.00 1314.27 0.895373 57.556 0.135213 13.6762 0.64841 0.145226 5.59219 0.00795054 14.2423 0.00438163 7.99215 0
3501.00 1313.69 0.893813 57.7602 0.132314 13.594 0.649739 0.147362 5.5803 0.00801419 14.308 0.00441325 7.81557 0
3401.00 1313.11 0.892182 57.9656 0.129481 13.5083 0.650943 0.149485 5.56859 0.00808225 14.3733 0.00444726 7.64179 0
3301.00 1312.53 0.890481 58.1721 0.126712 13.4188 0.652019 0.151591 5.55708 0.00815496 14.4381 0.00448377 7.47096 0
3201.00 1311.95 0.888709 58.3796 0.124004 13.3256 0.652962 0.153678 5.54578 0.00823253 14.5024 0.00452293 7.30323 0
3101.00 1311.37 0.886869 58.5881 0.121355 13.2285 0.653767 0.15574 5.53473 0.00831523 14.5662 0.00456485 7.13873 0
3001.00 1310.79 0.884962 58.7976 0.118762 13.1275 0.654431 0.157774 5.52394 0.00840332 14.6294 0.00460968 6.97755 0
2901.00 1310.21 0.882993 59.008 0.116225 13.0225 0.654952 0.159777 5.51344 0.00849708 14.6921 0.00465757 6.81981 0
2801.00 1309.64 0.880965 59.2193 0.11374 12.9134 0.655327 0.161745 5.50325 0.0085968 14.7543 0.00470867 6.66556 0
2701.00 1309.07 0.878885 59.4315 0.111304 12.8002 0.655555 0.163676 5.49341 0.0087028 14.816 0.00476316 6.51486 0
2601.00 1308.50 0.876757 59.6445 0.108917 12.6828 0.655633 0.165566 5.48395 0.00881541 14.8773 0.0048212 6.36776 0
2501.00 1307.93 0.874590 59.8583 0.106576 12.5611 0.655561 0.167414 5.4749 0.00893499 14.9381 0.004883 6.22427 0
2401.00 1307.37 0.872391 60.0728 0.104278 12.4351 0.655339 0.169215 5.46629 0.00906191 14.9985 0.00494874 6.0844 0
2301.00 1306.80 0.870167 60.2881 0.102021 12.3048 0.654965 0.17097 5.45815 0.00919659 15.0586 0.00501864 5.94813 0
2201.00 1306.25 0.867928 60.5041 0.0998038 12.1701 0.654441 0.172676 5.45053 0.00933945 15.1185 0.00509293 5.81544 0
2101.00 1305.69 0.865681 60.7208 0.0976237 12.0309 0.653765 0.174332 5.44345 0.00949096 15.1782 0.00517186 5.68628 0
2001.00 1305.14 0.863436 60.9381 0.0954786 11.8872 0.652939 0.175937 5.43696 0.00965161 15.2379 0.00525569 5.56059 0
1901.00 1304.59 0.861202 61.1561 0.0933668 11.7389 0.651961 0.177491 5.43109 0.00982196 15.2976 0.00534471 5.43832 0
1801.00 1304.04 0.858988 61.3748 0.0912862 11.586 0.650833 0.178994 5.42589 0.0100026 15.3574 0.00543921 5.31937 0
1701.00 1303.49 0.856803 61.5941 0.0892349 11.4285 0.649555 0.180445 5.42139 0.0101941 15.4174 0.00553954 5.20366 0
1601.00 1302.95 0.854656 61.814 0.0872112 11.2662 0.648125 0.181846 5.41764 0.0103972 15.4778 0.00564605 5.09109 0
1501.00 1302.41 0.852555 62.0346 0.0852133 11.0991 0.646544 0.183197 5.41468 0.0106126 15.5387 0.00575914 4.98157 0
1401.00 1301.88 0.850511 62.2558 0.0832394 10.9272 0.644811 0.1845 5.41254 0.0108411 15.6002 0.00587924 4.87497 0
1301.00 1301.34 0.848531 62.4777 0.081288 10.7503 0.642924 0.185757 5.41129 0.0110837 15.6625 0.0060068 4.77119 0
1201.00 1300.81 0.846624 62.7002 0.0793573 10.5684 0.640881 0.186969 5.41095 0.0113413 15.7256 0.00614235 4.6701 0
1101.00 1300.28 0.844799 62.9235 0.0774458 10.3813 0.63868 0.188138 5.41159 0.0116149 15.7898 0.00628644 4.57159 0
1001.00 1299.75 0.843065 63.1475 0.0755519 10.1891 0.636318 0.189268 5.41325 0.0119057 15.8552 0.00643968 4.47553 0
901.00 1299.22 0.841432 63.3722 0.073674 9.99143 0.633791 0.190361 5.41598 0.0122151 15.9219 0.00660276 4.3818 0
801.00 1298.69 0.839910 63.5977 0.0718106 9.78831 0.631093 0.19142 5.41983 0.0125443 15.9902 0.00677642 4.29026 0
701.00 1298.16 0.838508 63.8241 0.06996 9.57956 0.628219 0.192448 5.42487 0.0128951 16.0602 0.00696149 4.2008 0
601.00 1297.63 0.837238 64.0513 0.0681206 9.36503 0.625163 0.193451 5.43115 0.013269 16.132 0.00715888 4.11328 0
501.00 1297.10 0.836111 64.2795 0.0662906 9.14454 0.621914 0.194431 5.43874 0.0136681 16.206 0.00736961 4.02758 0
401.00 1296.57 0.835143 64.5087 0.0644684 8.9179 0.618464 0.195393 5.4477 0.0140946 16.2822 0.00759482 3.94356 0
301.00 1296.04 0.834347 64.7389 0.0626521 8.6849 0.614799 0.196341 5.45809 0.0145507 16.3609 0.00783575 3.8611 0
201.00 1295.50 0.833743 64.9702 0.0608396 8.44532 0.610907 0.197282 5.47 0.0150391 16.4423 0.00809383 3.78007 0
101.00 1294.96 0.833350 65.2027 0.0590287 8.1989 0.606771 0.198221 5.48351 0.0155629 16.5266 0.00837061 3.70033 0
1.00 1294.42 0.833192 65.4365 0.0572171 7.94538 0.602371 0.199164 5.49869 0.0161254 16.6142 0.00866788 3.62176 0