Title: Depleted MORB Mantle of Workmann & Hart 2005

Liquid Composition:
Pressure Temperature mass SiO2 TiO2 Al2O3 Fe2O3 Cr2O3 FeO MnO MgO NiO CaO Na2O 
44001.00 1384.95 0.000000 ---
43901.00 1384.74 0.000000 ---
43801.00 1384.53 0.000000 ---
43701.00 1384.32 0.000000 ---
43601.00 1384.12 0.000000 ---
43501.00 1383.91 0.000000 ---
43401.00 1383.70 0.000000 ---
43301.00 1383.50 0.000000 ---
43201.00 1383.29 0.000000 ---
43101.00 1383.08 0.000000 ---
43001.00 1382.88 0.000000 ---
42901.00 1382.67 0.000000 ---
42801.00 1382.46 0.000000 ---
42701.00 1382.26 0.000000 ---
42601.00 1382.05 0.000000 ---
42501.00 1381.84 0.000000 ---
42401.00 1381.63 0.000000 ---
42301.00 1381.43 0.000000 ---
42201.00 1381.22 0.000000 ---
42101.00 1381.01 0.000000 ---
42001.00 1380.80 0.000000 ---
41901.00 1380.60 0.000000 ---
41801.00 1380.39 0.000000 ---
41701.00 1380.18 0.000000 ---
41601.00 1379.97 0.000000 ---
41501.00 1379.77 0.000000 ---
41401.00 1379.56 0.000000 ---
41301.00 1379.35 0.000000 ---
41201.00 1379.14 0.000000 ---
41101.00 1378.94 0.000000 ---
41001.00 1378.73 0.000000 ---
40901.00 1378.52 0.000000 ---
40801.00 1378.31 0.000000 ---
40701.00 1378.10 0.000000 ---
40601.00 1377.90 0.000000 ---
40501.00 1377.69 0.000000 ---
40401.00 1377.48 0.000000 ---
40301.00 1377.27 0.000000 ---
40201.00 1377.06 0.000000 ---
40101.00 1376.86 0.000000 ---
40001.00 1376.65 0.000000 ---
39901.00 1376.44 0.000000 ---
39801.00 1376.23 0.000000 ---
39701.00 1376.02 0.000000 ---
39601.00 1375.81 0.000000 ---
39501.00 1375.61 0.000000 ---
39401.00 1375.40 0.000000 ---
39301.00 1375.19 0.000000 ---
39201.00 1374.98 0.000000 ---
39101.00 1374.77 0.000000 ---
39001.00 1374.56 0.000000 ---
38901.00 1374.35 0.000000 ---
38801.00 1374.14 0.000000 ---
38701.00 1373.93 0.000000 ---
38601.00 1373.73 0.000000 ---
38501.00 1373.52 0.000000 ---
38401.00 1373.31 0.000000 ---
38301.00 1373.10 0.000000 ---
38201.00 1372.89 0.000000 ---
38101.00 1372.68 0.000000 ---
38001.00 1372.47 0.000000 ---
37901.00 1372.26 0.000000 ---
37801.00 1372.05 0.000000 ---
37701.00 1371.84 0.000000 ---
37601.00 1371.63 0.000000 ---
37501.00 1371.42 0.000000 ---
37401.00 1371.21 0.000000 ---
37301.00 1371.00 0.000000 ---
37201.00 1370.79 0.000000 ---
37101.00 1370.58 0.000000 ---
37001.00 1370.37 0.000000 ---
36901.00 1370.16 0.000000 ---
36801.00 1369.95 0.000000 ---
36701.00 1369.74 0.000000 ---
36601.00 1369.53 0.000000 ---
36501.00 1369.32 0.000000 ---
36401.00 1369.11 0.000000 ---
36301.00 1368.89 0.000000 ---
36201.00 1368.68 0.000000 ---
36101.00 1368.47 0.000000 ---
36001.00 1368.26 0.000000 ---
35901.00 1368.05 0.000000 ---
35801.00 1367.84 0.000000 ---
35701.00 1367.63 0.000000 ---
35601.00 1367.42 0.000000 ---
35501.00 1367.20 0.000000 ---
35401.00 1366.99 0.000000 ---
35301.00 1366.78 0.000000 ---
35201.00 1366.57 0.000000 ---
35101.00 1366.36 0.000000 ---
35001.00 1366.14 0.000000 ---
34901.00 1365.93 0.000000 ---
34801.00 1365.72 0.000000 ---
34701.00 1365.51 0.000000 ---
34601.00 1365.29 0.000000 ---
34501.00 1365.08 0.000000 ---
34401.00 1364.87 0.000000 ---
34301.00 1364.65 0.000000 ---
34201.00 1364.44 0.000000 ---
34101.00 1364.23 0.000000 ---
34001.00 1364.01 0.000000 ---
33901.00 1363.80 0.000000 ---
33801.00 1363.59 0.000000 ---
33701.00 1363.37 0.000000 ---
33601.00 1363.16 0.000000 ---
33501.00 1362.94 0.000000 ---
33401.00 1362.73 0.000000 ---
33301.00 1362.51 0.000000 ---
33201.00 1362.30 0.000000 ---
33101.00 1362.08 0.000000 ---
33001.00 1361.87 0.000000 ---
32901.00 1361.65 0.000000 ---
32801.00 1361.44 0.000000 ---
32701.00 1361.22 0.000000 ---
32601.00 1361.01 0.000000 ---
32501.00 1360.79 0.000000 ---
32401.00 1360.58 0.000000 ---
32301.00 1360.36 0.000000 ---
32201.00 1360.14 0.000000 ---
32101.00 1359.93 0.000000 ---
32001.00 1359.71 0.000000 ---
31901.00 1359.49 0.000000 ---
31801.00 1359.28 0.000000 ---
31701.00 1359.06 0.000000 ---
31601.00 1358.84 0.000000 ---
31501.00 1358.62 0.000000 ---
31401.00 1358.41 0.000000 ---
31301.00 1358.19 0.000000 ---
31201.00 1357.97 0.000000 ---
31101.00 1357.75 0.000000 ---
31001.00 1357.53 0.000000 ---
30901.00 1357.31 0.000000 ---
30801.00 1357.09 0.000000 ---
30701.00 1356.88 0.000000 ---
30601.00 1356.66 0.000000 ---
30501.00 1356.44 0.000000 ---
30401.00 1356.22 0.000000 ---
30301.00 1356.00 0.000000 ---
30201.00 1355.77 0.000000 ---
30101.00 1355.55 0.000000 ---
30001.00 1355.33 0.000000 ---
29901.00 1355.11 0.000000 ---
29801.00 1354.89 0.000000 ---
29701.00 1354.67 0.000000 ---
29601.00 1354.45 0.000000 ---
29501.00 1354.22 0.000000 ---
29401.00 1354.00 0.000000 ---
29301.00 1353.78 0.000000 ---
29201.00 1353.55 0.000000 ---
29101.00 1353.33 0.000000 ---
29001.00 1353.11 0.000000 ---
28901.00 1352.88 0.000000 ---
28801.00 1352.66 0.000000 ---
28701.00 1352.43 0.000000 ---
28601.00 1352.21 0.000000 ---
28501.00 1351.98 0.000000 ---
28401.00 1351.76 0.000000 ---
28301.00 1351.53 0.000000 ---
28201.00 1351.30 0.000000 ---
28101.00 1351.08 0.000000 ---
28001.00 1350.85 0.000000 ---
27901.00 1350.62 0.000000 ---
27801.00 1350.39 0.000000 ---
27701.00 1350.16 0.000000 ---
27601.00 1349.94 0.000000 ---
27501.00 1349.71 0.000000 ---
27401.00 1349.48 0.000000 ---
27301.00 1349.25 0.000000 ---
27201.00 1349.02 0.000000 ---
27101.00 1348.79 0.000000 ---
27001.00 1348.55 0.000000 ---
26901.00 1348.32 0.000000 ---
26801.00 1348.09 0.000000 ---
26701.00 1347.86 0.000000 ---
26601.00 1347.62 0.000000 ---
26501.00 1347.39 0.000000 ---
26401.00 1347.16 0.000000 ---
26301.00 1346.92 0.000000 ---
26201.00 1346.68 0.000000 ---
26101.00 1346.45 0.000000 ---
26001.00 1346.21 0.000000 ---
25901.00 1345.98 0.000000 ---
25801.00 1345.74 0.000000 ---
25701.00 1345.50 0.000000 ---
25601.00 1345.26 0.000000 ---
25501.00 1345.02 0.000000 ---
25401.00 1344.78 0.000000 ---
25301.00 1344.54 0.000000 ---
25201.00 1344.30 0.000000 ---
25101.00 1344.06 0.000000 ---
25001.00 1343.81 0.000000 ---
24901.00 1343.57 0.000000 ---
24801.00 1343.33 0.000000 ---
24701.00 1343.08 0.000000 ---
24601.00 1342.84 0.000000 ---
24501.00 1342.59 0.000000 ---
24401.00 1342.34 0.000000 ---
24301.00 1342.10 0.000000 ---
24201.00 1341.85 0.000000 ---
24101.00 1341.60 0.000000 ---
24001.00 1341.35 0.000000 ---
23901.00 1341.09 0.000000 ---
23801.00 1340.84 0.000000 ---
23701.00 1340.59 0.000000 ---
23601.00 1340.33 0.000000 ---
23501.00 1340.08 0.000000 ---
23401.00 1339.82 0.000000 ---
23301.00 1339.57 0.000000 ---
23201.00 1339.31 0.000000 ---
23101.00 1339.05 0.000000 ---
23001.00 1338.79 0.000000 ---
22901.00 1338.52 0.000000 ---
22801.00 1338.26 0.000000 ---
22701.00 1338.00 0.000000 ---
22601.00 1337.73 0.000000 ---
22501.00 1337.46 0.000000 ---
22401.00 1337.20 0.000000 ---
22301.00 1336.93 0.000000 ---
22201.00 1336.65 0.000000 ---
22101.00 1336.38 0.000000 ---
22001.00 1336.11 0.000000 ---
21901.00 1335.83 0.000000 ---
21801.00 1335.55 0.000000 ---
21701.00 1335.27 0.000000 ---
21601.00 1334.99 0.000000 ---
21501.00 1334.71 0.000000 ---
21401.00 1334.42 0.000000 ---
21301.00 1334.14 0.000000 ---
21201.00 1333.85 0.000000 ---
21101.00 1333.56 0.000000 ---
21001.00 1333.26 0.000000 ---
20901.00 1332.97 0.000000 ---
20801.00 1332.67 0.000000 ---
20701.00 1332.37 0.000000 ---
20601.00 1332.06 0.000000 ---
20501.00 1331.76 0.000000 ---
20401.00 1331.45 0.000000 ---
20301.00 1331.14 0.000000 ---
20201.00 1330.82 0.000000 ---
20101.00 1330.50 0.000000 ---
20001.00 1330.18 0.000000 ---
19901.00 1329.86 0.000000 ---
19801.00 1329.61 0.000000 ---
19701.00 1329.42 0.000000 ---
19601.00 1329.23 0.000000 ---
19501.00 1329.03 0.000000 ---
19401.00 1328.84 0.000000 ---
19301.00 1328.65 0.000000 ---
19201.00 1328.45 0.000000 ---
19101.00 1328.26 0.000000 ---
19001.00 1328.07 0.000000 ---
18901.00 1327.87 0.000000 ---
18801.00 1327.68 0.000000 ---
18701.00 1327.49 0.000000 ---
18601.00 1327.29 0.000000 ---
18501.00 1327.10 0.000000 ---
18401.00 1326.91 0.000000 ---
18301.00 1326.71 0.000000 ---
18201.00 1326.52 0.000000 ---
18101.00 1326.33 0.000000 ---
18001.00 1326.13 0.000000 ---
17901.00 1325.94 0.000000 ---
17801.00 1325.75 0.000000 ---
17701.00 1325.55 0.000000 ---
17601.00 1325.36 0.000000 ---
17501.00 1325.17 0.000000 ---
17401.00 1324.97 0.000000 ---
17301.00 1324.78 0.000000 ---
17201.00 1324.59 0.000000 ---
17101.00 1324.39 0.000000 ---
17001.00 1324.20 0.000000 ---
16901.00 1324.01 0.000000 ---
16801.00 1323.81 0.000000 ---
16701.00 1323.62 0.000000 ---
16601.00 1323.42 0.000000 ---
16501.00 1323.23 0.000000 ---
16401.00 1323.04 0.000000 ---
16301.00 1322.84 0.000000 ---
16201.00 1322.65 0.000000 ---
16101.00 1322.46 0.000000 ---
16001.00 1322.26 0.000000 ---
15901.00 1322.07 0.000000 ---
15801.00 1321.87 0.000000 ---
15701.00 1321.68 0.000000 ---
15601.00 1321.49 0.000000 ---
15501.00 1321.29 0.000000 ---
15401.00 1321.10 0.000000 ---
15301.00 1320.90 0.000000 ---
15201.00 1320.71 0.000000 ---
15101.00 1320.52 0.000000 ---
15001.00 1320.32 0.000000 ---
14901.00 1320.13 0.000000 ---
14801.00 1319.82 0.027565 50.0672 0.73525 17.469 0.111994 0.296907 5.67681 0.0215162 10.2238 0.0122256 4.80127 10.584
14701.00 1319.48 0.063939 50.1191 0.734325 17.4826 0.113397 0.292901 5.66701 0.0212633 10.22 0.0120777 4.85192 10.4854
14601.00 1319.14 0.100896 50.1706 0.733429 17.4959 0.114833 0.288918 5.65739 0.021012 10.2163 0.0119306 4.90327 10.3864
14501.00 1318.80 0.138457 50.2217 0.732562 17.509 0.116302 0.284957 5.64796 0.020762 10.2129 0.0117845 4.95532 10.2868
14401.00 1318.46 0.176644 50.2724 0.731724 17.5217 0.117804 0.281019 5.6387 0.0205136 10.2096 0.0116394 5.00809 10.1868
14301.00 1318.11 0.215480 50.3226 0.730916 17.5341 0.119343 0.277103 5.62963 0.0202667 10.2066 0.0114951 5.06159 10.0863
14201.00 1317.76 0.254988 50.3724 0.730137 17.5463 0.120917 0.273212 5.62075 0.0200213 10.2038 0.0113518 5.11583 9.9854
14101.00 1317.41 0.295194 50.4216 0.729388 17.5581 0.122529 0.269344 5.61205 0.0197774 10.2012 0.0112094 5.17082 9.884
14001.00 1317.06 0.336123 50.4704 0.728669 17.5696 0.124179 0.2655 5.60354 0.019535 10.1988 0.011068 5.22656 9.78214
13901.00 1316.71 0.377804 50.5187 0.727979 17.5808 0.125869 0.261681 5.59522 0.0192941 10.1966 0.0109275 5.28308 9.67983
13801.00 1316.36 0.420265 50.5665 0.727319 17.5917 0.1276 0.257887 5.58709 0.0190547 10.1946 0.0107879 5.34038 9.57707
13701.00 1316.00 0.463535 50.6138 0.72669 17.6023 0.129374 0.254118 5.57915 0.0188168 10.1928 0.0106493 5.39847 9.47385
13601.00 1315.64 0.507647 50.6605 0.72609 17.6126 0.13119 0.250375 5.5714 0.0185805 10.1912 0.0105116 5.45736 9.3702
13501.00 1315.28 0.552633 50.7067 0.72552 17.6225 0.133052 0.246659 5.56385 0.0183456 10.1898 0.0103748 5.51706 9.26611
13401.00 1314.91 0.598527 50.7523 0.72498 17.6321 0.13496 0.242969 5.55649 0.0181123 10.1887 0.010239 5.57758 9.16158
13301.00 1314.54 0.645367 50.7974 0.724469 17.6414 0.136915 0.239306 5.54932 0.0178805 10.1877 0.0101041 5.63893 9.05663
13201.00 1314.18 0.693189 50.8418 0.723989 17.6503 0.138919 0.235671 5.54234 0.0176502 10.1869 0.00997018 5.70112 8.95126
13101.00 1313.80 0.742034 50.8857 0.723537 17.659 0.140974 0.232063 5.53556 0.0174214 10.1864 0.00983716 5.76416 8.84547
13001.00 1313.43 0.791943 50.9289 0.723115 17.6672 0.14308 0.228485 5.52897 0.0171942 10.186 0.00970509 5.82805 8.73928
12901.00 1313.05 0.842960 50.9716 0.722722 17.6752 0.145241 0.224935 5.52257 0.0169685 10.1858 0.00957394 5.89281 8.6327
12801.00 1312.67 0.895131 51.0136 0.722358 17.6828 0.147456 0.221415 5.51636 0.0167443 10.1857 0.00944374 5.95845 8.52572
12701.00 1312.28 0.948504 51.0549 0.722021 17.69 0.149728 0.217924 5.51034 0.0165216 10.1859 0.00931447 6.02496 8.41837
12601.00 1311.89 1.003129 51.0956 0.721713 17.6969 0.152058 0.214464 5.5045 0.0163005 10.1862 0.00918613 6.09236 8.31065
12501.00 1311.50 1.057280 51.1357 0.721432 17.7034 0.154448 0.211035 5.49885 0.0160809 10.1867 0.00905874 6.16065 8.20257
12401.00 1311.11 1.057332 51.175 0.72119 17.7096 0.156903 0.207623 5.49349 0.0158629 10.1875 0.00893231 6.22999 8.09393
12301.00 1310.71 1.057397 51.2134 0.72099 17.7154 0.159424 0.20423 5.48842 0.0156464 10.1886 0.00880684 6.30039 7.98472
12201.00 1310.31 1.057476 51.2509 0.72083 17.7209 0.162014 0.200854 5.48365 0.0154314 10.1899 0.00868233 6.37188 7.87496
12101.00 1309.91 1.057568 51.2876 0.720712 17.7259 0.164675 0.197498 5.47917 0.0152181 10.1916 0.00855878 6.44445 7.76463
12001.00 1309.51 1.057676 51.3233 0.720635 17.7306 0.167409 0.194161 5.47499 0.0150063 10.1935 0.00843619 6.51815 7.65375
11901.00 1309.11 1.057799 51.3582 0.720602 17.7349 0.170219 0.190843 5.47112 0.014796 10.1957 0.00831456 6.59297 7.54231
11801.00 1308.70 1.057939 51.3921 0.720611 17.7389 0.173107 0.187545 5.46756 0.0145873 10.1982 0.00819389 6.66895 7.43033
11701.00 1308.30 1.058096 51.425 0.720664 17.7424 0.176076 0.184268 5.46431 0.0143801 10.201 0.00807417 6.74608 7.3178
11601.00 1307.89 1.058272 51.4569 0.720761 17.7455 0.179129 0.181012 5.46138 0.0141745 10.204 0.0079554 6.8244 7.20473
11501.00 1307.47 1.058466 51.4879 0.720902 17.7482 0.182269 0.177777 5.45876 0.0139704 10.2073 0.00783759 6.90392 7.09112
11401.00 1307.06 1.058681 51.5178 0.721087 17.7506 0.185497 0.174564 5.45645 0.0137679 10.2109 0.00772072 6.98466 6.97699
11301.00 1306.64 1.058917 51.5467 0.721318 17.7525 0.188818 0.171373 5.45447 0.013567 10.2147 0.0076048 7.06662 6.86233
11201.00 1306.22 1.059175 51.5745 0.721594 17.754 0.192234 0.168205 5.45281 0.0133675 10.2188 0.00748982 7.14983 6.74716
11101.00 1305.80 1.059457 51.6012 0.721915 17.7551 0.195749 0.16506 5.45148 0.0131696 10.2232 0.00737579 7.23429 6.63148
11001.00 1305.38 1.059764 51.6269 0.722282 17.7557 0.199364 0.16194 5.45047 0.0129733 10.2278 0.0072627 7.32003 6.51531
10901.00 1304.95 1.060097 51.6514 0.722694 17.756 0.203085 0.158844 5.44978 0.0127785 10.2326 0.00715056 7.40706 6.39865
10801.00 1304.52 1.060458 51.6748 0.723152 17.7558 0.206913 0.155772 5.44942 0.0125852 10.2376 0.00703935 7.49538 6.28152
10701.00 1304.09 1.060847 51.697 0.723655 17.7552 0.210853 0.152727 5.44938 0.0123935 10.2429 0.00692907 7.58501 6.16393
10601.00 1303.65 1.061268 51.7181 0.724203 17.7541 0.214907 0.149707 5.44967 0.0122033 10.2484 0.00681974 7.67596 6.0459
10501.00 1303.21 1.061721 51.738 0.724796 17.7526 0.219079 0.146714 5.45027 0.0120147 10.2541 0.00671133 7.76824 5.92744
10401.00 1302.77 1.062208 51.7568 0.725434 17.7507 0.223372 0.143749 5.4512 0.0118275 10.26 0.00660386 7.86186 5.80857
10301.00 1302.32 1.062731 51.7743 0.726114 17.7483 0.22779 0.140812 5.45243 0.011642 10.266 0.00649732 7.95682 5.6893
10201.00 1301.87 1.063293 51.7906 0.726838 17.7455 0.232337 0.137903 5.45398 0.0114579 10.2722 0.00639172 8.05312 5.56967
10101.00 1301.41 1.063895 51.8058 0.727604 17.7422 0.237015 0.135024 5.45584 0.0112754 10.2785 0.00628704 8.15077 5.44969
10001.00 1300.95 1.064540 51.8197 0.72841 17.7385 0.241829 0.132174 5.45799 0.0110944 10.285 0.00618329 8.24977 5.32939
9901.00 1300.49 1.065230 51.8324 0.729256 17.7343 0.246782 0.129356 5.46044 0.010915 10.2916 0.00608046 8.35012 5.20879
9801.00 1300.02 1.065968 51.8439 0.730139 17.7297 0.251876 0.126569 5.46317 0.0107371 10.2982 0.00597857 8.45181 5.08792
9701.00 1299.55 1.066757 51.8542 0.731058 17.7247 0.257116 0.123814 5.46617 0.0105607 10.3049 0.0058776 8.55484 4.96681
9601.00 1299.07 1.067600 51.8633 0.732011 17.7192 0.262504 0.121093 5.46944 0.0103859 10.3117 0.00577756 8.65919 4.8455
9501.00 1298.59 1.068499 51.8712 0.732995 17.7133 0.268043 0.118405 5.47295 0.0102126 10.3184 0.00567845 8.76486 4.72402
9401.00 1298.10 1.069459 51.8779 0.734007 17.7069 0.273737 0.115752 5.47671 0.0100409 10.3252 0.00558027 8.87183 4.60241
9301.00 1297.61 1.070483 51.8835 0.735045 17.7001 0.279588 0.113134 5.48068 0.00987071 10.3318 0.00548301 8.98008 4.4807
9201.00 1297.11 1.071575 51.8879 0.736104 17.6929 0.285598 0.110553 5.48486 0.00970209 10.3385 0.00538669 9.08959 4.35895
9101.00 1296.60 1.072739 51.8913 0.737181 17.6852 0.29177 0.10801 5.48922 0.00953502 10.345 0.0052913 9.20033 4.2372
9001.00 1296.09 1.073979 51.8935 0.738272 17.6771 0.298106 0.105504 5.49374 0.00936953 10.3514 0.00519685 9.31228 4.11549
8901.00 1295.57 1.075301 51.8948 0.73937 17.6687 0.304606 0.103038 5.4984 0.00920561 10.3576 0.00510333 9.42539 3.99388
8801.00 1295.04 1.076710 51.895 0.740472 17.6598 0.311272 0.100611 5.50318 0.00904327 10.3636 0.00501075 9.53962 3.87242
8701.00 1294.51 1.078210 51.8943 0.741571 17.6505 0.318105 0.0982262 5.50804 0.00888253 10.3693 0.00491912 9.65494 3.75117
8601.00 1293.97 1.079809 51.8927 0.742659 17.6409 0.325105 0.0958829 5.51296 0.00872338 10.3748 0.00482844 9.77129 3.63019
8501.00 1293.42 1.081511 51.8903 0.743731 17.6309 0.332271 0.0935826 5.51791 0.00856585 10.3799 0.00473871 9.88862 3.50955
8401.00 1292.86 1.083325 51.8871 0.744777 17.6205 0.339603 0.0913264 5.52284 0.00840994 10.3846 0.00464994 10.0069 3.38931
8301.00 1292.29 1.085257 51.8833 0.745789 17.6097 0.347098 0.0891151 5.52772 0.00825567 10.3889 0.00456213 10.126 3.26954
8201.00 1291.72 1.087315 51.8788 0.746757 17.5987 0.354754 0.08695 5.53251 0.00810305 10.3928 0.0044753 10.2458 3.15032
8101.00 1291.13 1.089507 51.8739 0.747671 17.5873 0.362569 0.084832 5.53716 0.00795209 10.3961 0.00438945 10.3664 3.03172
8001.00 1290.53 1.091842 51.8685 0.748519 17.5756 0.370536 0.0827622 5.54164 0.00780283 10.3988 0.00430458 10.4876 2.91383
7901.00 1289.93 1.094329 51.8629 0.749288 17.5637 0.378653 0.0807417 5.54588 0.00765526 10.401 0.00422071 10.6093 2.79674
7801.00 1289.31 1.096979 51.8571 0.749965 17.5515 0.386912 0.0787716 5.54984 0.00750942 10.4024 0.00413784 10.7314 2.68052
7701.00 1288.67 1.099803 51.8513 0.750535 17.539 0.395305 0.0768531 5.55345 0.00736533 10.4031 0.00405599 10.8538 2.56528
7601.00 1288.03 1.102811 51.8455 0.750983 17.5263 0.403826 0.0749872 5.55667 0.007223 10.403 0.00397516 10.9764 2.45111
7501.00 1287.37 1.106016 51.8401 0.75129 17.5134 0.412464 0.0731752 5.55942 0.00708247 10.4021 0.00389538 11.099 2.33811
7401.00 1286.70 1.109431 51.835 0.75144 17.5003 0.421207 0.0714183 5.56164 0.00694376 10.4003 0.00381664 11.2216 2.22638
7301.00 1286.01 1.113068 51.8306 0.75141 17.487 0.430045 0.0697177 5.56326 0.0068069 10.3975 0.00373898 11.3439 2.11604
7201.00 1285.30 1.116942 51.8269 0.751182 17.4736 0.438963 0.0680746 5.5642 0.00667192 10.3937 0.00366239 11.4659 2.0072
7101.00 1284.58 1.121066 51.8242 0.750731 17.46 0.447946 0.0664904 5.56439 0.00653885 10.3888 0.0035869 11.5873 1.89997
7001.00 1283.84 1.125457 51.8228 0.750034 17.4463 0.456977 0.0649664 5.56375 0.00640774 10.3828 0.00351253 11.708 1.79447
6901.00 1283.08 1.130127 51.8228 0.749064 17.4325 0.466038 0.0635041 5.56219 0.00627861 10.3756 0.00343929 11.8278 1.69084
6801.00 1282.30 1.135093 51.8244 0.747795 17.4186 0.475109 0.0621049 5.55963 0.00615151 10.3671 0.00336721 11.9465 1.5892
6701.00 1281.50 1.140367 51.8281 0.746197 17.4047 0.48417 0.0607704 5.55597 0.00602648 10.3573 0.0032963 12.0639 1.48969
6601.00 1280.68 1.145964 51.8339 0.744241 17.3906 0.493196 0.0595023 5.55112 0.00590358 10.3462 0.00322659 12.1797 1.39245
6501.00 1279.83 1.151892 51.8423 0.741895 17.3765 0.502164 0.0583022 5.54498 0.00578284 10.3336 0.00315811 12.2937 1.29763
6401.00 1278.96 1.158163 51.8534 0.739127 17.3623 0.511047 0.0571719 5.53746 0.00566433 10.3195 0.00309088 12.4058 1.20537
6301.00 1278.06 1.164778 51.8678 0.735903 17.3481 0.519819 0.0561135 5.52846 0.00554811 10.3039 0.00302493 12.5155 1.11582
6201.00 1277.13 1.171740 51.8855 0.732188 17.3338 0.52845 0.0551289 5.51787 0.00543423 10.2868 0.0029603 12.6227 1.02915
6101.00 1276.18 1.179039 51.9072 0.72795 17.3193 0.536913 0.0542204 5.5056 0.00532277 10.268 0.00289701 12.7271 0.945514
6001.00 1275.19 1.186661 51.933 0.723154 17.3047 0.545176 0.0533901 5.49154 0.00521379 10.2475 0.00283512 12.8284 0.865067
5901.00 1274.17 1.194579 51.9633 0.717768 17.29 0.55321 0.0526404 5.47562 0.00510737 10.2254 0.00277464 12.9262 0.787973
5801.00 1273.12 1.202751 51.9986 0.711761 17.275 0.560984 0.0519737 5.45774 0.00500361 10.2015 0.00271564 13.0204 0.714387
5701.00 1272.04 1.211122 52.0392 0.705105 17.2596 0.56847 0.0513924 5.43782 0.00490257 10.1758 0.00265815 13.1106 0.64446
5601.00 1270.91 1.219615 52.0853 0.697778 17.2439 0.57564 0.0508989 5.4158 0.00480436 10.1484 0.00260222 13.1965 0.578332
5501.00 1269.76 1.228135 52.1375 0.689761 17.2278 0.582467 0.0504955 5.39162 0.00470908 10.1192 0.00254791 13.2778 0.516129
5401.00 1268.57 1.236560 52.1959 0.681042 17.2109 0.588929 0.0501842 5.36527 0.00461682 10.0883 0.00249526 13.3543 0.457959
5301.00 1267.34 1.244749 52.2609 0.671618 17.1933 0.595008 0.0499668 5.33674 0.00452768 10.0557 0.00244433 13.4259 0.403904
5201.00 1266.08 1.252534 52.3327 0.661496 17.1748 0.60069 0.0498446 5.30604 0.00444177 10.0214 0.00239518 13.4922 0.354016
5101.00 1264.79 1.259731 52.4114 0.650691 17.1552 0.605964 0.0498183 5.27323 0.00435918 9.98545 0.00234786 13.5533 0.308312
5001.00 1263.46 1.266142 52.4971 0.63923 17.1342 0.61083 0.0498878 5.2384 0.00428003 9.94804 0.00230243 13.6089 0.266765
4901.00 1262.10 1.271561 52.5899 0.627152 17.1117 0.615289 0.0500522 5.20167 0.00420439 9.90925 0.00225893 13.6592 0.229307
4801.00 1260.72 1.275789 52.6896 0.614505 17.0874 0.619352 0.0503096 5.16319 0.00413235 9.86921 0.00221742 13.7042 0.195824
4701.00 1259.32 1.278642 52.7962 0.601348 17.061 0.623033 0.0506571 5.12314 0.00406399 9.82808 0.00217793 13.7441 0.166156
4601.00 1257.90 1.279964 52.9094 0.587748 17.0324 0.626354 0.0510905 5.08176 0.00399937 9.78605 0.00214051 13.779 0.140102
4501.00 1256.47 1.279636 53.0289 0.573778 17.0011 0.629337 0.0516047 5.03926 0.00393855 9.7433 0.00210518 13.8092 0.117425
4401.00 1255.02 1.277583 53.1544 0.559515 16.9671 0.632011 0.0521934 4.9959 0.00388156 9.70004 0.00207197 13.8351 0.097861
4301.00 1253.58 1.273778 53.2854 0.545037 16.93 0.634403 0.0528496 4.95193 0.00382844 9.65647 0.0020409 13.8569 0.0811273
4201.00 1252.14 1.268242 53.4216 0.530423 16.8896 0.636541 0.0535657 4.90761 0.0037792 9.61281 0.00201197 13.8751 0.0669321
4101.00 1250.70 1.261041 53.5625 0.515748 16.8457 0.638453 0.0543331 4.86318 0.00373386 9.56926 0.00198519 13.8901 0.0549842
4001.00 1249.28 1.252274 53.7077 0.501082 16.7982 0.640163 0.0551434 4.81889 0.00369242 9.52603 0.00196058 13.9022 0.0450008
3901.00 1247.88 1.242072 53.8567 0.486492 16.7468 0.641694 0.0559877 4.77493 0.00365488 9.48329 0.00193812 13.9118 0.0367148
3801.00 1246.50 1.230586 54.0093 0.472037 16.6914 0.643064 0.0568573 4.73151 0.00362125 9.44121 0.00191781 13.9193 0.0298794
3701.00 1245.14 1.217978 54.165 0.457772 16.6318 0.644289 0.0577437 4.6888 0.00359153 9.39997 0.00189965 13.9249 0.024271
3601.00 1243.81 1.204416 54.3236 0.443744 16.568 0.645382 0.0586387 4.64694 0.0035657 9.35969 0.00188364 13.9289 0.0196913
3501.00 1242.52 1.190069 54.4846 0.429994 16.4999 0.646352 0.0595345 4.60607 0.00354377 9.32052 0.00186978 13.9316 0.0159665
3401.00 1241.26 1.175101 54.648 0.416558 16.4274 0.647209 0.0604239 4.56629 0.00352573 9.28256 0.00185805 13.9332 0.0129474
3301.00 1240.04 1.159673 54.8135 0.403467 16.3504 0.647957 0.0613001 4.52768 0.0035116 9.24591 0.00184844 13.9339 0.0105066
3201.00 1238.85 1.143935 54.9808 0.390745 16.269 0.648602 0.0621572 4.49032 0.00350136 9.21066 0.00184097 13.9338 0.00853725
3101.00 1237.70 1.128031 55.1498 0.378412 16.1831 0.649148 0.0629896 4.45425 0.00349502 9.17689 0.00183562 13.9331 0.0069504
3001.00 1236.59 1.112094 55.3204 0.366484 16.0928 0.649597 0.0637926 4.41951 0.00349257 9.14465 0.00183237 13.9318 0.00567254
2901.00 1235.53 1.096249 55.4924 0.354971 15.998 0.649954 0.0645622 4.38614 0.00349402 9.114 0.00183124 13.93 0.00464349
2801.00 1234.50 1.080608 55.6657 0.343878 15.8988 0.650221 0.0652949 4.35414 0.00349935 9.08498 0.0018322 13.9278 0.00381428
2701.00 1233.51 1.065274 55.8402 0.333208 15.7953 0.650402 0.065988 4.32351 0.00350857 9.05762 0.00183525 13.9253 0.00314529
2601.00 1232.56 1.050335 56.0158 0.322959 15.6875 0.6505 0.0666393 4.29427 0.00352167 9.03195 0.00184038 13.9224 0.00260459
2501.00 1231.65 1.035866 56.1925 0.313125 15.5755 0.650517 0.0672473 4.26638 0.00353864 9.00798 0.00184757 13.9192 0.00216659
2401.00 1230.77 1.021931 56.3702 0.303697 15.4594 0.650458 0.067811 4.23985 0.00355948 8.98573 0.00185683 13.9157 0.00181079
2301.00 1229.93 1.008576 56.5487 0.294663 15.3393 0.650327 0.0683299 4.21464 0.00358419 8.9652 0.00186814 13.9118 0.00152085
2201.00 1229.12 0.995838 56.7281 0.286011 15.2154 0.650125 0.0688041 4.19074 0.00361277 8.94639 0.0018815 13.9077 0.00128374
2101.00 1228.40 0.972316 56.9131 0.277894 15.096 0.650388 0.0693125 4.17003 0.00364373 8.93934 0.00189614 13.8773 0.00109921
2001.00 1227.98 0.892357 57.1299 0.271143 15.0273 0.654119 0.070305 4.16232 0.00366781 8.99807 0.00190727 13.6803 0.00100384
1901.00 1227.56 0.890095 57.3478 0.264677 14.9559 0.657904 0.0712988 4.15497 0.00369395 9.05781 0.00191945 13.483 0.000917199
1801.00 1227.15 0.887893 57.5669 0.258479 14.8818 0.661736 0.0722928 4.14799 0.00372221 9.11852 0.00193272 13.2857 0.000838441
1701.00 1226.74 0.885745 57.7872 0.252532 14.8049 0.665603 0.0732857 4.14137 0.00375269 9.18015 0.00194712 13.0886 0.000766813
1601.00 1226.33 0.883646 58.0085 0.246822 14.725 0.669496 0.0742763 4.13511 0.00378549 9.24264 0.00196271 12.8917 0.000701636
1501.00 1225.93 0.881591 58.2309 0.241334 14.642 0.673406 0.0752632 4.12922 0.0038207 9.30594 0.00197954 12.6955 0.000642302
1401.00 1225.53 0.879576 58.4544 0.236056 14.5558 0.677323 0.0762452 4.1237 0.00385844 9.37003 0.00199765 12.5 0.000588265
1301.00 1225.13 0.877597 58.6789 0.230974 14.4664 0.681238 0.0772208 4.11855 0.00389882 9.43485 0.00201711 12.3054 0.000539033
1201.00 1224.74 0.875651 58.9044 0.226078 14.3737 0.685142 0.0781887 4.11379 0.00394197 9.50036 0.00203798 12.1118 0.00049416
1101.00 1224.35 0.873734 59.1309 0.221357 14.2775 0.689024 0.0791474 4.1094 0.00398802 9.56653 0.00206032 11.9196 0.000453248
1001.00 1223.96 0.871847 59.3584 0.216801 14.1778 0.692878 0.0800956 4.10541 0.00403712 9.63332 0.00208421 11.7287 0.000415931
901.00 1223.57 0.794071 59.5863 0.212347 14.0751 0.696843 0.0810236 4.10207 0.00408901 9.70138 0.00210952 11.5387 0
801.00 1223.19 0.868196 59.8157 0.208093 13.9681 0.700609 0.0819478 4.09888 0.00414468 9.76937 0.00213675 11.351 0
701.00 1222.80 0.866384 60.046 0.203976 13.8573 0.70432 0.0828574 4.09611 0.00420388 9.83792 0.00216577 11.1652 0
601.00 1222.42 0.864597 60.2771 0.199989 13.7426 0.70797 0.0837512 4.09379 0.00426681 9.90702 0.00219667 10.9813 0
501.00 1222.04 0.862837 60.5091 0.196125 13.6241 0.711551 0.0846281 4.09191 0.00433365 9.97666 0.00222955 10.7994 0
401.00 1221.67 0.861103 60.7419 0.192376 13.5015 0.715056 0.0854869 4.09051 0.00440462 10.0469 0.00226452 10.6197 0
301.00 1221.29 0.859397 60.9755 0.188735 13.3748 0.718479 0.0863269 4.08959 0.00447996 10.1176 0.0023017 10.4422 0
201.00 1220.92 0.857721 61.21 0.185196 13.244 0.721814 0.0871471 4.08918 0.00455993 10.189 0.0023412 10.2669 0
101.00 1220.55 0.856076 61.4452 0.181752 13.1089 0.725057 0.0879469 4.08929 0.00464478 10.2609 0.00238318 10.094 0
1.00 1220.18 0.854465 61.6812 0.178398 12.9696 0.728203 0.0887258 4.08995 0.00473481 10.3335 0.00242776 9.92337 0