Title: Depleted MORB Mantle of Workmann & Hart 2005

Phase Masses:
Pressure Temperature mass liquid_0 olivine_0 garnet_0 orthopyroxene_0 clinopyroxene_0 feldspar_0 spinel_0 
44001.00 1344.36 100.138999 0.000000 59.088414 13.298552 13.855959 12.857810 0.000000 1.038265 
43901.00 1344.16 100.138999 0.000000 59.087661 13.289070 13.864027 12.859155 0.000000 1.039085 
43801.00 1343.96 100.138999 0.000000 59.086903 13.279522 13.872142 12.860520 0.000000 1.039912 
43701.00 1343.76 100.138999 0.000000 59.086139 13.269907 13.880304 12.861905 0.000000 1.040745 
43601.00 1343.56 100.138999 0.000000 59.085368 13.260224 13.888513 12.863310 0.000000 1.041585 
43501.00 1343.37 100.138999 0.000000 59.084590 13.250472 13.896769 12.864735 0.000000 1.042432 
43401.00 1343.17 100.138999 0.000000 59.083807 13.240651 13.905074 12.866180 0.000000 1.043286 
43301.00 1342.97 100.138999 0.000000 59.083017 13.230760 13.913428 12.867646 0.000000 1.044148 
43201.00 1342.77 100.138999 0.000000 59.082220 13.220799 13.921831 12.869133 0.000000 1.045016 
43101.00 1342.57 100.138999 0.000000 59.081416 13.210766 13.930284 12.870641 0.000000 1.045892 
43001.00 1342.37 100.138999 0.000000 59.080605 13.200662 13.938786 12.872171 0.000000 1.046775 
42901.00 1342.17 100.138999 0.000000 59.079788 13.190484 13.947340 12.873722 0.000000 1.047666 
42801.00 1341.97 100.138999 0.000000 59.078963 13.180234 13.955944 12.875294 0.000000 1.048564 
42701.00 1341.78 100.138999 0.000000 59.078132 13.169909 13.964600 12.876889 0.000000 1.049470 
42601.00 1341.58 100.138999 0.000000 59.077293 13.159509 13.973308 12.878505 0.000000 1.050383 
42501.00 1341.38 100.138999 0.000000 59.076447 13.149034 13.982068 12.880144 0.000000 1.051305 
42401.00 1341.18 100.138999 0.000000 59.075593 13.138483 13.990882 12.881806 0.000000 1.052235 
42301.00 1340.98 100.138999 0.000000 59.074732 13.127855 13.999749 12.883491 0.000000 1.053173 
42201.00 1340.78 100.138999 0.000000 59.073863 13.117148 14.008671 12.885198 0.000000 1.054119 
42101.00 1340.58 100.138999 0.000000 59.072986 13.106364 14.017647 12.886929 0.000000 1.055074 
42001.00 1340.38 100.138999 0.000000 59.072101 13.095499 14.026678 12.888684 0.000000 1.056037 
41901.00 1340.18 100.138999 0.000000 59.071208 13.084555 14.035765 12.890463 0.000000 1.057009 
41801.00 1339.98 100.138999 0.000000 59.070307 13.073530 14.044908 12.892265 0.000000 1.057989 
41701.00 1339.78 100.138999 0.000000 59.069398 13.062422 14.054108 12.894092 0.000000 1.058979 
41601.00 1339.59 100.138999 0.000000 59.068481 13.051232 14.063366 12.895943 0.000000 1.059977 
41501.00 1339.39 100.138999 0.000000 59.067555 13.039959 14.072681 12.897820 0.000000 1.060985 
41401.00 1339.19 100.138999 0.000000 59.066620 13.028601 14.082055 12.899721 0.000000 1.062002 
41301.00 1338.99 100.138999 0.000000 59.065676 13.017158 14.091489 12.901648 0.000000 1.063028 
41201.00 1338.79 100.138999 0.000000 59.064724 13.005628 14.100982 12.903600 0.000000 1.064065 
41101.00 1338.59 100.138999 0.000000 59.063762 12.994012 14.110536 12.905579 0.000000 1.065110 
41001.00 1338.39 100.138999 0.000000 59.062791 12.982307 14.120151 12.907583 0.000000 1.066166 
40901.00 1338.19 100.138999 0.000000 59.061811 12.970514 14.129827 12.909615 0.000000 1.067232 
40801.00 1337.99 100.138999 0.000000 59.060822 12.958631 14.139566 12.911672 0.000000 1.068308 
40701.00 1337.79 100.138999 0.000000 59.059823 12.946657 14.149368 12.913757 0.000000 1.069394 
40601.00 1337.59 100.138999 0.000000 59.058814 12.934591 14.159234 12.915870 0.000000 1.070491 
40501.00 1337.39 100.138999 0.000000 59.057795 12.922432 14.169164 12.918009 0.000000 1.071599 
40401.00 1337.19 100.138999 0.000000 59.056766 12.910180 14.179159 12.920177 0.000000 1.072717 
40301.00 1336.99 100.138999 0.000000 59.055726 12.897833 14.189220 12.922373 0.000000 1.073847 
40201.00 1336.79 100.138999 0.000000 59.054677 12.885390 14.199347 12.924598 0.000000 1.074987 
40101.00 1336.59 100.138999 0.000000 59.053616 12.872850 14.209542 12.926852 0.000000 1.076139 
40001.00 1336.39 100.138999 0.000000 59.052545 12.860213 14.219804 12.929134 0.000000 1.077303 
39901.00 1336.19 100.138999 0.000000 59.051463 12.847476 14.230135 12.931446 0.000000 1.078478 
39801.00 1335.99 100.138999 0.000000 59.050370 12.834639 14.240536 12.933788 0.000000 1.079665 
39701.00 1335.79 100.138999 0.000000 59.049266 12.821702 14.251006 12.936161 0.000000 1.080865 
39601.00 1335.59 100.138999 0.000000 59.048150 12.808661 14.261548 12.938563 0.000000 1.082076 
39501.00 1335.39 100.138999 0.000000 59.047023 12.795518 14.272162 12.940997 0.000000 1.083300 
39401.00 1335.19 100.138999 0.000000 59.045883 12.782269 14.282848 12.943462 0.000000 1.084537 
39301.00 1334.99 100.138999 0.000000 59.044732 12.768915 14.293607 12.945958 0.000000 1.085787 
39201.00 1334.79 100.138999 0.000000 59.043568 12.755454 14.304441 12.948486 0.000000 1.087050 
39101.00 1334.59 100.138999 0.000000 59.042392 12.741885 14.315350 12.951046 0.000000 1.088326 
39001.00 1334.39 100.138999 0.000000 59.041203 12.728206 14.326334 12.953639 0.000000 1.089616 
38901.00 1334.19 100.138999 0.000000 59.040002 12.714416 14.337396 12.956265 0.000000 1.090920 
38801.00 1333.99 100.138999 0.000000 59.038787 12.700515 14.348535 12.958925 0.000000 1.092237 
38701.00 1333.79 100.138999 0.000000 59.037559 12.686500 14.359753 12.961618 0.000000 1.093569 
38601.00 1333.59 100.138999 0.000000 59.036317 12.672370 14.371051 12.964345 0.000000 1.094916 
38501.00 1333.39 100.138999 0.000000 59.035062 12.658125 14.382429 12.967107 0.000000 1.096277 
38401.00 1333.19 100.138999 0.000000 59.033792 12.643762 14.393888 12.969903 0.000000 1.097653 
38301.00 1332.99 100.138999 0.000000 59.032509 12.629281 14.405430 12.972735 0.000000 1.099044 
38201.00 1332.79 100.138999 0.000000 59.031211 12.614679 14.417055 12.975603 0.000000 1.100451 
38101.00 1332.59 100.138999 0.000000 59.029898 12.599955 14.428765 12.978507 0.000000 1.101874 
38001.00 1332.38 100.138999 0.000000 59.028570 12.585109 14.440560 12.981447 0.000000 1.103313 
37901.00 1332.18 100.138999 0.000000 59.027227 12.570138 14.452441 12.984425 0.000000 1.104768 
37801.00 1331.98 100.138999 0.000000 59.025868 12.555041 14.464410 12.987440 0.000000 1.106240 
37701.00 1331.78 100.138999 0.000000 59.024494 12.539817 14.476468 12.990492 0.000000 1.107728 
37601.00 1331.58 100.138999 0.000000 59.023103 12.524463 14.488615 12.993584 0.000000 1.109234 
37501.00 1331.38 100.138999 0.000000 59.021696 12.508978 14.500854 12.996713 0.000000 1.110757 
37401.00 1331.18 100.138999 0.000000 59.020273 12.493362 14.513184 12.999883 0.000000 1.112298 
37301.00 1330.98 100.138999 0.000000 59.018832 12.477611 14.525607 13.003091 0.000000 1.113858 
37201.00 1330.78 100.138999 0.000000 59.017374 12.461724 14.538125 13.006340 0.000000 1.115435 
37101.00 1330.57 100.138999 0.000000 59.015899 12.445700 14.550738 13.009630 0.000000 1.117032 
37001.00 1330.37 100.138999 0.000000 59.014406 12.429537 14.563447 13.012961 0.000000 1.118647 
36901.00 1330.17 100.138999 0.000000 59.012894 12.413233 14.576255 13.016334 0.000000 1.120282 
36801.00 1329.97 100.138999 0.000000 59.011364 12.396787 14.589162 13.019749 0.000000 1.121937 
36701.00 1329.77 100.138999 0.000000 59.009815 12.380196 14.602170 13.023206 0.000000 1.123612 
36601.00 1329.56 100.138999 0.000000 59.008247 12.363458 14.615279 13.026707 0.000000 1.125308 
36501.00 1329.36 100.138999 0.000000 59.006659 12.346572 14.628492 13.030252 0.000000 1.127025 
36401.00 1329.16 100.138999 0.000000 59.005051 12.329536 14.641809 13.033840 0.000000 1.128762 
36301.00 1328.96 100.138999 0.000000 59.003423 12.312348 14.655232 13.037474 0.000000 1.130522 
36201.00 1328.76 100.138999 0.000000 59.001774 12.295005 14.668762 13.041154 0.000000 1.132304 
36101.00 1328.55 100.138999 0.000000 59.000104 12.277506 14.682402 13.044879 0.000000 1.134108 
36001.00 1328.35 100.138999 0.000000 58.998413 12.259849 14.696151 13.048651 0.000000 1.135935 
35901.00 1328.15 100.138999 0.000000 58.996699 12.242032 14.710013 13.052470 0.000000 1.137785 
35801.00 1327.95 100.138999 0.000000 58.994964 12.224052 14.723987 13.056337 0.000000 1.139660 
35701.00 1327.74 100.138999 0.000000 58.993205 12.205907 14.738077 13.060252 0.000000 1.141558 
35601.00 1327.54 100.138999 0.000000 58.991423 12.187595 14.752283 13.064217 0.000000 1.143481 
35501.00 1327.34 100.138999 0.000000 58.989618 12.169113 14.766608 13.068231 0.000000 1.145430 
35401.00 1327.14 100.138999 0.000000 58.987788 12.150460 14.781052 13.072295 0.000000 1.147404 
35301.00 1326.93 100.138999 0.000000 58.985934 12.131633 14.795617 13.076410 0.000000 1.149405 
35201.00 1326.73 100.138999 0.000000 58.984055 12.112629 14.810306 13.080578 0.000000 1.151432 
35101.00 1326.53 100.138999 0.000000 58.982150 12.093446 14.825120 13.084797 0.000000 1.153486 
35001.00 1326.32 100.138999 0.000000 58.980219 12.074082 14.840060 13.089069 0.000000 1.155568 
34901.00 1326.12 100.138999 0.000000 58.978262 12.054534 14.855129 13.093396 0.000000 1.157678 
34801.00 1325.92 100.138999 0.000000 58.976277 12.034799 14.870329 13.097776 0.000000 1.159818 
34701.00 1325.71 100.138999 0.000000 58.974265 12.014874 14.885661 13.102212 0.000000 1.161986 
34601.00 1325.51 100.138999 0.000000 58.972225 11.994758 14.901127 13.106704 0.000000 1.164185 
34501.00 1325.31 100.138999 0.000000 58.970155 11.974447 14.916730 13.111253 0.000000 1.166414 
34401.00 1325.10 100.138999 0.000000 58.968057 11.953938 14.932471 13.115859 0.000000 1.168674 
34301.00 1324.90 100.138999 0.000000 58.965928 11.933228 14.948353 13.120523 0.000000 1.170967 
34201.00 1324.69 100.138999 0.000000 58.963769 11.912315 14.964377 13.125247 0.000000 1.173292 
34101.00 1324.49 100.138999 0.000000 58.961579 11.891195 14.980546 13.130030 0.000000 1.175650 
34001.00 1324.29 100.138999 0.000000 58.959357 11.869865 14.996861 13.134874 0.000000 1.178041 
33901.00 1324.08 100.138999 0.000000 58.957102 11.848323 15.013326 13.139780 0.000000 1.180468 
33801.00 1323.88 100.138999 0.000000 58.954815 11.826564 15.029943 13.144748 0.000000 1.182929 
33701.00 1323.67 100.138999 0.000000 58.952493 11.804586 15.046713 13.149780 0.000000 1.185427 
33601.00 1323.47 100.138999 0.000000 58.950137 11.782385 15.063640 13.154876 0.000000 1.187961 
33501.00 1323.26 100.138999 0.000000 58.947745 11.759959 15.080725 13.160037 0.000000 1.190533 
33401.00 1323.06 100.138999 0.000000 58.945318 11.737302 15.097972 13.165264 0.000000 1.193142 
33301.00 1322.85 100.138999 0.000000 58.942853 11.714413 15.115383 13.170559 0.000000 1.195791 
33201.00 1322.65 100.138999 0.000000 58.940351 11.691286 15.132960 13.175921 0.000000 1.198480 
33101.00 1322.44 100.138999 0.000000 58.937811 11.667919 15.150706 13.181353 0.000000 1.201210 
33001.00 1322.24 100.138999 0.000000 58.935232 11.644308 15.168624 13.186854 0.000000 1.203981 
32901.00 1322.03 100.138999 0.000000 58.932612 11.620448 15.186717 13.192427 0.000000 1.206795 
32801.00 1321.82 100.138999 0.000000 58.929952 11.596336 15.204987 13.198072 0.000000 1.209652 
32701.00 1321.62 100.138999 0.000000 58.927250 11.571968 15.223438 13.203791 0.000000 1.212553 
32601.00 1321.41 100.138999 0.000000 58.924505 11.547339 15.242072 13.209583 0.000000 1.215500 
32501.00 1321.21 100.138999 0.000000 58.921716 11.522446 15.260893 13.215452 0.000000 1.218492 
32401.00 1321.00 100.138999 0.000000 58.918883 11.497283 15.279904 13.221397 0.000000 1.221533 
32301.00 1320.79 100.138999 0.000000 58.916004 11.471847 15.299107 13.227419 0.000000 1.224621 
32201.00 1320.59 100.138999 0.000000 58.913079 11.446133 15.318507 13.233521 0.000000 1.227759 
32101.00 1320.38 100.138999 0.000000 58.910106 11.420136 15.338107 13.239704 0.000000 1.230947 
32001.00 1320.17 100.138999 0.000000 58.907085 11.393851 15.357909 13.245968 0.000000 1.234187 
31901.00 1319.96 100.138999 0.000000 58.904014 11.367274 15.377918 13.252314 0.000000 1.237479 
31801.00 1319.76 100.138999 0.000000 58.900891 11.340400 15.398137 13.258745 0.000000 1.240825 
31701.00 1319.55 100.138999 0.000000 58.897717 11.313224 15.418570 13.265261 0.000000 1.244227 
31601.00 1319.34 100.138999 0.000000 58.894490 11.285739 15.439221 13.271865 0.000000 1.247684 
31501.00 1319.13 100.138999 0.000000 58.891208 11.257942 15.460093 13.278556 0.000000 1.251199 
31401.00 1318.93 100.138999 0.000000 58.887871 11.229827 15.481190 13.285338 0.000000 1.254773 
31301.00 1318.72 100.138999 0.000000 58.884477 11.201387 15.502517 13.292210 0.000000 1.258408 
31201.00 1318.51 100.138999 0.000000 58.881024 11.172618 15.524078 13.299175 0.000000 1.262103 
31101.00 1318.30 100.138999 0.000000 58.877512 11.143513 15.545876 13.306235 0.000000 1.265862 
31001.00 1318.09 100.138999 0.000000 58.873940 11.114067 15.567917 13.313390 0.000000 1.269685 
30901.00 1317.88 100.138999 0.000000 58.870304 11.084273 15.590204 13.320643 0.000000 1.273575 
30801.00 1317.68 100.138999 0.000000 58.866606 11.054125 15.612743 13.327995 0.000000 1.277531 
30701.00 1317.47 100.138999 0.000000 58.862841 11.023616 15.635538 13.335447 0.000000 1.281556 
30601.00 1317.26 100.138999 0.000000 58.859010 10.992741 15.658593 13.343002 0.000000 1.285653 
30501.00 1317.05 100.138999 0.000000 58.855111 10.961492 15.681913 13.350662 0.000000 1.289821 
30401.00 1316.84 100.138999 0.000000 58.851142 10.929862 15.705505 13.358427 0.000000 1.294063 
30301.00 1316.63 100.138999 0.000000 58.847101 10.897845 15.729372 13.366300 0.000000 1.298381 
30201.00 1316.42 100.138999 0.000000 58.842987 10.865433 15.753520 13.374283 0.000000 1.302776 
30101.00 1316.21 100.138999 0.000000 58.838798 10.832618 15.777955 13.382378 0.000000 1.307251 
30001.00 1316.00 100.138999 0.000000 58.834532 10.799393 15.802681 13.390586 0.000000 1.311806 
29901.00 1315.78 100.138999 0.000000 58.830187 10.765751 15.827705 13.398910 0.000000 1.316445 
29801.00 1315.57 100.138999 0.000000 58.825762 10.731683 15.853033 13.407352 0.000000 1.321169 
29701.00 1315.36 100.138999 0.000000 58.821255 10.697181 15.878670 13.415914 0.000000 1.325980 
29601.00 1315.15 100.138999 0.000000 58.816663 10.662236 15.904622 13.424598 0.000000 1.330880 
29501.00 1314.94 100.138999 0.000000 58.811984 10.626841 15.930897 13.433407 0.000000 1.335871 
29401.00 1314.73 100.138999 0.000000 58.807217 10.590985 15.957499 13.442342 0.000000 1.340956 
29301.00 1314.51 100.138999 0.000000 58.802359 10.554661 15.984436 13.451406 0.000000 1.346137 
29201.00 1314.30 100.138999 0.000000 58.797408 10.517859 16.011715 13.460602 0.000000 1.351416 
29101.00 1314.09 100.138999 0.000000 58.792361 10.480569 16.039342 13.469932 0.000000 1.356795 
29001.00 1313.88 100.138999 0.000000 58.787217 10.442782 16.067325 13.479398 0.000000 1.362277 
28901.00 1313.66 100.138999 0.000000 58.781973 10.404487 16.095671 13.489003 0.000000 1.367865 
28801.00 1313.45 100.138999 0.000000 58.776627 10.365675 16.124387 13.498750 0.000000 1.373561 
28701.00 1313.23 100.138999 0.000000 58.771175 10.326334 16.153481 13.508642 0.000000 1.379368 
28601.00 1313.02 100.138999 0.000000 58.765616 10.286454 16.182960 13.518680 0.000000 1.385288 
28501.00 1312.81 100.138999 0.000000 58.759946 10.246025 16.212834 13.528869 0.000000 1.391325 
28401.00 1312.59 100.138999 0.000000 58.754163 10.205034 16.243110 13.539212 0.000000 1.397480 
28301.00 1312.38 100.138999 0.000000 58.748265 10.163469 16.273796 13.549710 0.000000 1.403758 
28201.00 1312.16 100.138999 0.000000 58.742247 10.121320 16.304902 13.560368 0.000000 1.410161 
28101.00 1311.94 100.138999 0.000000 58.736108 10.078573 16.336436 13.571189 0.000000 1.416693 
28001.00 1311.73 100.138999 0.000000 58.729843 10.035217 16.368408 13.582175 0.000000 1.423356 
27901.00 1311.51 100.138999 0.000000 58.723451 9.991237 16.400826 13.593330 0.000000 1.430155 
27801.00 1311.30 100.138999 0.000000 58.716927 9.946621 16.433701 13.604659 0.000000 1.437091 
27701.00 1311.08 100.138999 0.000000 58.710268 9.901355 16.467043 13.616163 0.000000 1.444170 
27601.00 1310.86 100.138999 0.000000 58.703471 9.855425 16.500861 13.627848 0.000000 1.451394 
27501.00 1310.64 100.138999 0.000000 58.696533 9.808817 16.535166 13.639716 0.000000 1.458767 
27401.00 1310.43 100.138999 0.000000 58.689449 9.761515 16.569970 13.651772 0.000000 1.466293 
27301.00 1310.21 100.138999 0.000000 58.682216 9.713505 16.605282 13.664019 0.000000 1.473977 
27201.00 1309.99 100.138999 0.000000 58.674829 9.664771 16.641114 13.676463 0.000000 1.481821 
27101.00 1309.77 100.138999 0.000000 58.667286 9.615297 16.677479 13.689106 0.000000 1.489831 
27001.00 1309.55 100.138999 0.000000 58.659582 9.565067 16.714387 13.701953 0.000000 1.498010 
26901.00 1309.33 100.138999 0.000000 58.651712 9.514063 16.751852 13.715009 0.000000 1.506363 
26801.00 1309.11 100.138999 0.000000 58.643673 9.462267 16.789885 13.728279 0.000000 1.514895 
26701.00 1308.89 100.138999 0.000000 58.635460 9.409663 16.828500 13.741766 0.000000 1.523609 
26601.00 1308.67 100.138999 0.000000 58.627068 9.356232 16.867711 13.755477 0.000000 1.532512 
26501.00 1308.45 100.138999 0.000000 58.618493 9.301954 16.907530 13.769415 0.000000 1.541607 
26401.00 1308.23 100.138999 0.000000 58.609729 9.246810 16.947973 13.783587 0.000000 1.550901 
26301.00 1308.00 100.138999 0.000000 58.600772 9.190781 16.989053 13.797996 0.000000 1.560397 
26201.00 1307.78 100.138999 0.000000 58.591616 9.133844 17.030786 13.812650 0.000000 1.570103 
26101.00 1307.56 100.138999 0.000000 58.582257 9.075980 17.073186 13.827553 0.000000 1.580023 
26001.00 1307.33 100.138999 0.000000 58.572688 9.017166 17.116271 13.842712 0.000000 1.590162 
25901.00 1307.11 100.138999 0.000000 58.562904 8.957380 17.160055 13.858132 0.000000 1.600528 
25801.00 1306.89 100.138999 0.000000 58.552900 8.896598 17.204556 13.873819 0.000000 1.611126 
25701.00 1306.66 100.138999 0.000000 58.542668 8.834796 17.249792 13.889780 0.000000 1.621962 
25601.00 1306.44 100.138999 0.000000 58.532204 8.771950 17.295780 13.906022 0.000000 1.633043 
25501.00 1306.21 100.138999 0.000000 58.521500 8.708035 17.342537 13.922551 0.000000 1.644376 
25401.00 1305.98 100.138999 0.000000 58.510550 8.643023 17.390085 13.939375 0.000000 1.655967 
25301.00 1305.76 100.138999 0.000000 58.499346 8.576889 17.438440 13.956499 0.000000 1.667824 
25201.00 1305.53 100.138999 0.000000 58.487883 8.509603 17.487625 13.973933 0.000000 1.679954 
25101.00 1305.30 100.138999 0.000000 58.476153 8.441138 17.537659 13.991684 0.000000 1.692365 
25001.00 1305.07 100.138999 0.000000 58.464147 8.371464 17.588564 14.009759 0.000000 1.705065 
24901.00 1304.84 100.138999 0.000000 58.451859 8.300549 17.640362 14.028167 0.000000 1.718061 
24801.00 1304.61 100.138999 0.000000 58.439281 8.228363 17.693076 14.046917 0.000000 1.731362 
24701.00 1304.38 100.138999 0.000000 58.426403 8.154872 17.746730 14.066017 0.000000 1.744977 
24601.00 1304.15 100.138999 0.000000 58.413217 8.080043 17.801346 14.085477 0.000000 1.758915 
24501.00 1303.92 100.138999 0.000000 58.399716 8.003840 17.856952 14.105306 0.000000 1.773186 
24401.00 1303.69 100.138999 0.000000 58.385888 7.926228 17.913572 14.125513 0.000000 1.787798 
24301.00 1303.45 100.138999 0.000000 58.371725 7.847169 17.971234 14.146110 0.000000 1.802762 
24201.00 1303.22 100.138999 0.000000 58.357216 7.766624 18.029965 14.167105 0.000000 1.818088 
24101.00 1302.98 100.138999 0.000000 58.342352 7.684554 18.089794 14.188512 0.000000 1.833787 
24001.00 1302.75 100.138999 0.000000 58.327122 7.600916 18.150751 14.210340 0.000000 1.849870 
23901.00 1302.51 100.138999 0.000000 58.311515 7.515667 18.212866 14.232601 0.000000 1.866349 
23801.00 1302.28 100.138999 0.000000 58.295520 7.428764 18.276172 14.255308 0.000000 1.883235 
23701.00 1302.04 100.138999 0.000000 58.279123 7.340160 18.340701 14.278473 0.000000 1.900542 
23601.00 1301.80 100.138999 0.000000 58.262314 7.249806 18.406488 14.302110 0.000000 1.918281 
23501.00 1301.56 100.138999 0.000000 58.245080 7.157654 18.473568 14.326232 0.000000 1.936466 
23401.00 1301.32 100.138999 0.000000 58.227406 7.063651 18.541977 14.350853 0.000000 1.955111 
23301.00 1301.08 100.138999 0.000000 58.209280 6.967744 18.611756 14.375989 0.000000 1.974231 
23201.00 1300.84 100.138999 0.000000 58.190686 6.869877 18.682942 14.401653 0.000000 1.993841 
23101.00 1300.60 100.138999 0.000000 58.171611 6.769993 18.755577 14.427864 0.000000 2.013955 
23001.00 1300.35 100.138999 0.000000 58.152038 6.668030 18.829704 14.454636 0.000000 2.034591 
22901.00 1300.11 100.138999 0.000000 58.131951 6.563927 18.905367 14.481988 0.000000 2.055765 
22801.00 1299.86 100.138999 0.000000 58.111333 6.457619 18.982614 14.509938 0.000000 2.077496 
22701.00 1299.62 100.138999 0.000000 58.090167 6.349037 19.061491 14.538503 0.000000 2.099800 
22601.00 1299.37 100.138999 0.000000 58.068435 6.238111 19.142049 14.567706 0.000000 2.122698 
22501.00 1299.12 100.138999 0.000000 58.046117 6.124767 19.224341 14.597564 0.000000 2.146210 
22401.00 1298.87 100.138999 0.000000 58.023193 6.008930 19.308420 14.628101 0.000000 2.170355 
22301.00 1298.62 100.138999 0.000000 57.999643 5.890518 19.394343 14.659339 0.000000 2.195157 
22201.00 1298.37 100.138999 0.000000 57.975444 5.769448 19.482170 14.691300 0.000000 2.220637 
22101.00 1298.12 100.138999 0.000000 57.950575 5.645634 19.571961 14.724010 0.000000 2.246819 
22001.00 1297.86 100.138999 0.000000 57.925011 5.518984 19.663781 14.757494 0.000000 2.273729 
21901.00 1297.61 100.138999 0.000000 57.898728 5.389404 19.757697 14.791779 0.000000 2.301391 
21801.00 1297.35 100.138999 0.000000 57.871700 5.256794 19.853779 14.826893 0.000000 2.329833 
21701.00 1297.09 100.138999 0.000000 57.843899 5.121051 19.952100 14.862865 0.000000 2.359084 
21601.00 1296.84 100.138999 0.000000 57.815297 4.982066 20.052737 14.899727 0.000000 2.389172 
21501.00 1296.57 100.138999 0.000000 57.785865 4.839726 20.155769 14.937510 0.000000 2.420130 
21401.00 1296.31 100.138999 0.000000 57.755571 4.693912 20.261279 14.976248 0.000000 2.451988 
21301.00 1296.05 100.138999 0.000000 57.724383 4.544499 20.369356 15.015978 0.000000 2.484782 
21201.00 1295.78 100.138999 0.000000 57.692267 4.391358 20.480091 15.056736 0.000000 2.518548 
21101.00 1295.52 100.138999 0.000000 57.659186 4.234352 20.593579 15.098562 0.000000 2.553321 
21001.00 1295.25 100.138999 0.000000 57.625103 4.073337 20.709920 15.141496 0.000000 2.589143 
20901.00 1294.98 100.138999 0.000000 57.589979 3.908164 20.829220 15.185583 0.000000 2.626053 
20801.00 1294.70 100.138999 0.000000 57.553772 3.738674 20.951589 15.230868 0.000000 2.664095 
20701.00 1294.43 100.138999 0.000000 57.516438 3.564704 21.077143 15.277399 0.000000 2.703316 
20601.00 1294.15 100.138999 0.000000 57.477932 3.386077 21.206002 15.325226 0.000000 2.743761 
20501.00 1293.88 100.138999 0.000000 57.438206 3.202613 21.338294 15.374403 0.000000 2.785483 
20401.00 1293.60 100.138999 0.000000 57.397209 3.014120 21.474152 15.424987 0.000000 2.828532 
20301.00 1293.31 100.138999 0.000000 57.354887 2.820395 21.613716 15.477035 0.000000 2.872966 
20201.00 1293.03 100.138999 0.000000 57.311186 2.621226 21.757134 15.530612 0.000000 2.918841 
20101.00 1292.74 100.138999 0.000000 57.266045 2.416392 21.904560 15.585782 0.000000 2.966220 
20001.00 1292.45 100.138999 0.000000 57.219403 2.205655 22.056158 15.642615 0.000000 3.015168 
19901.00 1292.16 100.138999 0.000000 57.171194 1.988770 22.212097 15.701185 0.000000 3.065753 
19801.00 1291.87 100.138999 0.000000 57.121350 1.765475 22.372559 15.761569 0.000000 3.118045 
19701.00 1291.57 100.138999 0.000000 57.069798 1.535497 22.537732 15.823850 0.000000 3.172122 
19601.00 1291.27 100.138999 0.000000 57.016461 1.298545 22.707815 15.888115 0.000000 3.228063 
19501.00 1290.97 100.138999 0.000000 56.961259 1.054315 22.883018 15.954455 0.000000 3.285952 
19401.00 1290.66 100.138999 0.000000 56.904107 0.802486 23.063561 16.022967 0.000000 3.345878 
19301.00 1290.35 100.138999 0.000000 56.844914 0.542718 23.249678 16.093755 0.000000 3.407934 
19201.00 1290.04 100.138999 0.000000 56.783587 0.274654 23.441613 16.166927 0.000000 3.472219 
19101.00 1289.72 100.138999 0.000000 56.720504 0.000000 23.638103 16.242060 0.000000 3.538332 
19001.00 1289.54 100.138999 0.000000 56.720578 0.000000 23.634202 16.246241 0.000000 3.537978 
18901.00 1289.35 100.138999 0.000000 56.720653 0.000000 23.630276 16.250447 0.000000 3.537623 
18801.00 1289.17 100.138999 0.000000 56.720729 0.000000 23.626327 16.254677 0.000000 3.537266 
18701.00 1288.98 100.138999 0.000000 56.720806 0.000000 23.622352 16.258933 0.000000 3.536908 
18601.00 1288.80 100.138999 0.000000 56.720884 0.000000 23.618353 16.263213 0.000000 3.536549 
18501.00 1288.61 100.138999 0.000000 56.720962 0.000000 23.614329 16.267519 0.000000 3.536188 
18401.00 1288.43 100.138999 0.000000 56.721042 0.000000 23.610280 16.271851 0.000000 3.535826 
18301.00 1288.24 100.138999 0.000000 56.721122 0.000000 23.606204 16.276209 0.000000 3.535463 
18201.00 1288.06 100.138999 0.000000 56.721204 0.000000 23.602103 16.280594 0.000000 3.535098 
18101.00 1287.87 100.138999 0.000000 56.721286 0.000000 23.597975 16.285006 0.000000 3.534732 
18001.00 1287.69 100.138999 0.000000 56.721370 0.000000 23.593820 16.289445 0.000000 3.534365 
17901.00 1287.50 100.138999 0.000000 56.721454 0.000000 23.589637 16.293912 0.000000 3.533996 
17801.00 1287.32 100.138999 0.000000 56.721539 0.000000 23.585427 16.298407 0.000000 3.533626 
17701.00 1287.13 100.138999 0.000000 56.721625 0.000000 23.581190 16.302930 0.000000 3.533254 
17601.00 1286.95 100.138999 0.000000 56.721712 0.000000 23.576924 16.307482 0.000000 3.532881 
17501.00 1286.76 100.138999 0.000000 56.721800 0.000000 23.572629 16.312063 0.000000 3.532507 
17401.00 1286.58 100.138999 0.000000 56.721889 0.000000 23.568305 16.316674 0.000000 3.532132 
17301.00 1286.39 100.138999 0.000000 56.721979 0.000000 23.563951 16.321315 0.000000 3.531755 
17201.00 1286.21 100.138999 0.000000 56.722070 0.000000 23.559567 16.325986 0.000000 3.531376 
17101.00 1286.02 100.138999 0.000000 56.722161 0.000000 23.555153 16.330688 0.000000 3.530997 
17001.00 1285.84 100.138999 0.000000 56.722254 0.000000 23.550709 16.335421 0.000000 3.530616 
16901.00 1285.66 100.138999 0.000000 56.722347 0.000000 23.546232 16.340186 0.000000 3.530233 
16801.00 1285.47 100.138999 0.000000 56.722442 0.000000 23.541725 16.344983 0.000000 3.529849 
16701.00 1285.29 100.138999 0.000000 56.722537 0.000000 23.537185 16.349813 0.000000 3.529464 
16601.00 1285.10 100.138999 0.000000 56.722633 0.000000 23.532612 16.354676 0.000000 3.529078 
16501.00 1284.92 100.138999 0.000000 56.722730 0.000000 23.528007 16.359572 0.000000 3.528690 
16401.00 1284.73 100.138999 0.000000 56.722828 0.000000 23.523368 16.364503 0.000000 3.528301 
16301.00 1284.55 100.138999 0.000000 56.722927 0.000000 23.518694 16.369467 0.000000 3.527910 
16201.00 1284.36 100.138999 0.000000 56.723027 0.000000 23.513987 16.374467 0.000000 3.527518 
16101.00 1284.18 100.138999 0.000000 56.723128 0.000000 23.509244 16.379503 0.000000 3.527124 
16001.00 1283.99 100.138999 0.000000 56.723230 0.000000 23.504465 16.384574 0.000000 3.526730 
15901.00 1283.81 100.138999 0.000000 56.723332 0.000000 23.499651 16.389682 0.000000 3.526334 
15801.00 1283.62 100.138999 0.000000 56.723436 0.000000 23.494800 16.394828 0.000000 3.525936 
15701.00 1283.44 100.138999 0.000000 56.723540 0.000000 23.489911 16.400011 0.000000 3.525537 
15601.00 1283.25 100.138999 0.000000 56.723645 0.000000 23.484985 16.405232 0.000000 3.525137 
15501.00 1283.07 100.138999 0.000000 56.723752 0.000000 23.480021 16.410492 0.000000 3.524735 
15401.00 1282.88 100.138999 0.000000 56.723859 0.000000 23.475017 16.415791 0.000000 3.524332 
15301.00 1282.70 100.138999 0.000000 56.723967 0.000000 23.469974 16.421131 0.000000 3.523927 
15201.00 1282.51 100.138999 0.000000 56.724076 0.000000 23.464891 16.426511 0.000000 3.523521 
15101.00 1282.33 100.138999 0.000000 56.724185 0.000000 23.459767 16.431932 0.000000 3.523114 
15001.00 1282.14 100.138999 0.000000 56.724296 0.000000 23.454602 16.437396 0.000000 3.522705 
14901.00 1281.96 100.138999 0.000000 56.724408 0.000000 23.449395 16.442901 0.000000 3.522295 
14801.00 1281.77 100.138999 0.000000 56.724520 0.000000 23.444145 16.448451 0.000000 3.521884 
14701.00 1281.59 100.138999 0.000000 56.724633 0.000000 23.438851 16.454044 0.000000 3.521471 
14601.00 1281.40 100.138999 0.000000 56.724747 0.000000 23.433514 16.459681 0.000000 3.521056 
14501.00 1281.22 100.138999 0.000000 56.724863 0.000000 23.428131 16.465364 0.000000 3.520641 
14401.00 1281.03 100.138999 0.000000 56.724978 0.000000 23.422704 16.471093 0.000000 3.520224 
14301.00 1280.85 100.138999 0.000000 56.725095 0.000000 23.417229 16.476869 0.000000 3.519805 
14201.00 1280.66 100.138999 0.000000 56.725213 0.000000 23.411708 16.482693 0.000000 3.519385 
14101.00 1280.48 100.138999 0.000000 56.725331 0.000000 23.406139 16.488565 0.000000 3.518964 
14001.00 1280.29 100.138999 0.000000 56.725451 0.000000 23.400522 16.494486 0.000000 3.518541 
13901.00 1280.11 100.138999 0.000000 56.725571 0.000000 23.394855 16.500457 0.000000 3.518117 
13801.00 1279.92 100.138999 0.000000 56.725692 0.000000 23.389138 16.506478 0.000000 3.517691 
13701.00 1279.74 100.138999 0.000000 56.725814 0.000000 23.383369 16.512552 0.000000 3.517264 
13601.00 1279.55 100.138999 0.000000 56.725937 0.000000 23.377549 16.518678 0.000000 3.516835 
13501.00 1279.37 100.138999 0.000000 56.726060 0.000000 23.371676 16.524857 0.000000 3.516405 
13401.00 1279.18 100.138999 0.000000 56.726185 0.000000 23.365749 16.531091 0.000000 3.515974 
13301.00 1278.99 100.138999 0.000000 56.726310 0.000000 23.359768 16.537380 0.000000 3.515541 
13201.00 1278.81 100.138999 0.000000 56.726436 0.000000 23.353731 16.543725 0.000000 3.515107 
13101.00 1278.62 100.138999 0.000000 56.726563 0.000000 23.347637 16.550127 0.000000 3.514671 
13001.00 1278.44 100.138999 0.000000 56.726691 0.000000 23.341486 16.556588 0.000000 3.514234 
12901.00 1278.25 100.138999 0.000000 56.726819 0.000000 23.335276 16.563108 0.000000 3.513796 
12801.00 1278.07 100.138999 0.000000 56.726949 0.000000 23.329007 16.569688 0.000000 3.513356 
12701.00 1277.74 100.138999 0.037885 56.715001 0.000000 23.359245 16.512093 0.000000 3.514775 
12601.00 1277.40 100.138999 0.076581 56.703734 0.000000 23.388545 16.454045 0.000000 3.516094 
12501.00 1277.07 100.138999 0.115907 56.693233 0.000000 23.416681 16.395878 0.000000 3.517300 
12401.00 1276.73 100.138999 0.155887 56.683514 0.000000 23.443632 16.337577 0.000000 3.518389 
12301.00 1276.39 100.138999 0.196547 56.674596 0.000000 23.469373 16.279126 0.000000 3.519357 
12201.00 1276.05 100.138999 0.237914 56.666498 0.000000 23.493878 16.220509 0.000000 3.520200 
12101.00 1275.71 100.138999 0.280015 56.659240 0.000000 23.517121 16.161708 0.000000 3.520915 
12001.00 1275.37 100.138999 0.322882 56.652841 0.000000 23.539074 16.102705 0.000000 3.521497 
11901.00 1275.02 100.138999 0.366544 56.647324 0.000000 23.559710 16.043480 0.000000 3.521941 
11801.00 1274.67 100.138999 0.411035 56.642711 0.000000 23.578998 15.984012 0.000000 3.522244 
11701.00 1274.32 100.138999 0.456389 56.639026 0.000000 23.596906 15.924280 0.000000 3.522399 
11601.00 1273.97 100.138999 0.502642 56.636294 0.000000 23.613402 15.864259 0.000000 3.522402 
11501.00 1273.62 100.138999 0.549833 56.634540 0.000000 23.628451 15.803927 0.000000 3.522248 
11401.00 1273.26 100.138999 0.598003 56.633793 0.000000 23.642017 15.743256 0.000000 3.521931 
11301.00 1272.90 100.138999 0.647193 56.634080 0.000000 23.654063 15.682219 0.000000 3.521444 
11201.00 1272.54 100.138999 0.697448 56.635432 0.000000 23.664549 15.620788 0.000000 3.520782 
11101.00 1272.17 100.138999 0.748816 56.637882 0.000000 23.673433 15.558932 0.000000 3.519937 
11001.00 1271.81 100.138999 0.801346 56.641462 0.000000 23.680671 15.496618 0.000000 3.518903 
10901.00 1271.43 100.138999 0.855091 56.646207 0.000000 23.686217 15.433811 0.000000 3.517673 
10801.00 1271.06 100.138999 0.910107 56.652155 0.000000 23.690022 15.370477 0.000000 3.516238 
10701.00 1270.68 100.138999 0.966451 56.659345 0.000000 23.692037 15.306575 0.000000 3.514591 
10601.00 1270.30 100.138999 1.024187 56.667818 0.000000 23.692206 15.242066 0.000000 3.512722 
10501.00 1269.91 100.115972 1.060029 56.677356 0.000000 23.690842 15.177079 0.000000 3.510667 
10401.00 1269.53 100.056509 1.060102 56.687575 0.000000 23.688488 15.111856 0.000000 3.508487 
10301.00 1269.14 99.996371 1.060192 56.698488 0.000000 23.685129 15.046382 0.000000 3.506180 
10201.00 1268.75 99.935534 1.060300 56.710110 0.000000 23.680745 14.980637 0.000000 3.503742 
10101.00 1268.36 99.873973 1.060427 56.722456 0.000000 23.675319 14.914603 0.000000 3.501168 
10001.00 1267.96 99.811663 1.060574 56.735542 0.000000 23.668830 14.848260 0.000000 3.498456 
9901.00 1267.57 99.748575 1.060741 56.749386 0.000000 23.661259 14.781588 0.000000 3.495601 
9801.00 1267.17 99.684680 1.060931 56.764004 0.000000 23.652583 14.714563 0.000000 3.492599 
9701.00 1266.77 99.619949 1.061144 56.779416 0.000000 23.642779 14.647164 0.000000 3.489445 
9601.00 1266.37 99.554348 1.061382 56.795642 0.000000 23.631823 14.579365 0.000000 3.486135 
9501.00 1265.96 99.487844 1.061647 56.812702 0.000000 23.619690 14.511142 0.000000 3.482663 
9401.00 1265.56 99.420401 1.061939 56.830619 0.000000 23.606353 14.442466 0.000000 3.479024 
9301.00 1265.15 99.351982 1.062261 56.849416 0.000000 23.591782 14.373311 0.000000 3.475212 
9201.00 1264.73 99.282546 1.062614 56.869117 0.000000 23.575947 14.303645 0.000000 3.471223 
9101.00 1264.32 99.212053 1.063000 56.889749 0.000000 23.558816 14.233438 0.000000 3.467049 
9001.00 1263.90 99.140457 1.063422 56.911339 0.000000 23.540356 14.162656 0.000000 3.462684 
8901.00 1263.48 99.067712 1.063881 56.933918 0.000000 23.520529 14.091264 0.000000 3.458121 
8801.00 1263.05 98.993770 1.064379 56.957515 0.000000 23.499298 14.019224 0.000000 3.453353 
8701.00 1262.62 98.918576 1.064920 56.982165 0.000000 23.476620 13.946499 0.000000 3.448372 
8601.00 1262.19 98.842077 1.065506 57.007903 0.000000 23.452453 13.873045 0.000000 3.443170 
8501.00 1261.76 98.764213 1.066140 57.034766 0.000000 23.426750 13.798820 0.000000 3.437737 
8401.00 1261.32 98.684923 1.066824 57.062794 0.000000 23.399461 13.723778 0.000000 3.432066 
8301.00 1260.87 98.604140 1.067563 57.092030 0.000000 23.370534 13.647868 0.000000 3.426146 
8201.00 1260.42 98.521795 1.068359 57.122519 0.000000 23.339911 13.571040 0.000000 3.419966 
8101.00 1259.97 98.437814 1.069217 57.154310 0.000000 23.307532 13.493239 0.000000 3.413516 
8001.00 1259.51 98.352118 1.070141 57.187454 0.000000 23.273333 13.414406 0.000000 3.406783 
7901.00 1259.05 98.264623 1.071136 57.222008 0.000000 23.237244 13.334478 0.000000 3.399756 
7801.00 1258.58 98.175239 1.072205 57.258031 0.000000 23.199191 13.253392 0.000000 3.392421 
7701.00 1258.11 98.083873 1.073354 57.295585 0.000000 23.159094 13.171077 0.000000 3.384763 
7601.00 1257.63 97.990423 1.074589 57.334740 0.000000 23.116868 13.087459 0.000000 3.376767 
7501.00 1257.14 97.894782 1.075916 57.375569 0.000000 23.072420 13.002459 0.000000 3.368418 
7401.00 1256.65 97.796834 1.077342 57.418149 0.000000 23.025653 12.915994 0.000000 3.359696 
7301.00 1256.15 97.696457 1.078873 57.462566 0.000000 22.976458 12.827974 0.000000 3.350585 
7201.00 1255.64 97.593519 1.080517 57.508910 0.000000 22.924723 12.738305 0.000000 3.341064 
7101.00 1255.13 97.487881 1.082282 57.557279 0.000000 22.870323 12.646886 0.000000 3.331111 
7001.00 1254.60 97.379393 1.084178 57.607778 0.000000 22.813124 12.553609 0.000000 3.320704 
6901.00 1254.07 97.267894 1.086214 57.660521 0.000000 22.752984 12.458358 0.000000 3.309818 
6801.00 1253.53 97.153212 1.088401 57.715629 0.000000 22.689746 12.361010 0.000000 3.298426 
6701.00 1252.98 97.035163 1.090750 57.773236 0.000000 22.623243 12.261435 0.000000 3.286500 
6601.00 1252.42 96.913549 1.093274 57.833484 0.000000 22.553291 12.159491 0.000000 3.274009 
6501.00 1251.84 96.788157 1.095986 57.896528 0.000000 22.479694 12.055028 0.000000 3.260921 
6401.00 1251.26 96.658759 1.098901 57.962536 0.000000 22.402239 11.947885 0.000000 3.247198 
6301.00 1250.66 96.525109 1.102035 58.031687 0.000000 22.320692 11.837890 0.000000 3.232805 
6201.00 1250.05 96.386943 1.105406 58.104179 0.000000 22.234804 11.724857 0.000000 3.217698 
6101.00 1249.43 96.243977 1.109032 58.180225 0.000000 22.144300 11.608588 0.000000 3.201833 
6001.00 1248.79 96.095905 1.112933 58.260055 0.000000 22.048884 11.488871 0.000000 3.185161 
5901.00 1248.14 95.942396 1.117131 58.343919 0.000000 21.948235 11.365478 0.000000 3.167632 
5801.00 1247.47 95.783096 1.121650 58.432090 0.000000 21.842002 11.238165 0.000000 3.149189 
5701.00 1246.78 95.617621 1.126515 58.524861 0.000000 21.729805 11.106670 0.000000 3.129770 
5601.00 1246.07 95.445562 1.131753 58.622551 0.000000 21.611234 10.970712 0.000000 3.109312 
5501.00 1245.34 95.266474 1.137390 58.725507 0.000000 21.485840 10.829994 0.000000 3.087743 
5401.00 1244.58 95.079883 1.143456 58.834101 0.000000 21.353140 10.684197 0.000000 3.064988 
5301.00 1243.81 94.885279 1.149981 58.948737 0.000000 21.212613 10.532981 0.000000 3.040968 
5201.00 1243.01 94.682120 1.156993 59.069847 0.000000 21.063695 10.375989 0.000000 3.015594 
5101.00 1242.18 94.469824 1.164521 59.197896 0.000000 20.905784 10.212845 0.000000 2.988778 
5001.00 1241.32 94.247781 1.172591 59.333379 0.000000 20.738235 10.043155 0.000000 2.960421 
4901.00 1240.43 94.015344 1.181221 59.476818 0.000000 20.560366 9.866514 0.000000 2.930424 
4801.00 1239.51 93.771841 1.190427 59.628764 0.000000 20.371460 9.682508 0.000000 2.898683 
4701.00 1238.55 93.516580 1.200209 59.789783 0.000000 20.170774 9.490722 0.000000 2.865092 
4601.00 1237.56 93.248860 1.210555 59.960455 0.000000 19.957548 9.290755 0.000000 2.829547 
4501.00 1236.52 92.967985 1.221430 60.141355 0.000000 19.731026 9.082228 0.000000 2.791947 
4401.00 1235.45 92.673288 1.232774 60.333041 0.000000 19.490471 8.864804 0.000000 2.752198 
4301.00 1234.34 92.364156 1.244490 60.536025 0.000000 19.235205 8.638216 0.000000 2.710219 
4201.00 1233.18 92.040067 1.256442 60.750749 0.000000 18.964639 8.402287 0.000000 2.665951 
4101.00 1231.97 91.700631 1.268445 60.977545 0.000000 18.678320 8.156965 0.000000 2.619357 
4001.00 1230.72 91.345643 1.280262 61.216601 0.000000 18.375986 7.902356 0.000000 2.570438 
3901.00 1229.43 90.975132 1.291603 61.467913 0.000000 18.057619 7.638759 0.000000 2.519238 
3801.00 1228.10 90.589423 1.302133 61.731251 0.000000 17.723499 7.366692 0.000000 2.465849 
3701.00 1226.72 90.189182 1.311483 62.006117 0.000000 17.374250 7.086911 0.000000 2.410421 
3601.00 1225.32 89.775454 1.319269 62.291729 0.000000 17.010871 6.800422 0.000000 2.353162 
3501.00 1223.88 89.349682 1.325122 62.587015 0.000000 16.634741 6.508464 0.000000 2.294339 
3401.00 1222.41 88.913697 1.328716 62.890627 0.000000 16.247604 6.212481 0.000000 2.234269 
3301.00 1220.93 88.469678 1.329797 63.200979 0.000000 15.851517 5.914073 0.000000 2.173313 
3201.00 1219.44 88.020082 1.328202 63.516304 0.000000 15.448780 5.614934 0.000000 2.111860 
3101.00 1217.94 87.567555 1.323877 63.834722 0.000000 15.041852 5.316789 0.000000 2.050315 
3001.00 1216.45 87.114827 1.316867 64.154307 0.000000 14.633251 5.021321 0.000000 1.989080 
2901.00 1214.98 86.664606 1.307312 64.473159 0.000000 14.225472 4.730119 0.000000 1.928543 
2801.00 1213.52 86.219488 1.295428 64.789459 0.000000 13.820905 4.444630 0.000000 1.869066 
2701.00 1212.09 85.781879 1.281480 65.101518 0.000000 13.421776 4.166129 0.000000 1.810976 
2601.00 1210.69 85.353938 1.265766 65.407806 0.000000 13.030103 3.895704 0.000000 1.754560 
2501.00 1209.33 84.937548 1.248596 65.706972 0.000000 12.647670 3.634245 0.000000 1.700065 
2401.00 1208.00 84.534295 1.230278 65.997858 0.000000 12.276012 3.382455 0.000000 1.647692 
2301.00 1206.73 84.145472 1.211110 66.279496 0.000000 11.916413 3.140853 0.000000 1.597600 
2201.00 1205.49 83.772083 1.191372 66.551108 0.000000 11.569904 2.909790 0.000000 1.549908 
2101.00 1204.31 83.414859 1.171325 66.812102 0.000000 11.237275 2.689461 0.000000 1.504696 
2001.00 1203.17 83.074277 1.151208 67.062064 0.000000 10.919081 2.479919 0.000000 1.462005 
1901.00 1202.08 82.750575 1.131235 67.300745 0.000000 10.615656 2.281093 0.000000 1.421844 
1801.00 1201.04 82.443777 1.111599 67.528056 0.000000 10.327131 2.092802 0.000000 1.384190 
1701.00 1200.05 82.153715 1.092466 67.744046 0.000000 10.053444 1.914768 0.000000 1.348991 
1601.00 1199.11 81.880050 1.073974 67.948895 0.000000 9.794372 1.746635 0.000000 1.316174 
1501.00 1198.21 81.622299 1.056238 68.142887 0.000000 9.549544 1.587986 0.000000 1.285644 
1401.00 1197.35 81.379860 1.039341 68.326400 0.000000 9.318474 1.438354 0.000000 1.257291 
1301.00 1196.53 81.152039 1.023343 68.499878 0.000000 9.100580 1.297243 0.000000 1.230994 
1201.00 1195.75 80.938077 1.008277 68.663819 0.000000 8.895215 1.164139 0.000000 1.206627 
1101.00 1195.01 80.737172 0.994156 68.818753 0.000000 8.701683 1.038521 0.000000 1.184058 
1001.00 1194.30 80.548500 0.980974 68.965226 0.000000 8.519270 0.919874 0.000000 1.163157 
901.00 1193.62 80.371239 0.968707 69.103789 0.000000 8.347250 0.807698 0.000000 1.143795 
801.00 1192.97 80.204578 0.957323 69.234985 0.000000 8.184908 0.701511 0.000000 1.125850 
701.00 1192.34 80.047732 0.946780 69.359343 0.000000 8.031548 0.600856 0.000000 1.109205 
601.00 1191.74 79.899951 0.937031 69.477369 0.000000 7.886501 0.505301 0.000000 1.093749 
501.00 1191.16 79.760526 0.928026 69.589543 0.000000 7.749129 0.414446 0.000000 1.079382 
401.00 1190.60 79.628788 0.919714 69.696319 0.000000 7.618831 0.327916 0.000000 1.066007 
301.00 1190.07 79.504114 0.912046 69.798121 0.000000 7.495041 0.245367 0.000000 1.053539 
201.00 1189.54 79.385927 0.904973 69.895345 0.000000 7.377232 0.166479 0.000000 1.041898 
101.00 1189.04 79.273691 0.898449 69.988359 0.000000 7.264911 0.090961 0.000000 1.031012 
1.00 1188.55 79.072820 0.796849 70.075876 0.000000 7.160090 0.019179 0.000000 1.020826 
