Title: Depleted MORB Mantle of Workmann & Hart 2005

Liquid Composition:
Pressure Temperature mass SiO2 TiO2 Al2O3 Fe2O3 Cr2O3 FeO MnO MgO NiO CaO Na2O 
44001.00 1554.26 0.897615 40.1862 1.62502 1.36973 0.576955 0.591299 17.6687 0.176424 25.8984 0.117468 3.90314 7.88665
43901.00 1554.03 0.893763 40.1923 1.62547 1.39124 0.57632 0.592443 17.6453 0.176068 25.8776 0.117202 3.90949 7.89658
43801.00 1553.81 0.889986 40.1983 1.62589 1.41304 0.575692 0.59357 17.6219 0.175708 25.8567 0.116932 3.91591 7.90631
43701.00 1553.59 0.886281 40.2043 1.62628 1.43512 0.57507 0.594678 17.5985 0.175342 25.8358 0.11666 3.92239 7.91587
43601.00 1553.37 0.882650 40.2102 1.62665 1.45748 0.574455 0.595768 17.575 0.174972 25.8149 0.116384 3.92893 7.92523
43501.00 1553.14 0.879093 40.2162 1.62698 1.48013 0.573848 0.59684 17.5515 0.174596 25.7939 0.116105 3.93554 7.93441
43401.00 1552.92 0.875609 40.2221 1.62729 1.50307 0.573247 0.597892 17.528 0.174216 25.7728 0.115822 3.94221 7.9434
43301.00 1552.69 0.872199 40.228 1.62756 1.52631 0.572653 0.598925 17.5044 0.17383 25.7517 0.115537 3.94894 7.95219
43201.00 1552.47 0.868863 40.2338 1.62781 1.54984 0.572066 0.599938 17.4808 0.173439 25.7305 0.115248 3.95574 7.9608
43101.00 1552.24 0.865600 40.2396 1.62802 1.57367 0.571486 0.600931 17.4572 0.173043 25.7093 0.114956 3.96261 7.9692
43001.00 1552.02 0.862412 40.2454 1.6282 1.59779 0.570913 0.601904 17.4335 0.172642 25.688 0.114661 3.96954 7.97741
42901.00 1551.79 0.859297 40.2512 1.62836 1.62222 0.570348 0.602856 17.4098 0.172236 25.6667 0.114363 3.97654 7.98542
42801.00 1551.56 0.856257 40.2569 1.62848 1.64695 0.569789 0.603787 17.3861 0.171824 25.6453 0.114061 3.98361 7.99323
42701.00 1551.34 0.853291 40.2626 1.62857 1.67198 0.569237 0.604697 17.3623 0.171408 25.6239 0.113756 3.99075 8.00084
42601.00 1551.11 0.850400 40.2682 1.62863 1.69732 0.568693 0.605586 17.3385 0.170986 25.6024 0.113448 3.99796 8.00824
42501.00 1550.88 0.847583 40.2739 1.62865 1.72296 0.568155 0.606452 17.3146 0.17056 25.5809 0.113136 4.00524 8.01544
42401.00 1550.65 0.844841 40.2795 1.62865 1.74892 0.567625 0.607297 17.2908 0.170128 25.5593 0.112821 4.01259 8.02243
42301.00 1550.42 0.842174 40.2851 1.62861 1.77518 0.567102 0.608119 17.2668 0.169691 25.5377 0.112504 4.02001 8.02921
42201.00 1550.19 0.839581 40.2906 1.62854 1.80176 0.566587 0.608918 17.2429 0.169249 25.516 0.112182 4.0275 8.03578
42101.00 1549.96 0.837065 40.2961 1.62844 1.82866 0.566078 0.609694 17.2189 0.168801 25.4942 0.111858 4.03507 8.04214
42001.00 1549.73 0.834623 40.3016 1.6283 1.85586 0.565577 0.610447 17.1949 0.168349 25.4724 0.11153 4.04271 8.04828
41901.00 1549.50 0.832257 40.3071 1.62813 1.88339 0.565083 0.611175 17.1709 0.167891 25.4506 0.1112 4.05043 8.0542
41801.00 1549.27 0.829968 40.3125 1.62793 1.91124 0.564596 0.61188 17.1468 0.167429 25.4287 0.110865 4.05823 8.05991
41701.00 1549.03 0.827754 40.3179 1.62769 1.9394 0.564116 0.612561 17.1227 0.166961 25.4067 0.110528 4.0661 8.0654
41601.00 1548.80 0.825617 40.3233 1.62742 1.96789 0.563644 0.613216 17.0985 0.166488 25.3847 0.110188 4.07404 8.07067
41501.00 1548.57 0.823556 40.3286 1.62711 1.9967 0.563179 0.613847 17.0743 0.16601 25.3626 0.109844 4.08207 8.07571
41401.00 1548.33 0.821572 40.3339 1.62677 2.02583 0.562722 0.614452 17.0501 0.165527 25.3404 0.109497 4.09018 8.08053
41301.00 1548.10 0.819666 40.3392 1.6264 2.05529 0.562271 0.615032 17.0259 0.165039 25.3183 0.109147 4.09836 8.08513
41201.00 1547.86 0.817836 40.3445 1.62599 2.08508 0.561828 0.615585 17.0016 0.164546 25.296 0.108794 4.10663 8.08949
41101.00 1547.63 0.816085 40.3497 1.62555 2.1152 0.561393 0.616112 16.9773 0.164048 25.2737 0.108438 4.11497 8.09363
41001.00 1547.39 0.814412 40.3549 1.62507 2.14564 0.560965 0.616613 16.9529 0.163545 25.2513 0.108079 4.1234 8.09753
40901.00 1547.15 0.812817 40.3601 1.62456 2.17641 0.560544 0.617086 16.9285 0.163037 25.2289 0.107716 4.13192 8.10121
40801.00 1546.92 0.811300 40.3652 1.62401 2.20752 0.56013 0.617533 16.9041 0.162523 25.2064 0.10735 4.14051 8.10464
40701.00 1546.68 0.809863 40.3703 1.62342 2.23896 0.559724 0.617951 16.8797 0.162005 25.1839 0.106982 4.1492 8.10784
40601.00 1546.44 0.808505 40.3754 1.6228 2.27073 0.559326 0.618342 16.8552 0.161482 25.1613 0.10661 4.15796 8.1108
40501.00 1546.20 0.807227 40.3805 1.62214 2.30283 0.558934 0.618704 16.8307 0.160955 25.1387 0.106235 4.16682 8.11353
40401.00 1545.96 0.806030 40.3855 1.62144 2.33527 0.55855 0.619038 16.8061 0.160422 25.116 0.105857 4.17576 8.11601
40301.00 1545.72 0.804912 40.3906 1.62071 2.36804 0.558174 0.619343 16.7816 0.159884 25.0932 0.105477 4.18479 8.11824
40201.00 1545.48 0.803876 40.3956 1.61995 2.40115 0.557804 0.619618 16.757 0.159342 25.0704 0.105093 4.19391 8.12024
40101.00 1545.24 0.802921 40.4005 1.61914 2.4346 0.557443 0.619864 16.7323 0.158795 25.0475 0.104706 4.20312 8.12198
40001.00 1545.00 0.802048 40.4055 1.6183 2.46838 0.557088 0.62008 16.7077 0.158243 25.0246 0.104316 4.21242 8.12348
39901.00 1544.76 0.801258 40.4104 1.61742 2.50251 0.556741 0.620266 16.683 0.157686 25.0016 0.103924 4.22181 8.12473
39801.00 1544.51 0.800550 40.4153 1.6165 2.53697 0.556401 0.620422 16.6582 0.157124 24.9785 0.103528 4.2313 8.12573
39701.00 1544.27 0.799925 40.4202 1.61555 2.57176 0.556069 0.620546 16.6335 0.156558 24.9554 0.10313 4.24088 8.12648
39601.00 1544.03 0.799384 40.425 1.61455 2.6069 0.555744 0.620639 16.6087 0.155988 24.9322 0.102729 4.25055 8.12697
39501.00 1543.78 0.798928 40.4299 1.61352 2.64238 0.555426 0.620701 16.5838 0.155412 24.909 0.102324 4.26032 8.1272
39401.00 1543.54 0.798556 40.4347 1.61245 2.67819 0.555116 0.620731 16.559 0.154832 24.8857 0.101918 4.27019 8.12718
39301.00 1543.29 0.798269 40.4395 1.61134 2.71435 0.554813 0.620729 16.5341 0.154248 24.8624 0.101508 4.28015 8.1269
39201.00 1543.04 0.798068 40.4443 1.6102 2.75085 0.554517 0.620694 16.5092 0.153659 24.839 0.101096 4.29021 8.12635
39101.00 1542.80 0.797954 40.449 1.60901 2.78768 0.554228 0.620627 16.4842 0.153066 24.8155 0.100681 4.30037 8.12555
39001.00 1542.55 0.797926 40.4538 1.60779 2.82486 0.553947 0.620527 16.4593 0.152468 24.792 0.100263 4.31063 8.12448
38901.00 1542.30 0.797987 40.4585 1.60652 2.86237 0.553673 0.620393 16.4343 0.151866 24.7684 0.0998424 4.321 8.12315
38801.00 1542.05 0.798135 40.4632 1.60522 2.90023 0.553406 0.620225 16.4092 0.15126 24.7448 0.0994193 4.33146 8.12155
38701.00 1541.81 0.798372 40.4679 1.60388 2.93842 0.553146 0.620024 16.3842 0.150649 24.7211 0.0989937 4.34203 8.11968
38601.00 1541.56 0.798699 40.4726 1.6025 2.97695 0.552894 0.619788 16.3591 0.150035 24.6974 0.0985656 4.3527 8.11754
38501.00 1541.31 0.799116 40.4773 1.60108 3.01583 0.552648 0.619518 16.334 0.149416 24.6735 0.0981349 4.36348 8.11513
38401.00 1541.05 0.799623 40.4819 1.59961 3.05504 0.55241 0.619213 16.3088 0.148793 24.6497 0.0977017 4.37436 8.11245
38301.00 1540.80 0.800222 40.4866 1.59811 3.09459 0.552178 0.618873 16.2836 0.148165 24.6258 0.0972661 4.38535 8.1095
38201.00 1540.55 0.800914 40.4912 1.59657 3.13447 0.551954 0.618497 16.2584 0.147534 24.6018 0.0968281 4.39645 8.10627
38101.00 1540.30 0.801698 40.4958 1.59499 3.1747 0.551737 0.618086 16.2332 0.146899 24.5777 0.0963876 4.40766 8.10276
38001.00 1540.04 0.802576 40.5004 1.59336 3.21526 0.551526 0.617638 16.208 0.14626 24.5537 0.0959449 4.41898 8.09897
37901.00 1539.79 0.803549 40.5051 1.5917 3.25615 0.551323 0.617154 16.1827 0.145618 24.5295 0.0954998 4.43041 8.09491
37801.00 1539.54 0.804616 40.5097 1.59 3.29738 0.551126 0.616634 16.1574 0.144971 24.5053 0.0950525 4.44195 8.09056
37701.00 1539.28 0.805780 40.5142 1.58825 3.33895 0.550936 0.616077 16.132 0.144321 24.481 0.094603 4.45361 8.08594
37601.00 1539.02 0.807041 40.5188 1.58647 3.38085 0.550753 0.615482 16.1067 0.143667 24.4567 0.0941512 4.46538 8.08102
37501.00 1538.77 0.808399 40.5234 1.58464 3.42308 0.550576 0.614851 16.0813 0.143009 24.4323 0.0936973 4.47726 8.07583
37401.00 1538.51 0.809856 40.528 1.58277 3.46564 0.550406 0.614181 16.0559 0.142348 24.4079 0.0932413 4.48926 8.07035
37301.00 1538.25 0.811413 40.5326 1.58086 3.50853 0.550243 0.613474 16.0305 0.141683 24.3834 0.0927833 4.50138 8.06458
37201.00 1537.99 0.813070 40.5372 1.57891 3.55176 0.550086 0.612728 16.005 0.141015 24.3589 0.0923232 4.51362 8.05852
37101.00 1537.73 0.814828 40.5417 1.57692 3.59531 0.549936 0.611945 15.9795 0.140344 24.3343 0.0918611 4.52598 8.05217
37001.00 1537.47 0.816688 40.5463 1.57488 3.63919 0.549791 0.611122 15.954 0.139669 24.3096 0.0913971 4.53846 8.04553
36901.00 1537.21 0.818652 40.5509 1.5728 3.68339 0.549654 0.61026 15.9285 0.138991 24.2849 0.0909312 4.55106 8.0386
36801.00 1536.95 0.820720 40.5555 1.57069 3.72792 0.549522 0.60936 15.903 0.13831 24.2601 0.0904634 4.56379 8.03137
36701.00 1536.69 0.822893 40.5601 1.56852 3.77277 0.549397 0.60842 15.8774 0.137625 24.2353 0.0899939 4.57664 8.02385
36601.00 1536.43 0.825172 40.5647 1.56632 3.81794 0.549277 0.60744 15.8518 0.136938 24.2104 0.0895225 4.58961 8.01603
36501.00 1536.16 0.827559 40.5693 1.56408 3.86344 0.549164 0.606421 15.8262 0.136248 24.1855 0.0890495 4.60271 8.00792
36401.00 1535.90 0.830054 40.5739 1.56179 3.90925 0.549056 0.605361 15.8006 0.135554 24.1605 0.0885747 4.61594 7.99951
36301.00 1535.63 0.832659 40.5785 1.55946 3.95538 0.548955 0.604262 15.7749 0.134858 24.1354 0.0880984 4.6293 7.9908
36201.00 1535.37 0.835374 40.5832 1.55709 4.00183 0.548859 0.603121 15.7492 0.134159 24.1103 0.0876204 4.64278 7.98179
36101.00 1535.10 0.838201 40.5878 1.55467 4.04859 0.548768 0.601941 15.7236 0.133458 24.0852 0.0871409 4.6564 7.97248
36001.00 1534.83 0.841141 40.5925 1.55222 4.09566 0.548683 0.600719 15.6978 0.132754 24.06 0.0866599 4.67015 7.96287
35901.00 1534.57 0.844196 40.5972 1.54972 4.14304 0.548603 0.599456 15.6721 0.132047 24.0347 0.0861775 4.68404 7.95295
35801.00 1534.30 0.847366 40.6019 1.54717 4.19073 0.548529 0.598153 15.6464 0.131338 24.0094 0.0856937 4.69806 7.94273
35701.00 1534.03 0.850652 40.6066 1.54459 4.23873 0.54846 0.596808 15.6206 0.130626 23.984 0.0852085 4.71222 7.93221
35601.00 1533.76 0.854057 40.6113 1.54196 4.28703 0.548395 0.595421 15.5948 0.129912 23.9586 0.084722 4.72651 7.92138
35501.00 1533.49 0.857581 40.616 1.53929 4.33563 0.548336 0.593992 15.569 0.129196 23.9331 0.0842343 4.74094 7.91024
35401.00 1533.21 0.861225 40.6208 1.53657 4.38454 0.548281 0.592522 15.5432 0.128477 23.9075 0.0837453 4.75551 7.89879
35301.00 1532.94 0.864992 40.6256 1.53382 4.43374 0.548231 0.59101 15.5174 0.127757 23.882 0.0832552 4.77022 7.88704
35201.00 1532.67 0.868882 40.6304 1.53101 4.48324 0.548185 0.589456 15.4915 0.127034 23.8563 0.082764 4.78508 7.87498
35101.00 1532.39 0.872897 40.6353 1.52817 4.53303 0.548144 0.58786 15.4656 0.126309 23.8306 0.0822717 4.80007 7.86261
35001.00 1532.12 0.877039 40.6401 1.52528 4.58312 0.548107 0.586221 15.4398 0.125583 23.8049 0.0817784 4.81521 7.84992
34901.00 1531.84 0.881308 40.645 1.52235 4.63349 0.548074 0.58454 15.4139 0.124854 23.7791 0.0812842 4.8305 7.83693
34801.00 1531.57 0.885707 40.65 1.51938 4.68415 0.548044 0.582816 15.3879 0.124124 23.7532 0.080789 4.84594 7.82362
34701.00 1531.29 0.890237 40.6549 1.51636 4.7351 0.548019 0.581049 15.362 0.123392 23.7273 0.080293 4.86152 7.81
34601.00 1531.01 0.894900 40.6599 1.5133 4.78633 0.547996 0.57924 15.3361 0.122659 23.7014 0.0797961 4.87725 7.79607
34501.00 1530.73 0.899697 40.6649 1.51019 4.83784 0.547977 0.577388 15.3101 0.121923 23.6753 0.0792985 4.89314 7.78182
34401.00 1530.45 0.904630 40.67 1.50705 4.88962 0.547961 0.575494 15.2842 0.121187 23.6493 0.0788002 4.90917 7.76726
34301.00 1530.17 0.909700 40.6751 1.50385 4.94169 0.547949 0.573556 15.2582 0.120449 23.6232 0.0783011 4.92536 7.75239
34201.00 1529.89 0.914911 40.6802 1.50062 4.99402 0.547938 0.571576 15.2322 0.11971 23.597 0.0778015 4.94171 7.7372
34101.00 1529.60 0.920262 40.6854 1.49734 5.04662 0.547931 0.569552 15.2062 0.118969 23.5708 0.0773013 4.95821 7.72169
34001.00 1529.32 0.925757 40.6906 1.49402 5.09949 0.547925 0.567486 15.1802 0.118228 23.5445 0.0768006 4.97487 7.70587
33901.00 1529.03 0.931396 40.6959 1.49065 5.15263 0.547922 0.565376 15.1542 0.117485 23.5182 0.0762994 4.99169 7.68973
33801.00 1528.75 0.937182 40.7012 1.48724 5.20602 0.54792 0.563224 15.1281 0.116742 23.4918 0.0757978 5.00867 7.67327
33701.00 1528.46 0.943118 40.7066 1.48379 5.25968 0.54792 0.561028 15.1021 0.115997 23.4654 0.0752958 5.02581 7.6565
33601.00 1528.17 0.949204 40.712 1.48029 5.31359 0.547922 0.55879 15.076 0.115252 23.4389 0.0747935 5.04311 7.6394
33501.00 1527.88 0.955443 40.7174 1.47675 5.36775 0.547924 0.556509 15.05 0.114505 23.4123 0.0742909 5.06057 7.62199
33401.00 1527.59 0.961837 40.7229 1.47316 5.42217 0.547928 0.554184 15.0239 0.113758 23.3857 0.0737881 5.07821 7.60427
33301.00 1527.30 0.968388 40.7285 1.46953 5.47683 0.547932 0.551817 14.9978 0.113011 23.3591 0.0732851 5.09601 7.58622
33201.00 1527.01 0.975098 40.7341 1.46586 5.53173 0.547936 0.549407 14.9717 0.112263 23.3324 0.072782 5.11398 7.56785
33101.00 1526.72 0.981970 40.7397 1.46214 5.58688 0.54794 0.546955 14.9456 0.111514 23.3057 0.0722788 5.13211 7.54917
33001.00 1526.42 0.989006 40.7454 1.45838 5.64227 0.547944 0.54446 14.9195 0.110765 23.2789 0.0717755 5.15042 7.53017
32901.00 1526.13 0.996208 40.7512 1.45458 5.69789 0.547948 0.541922 14.8934 0.110016 23.252 0.0712723 5.1689 7.51085
32801.00 1525.83 1.003578 40.757 1.45073 5.75374 0.54795 0.539342 14.8673 0.109266 23.2251 0.0707692 5.18756 7.49121
32701.00 1525.54 1.008904 40.7629 1.44684 5.80983 0.547952 0.53672 14.8411 0.108516 23.1982 0.0702661 5.20639 7.47125
32601.00 1525.24 1.008983 40.7689 1.4429 5.86613 0.547953 0.534055 14.815 0.107766 23.1711 0.0697632 5.2254 7.45096
32501.00 1524.94 1.009062 40.7749 1.43892 5.92266 0.547954 0.531347 14.7889 0.107016 23.1441 0.0692605 5.2446 7.43035
32401.00 1524.64 1.009140 40.781 1.4349 5.97941 0.547953 0.528596 14.7627 0.106266 23.117 0.068758 5.26397 7.40941
32301.00 1524.34 1.009219 40.7871 1.43083 6.03638 0.547952 0.525803 14.7366 0.105516 23.0898 0.0682558 5.28353 7.38814
32201.00 1524.03 1.009297 40.7934 1.42672 6.09355 0.547948 0.522968 14.7105 0.104766 23.0626 0.0677539 5.30328 7.36655
32101.00 1523.73 1.009376 40.7996 1.42256 6.15094 0.547943 0.520091 14.6843 0.104017 23.0354 0.0672524 5.32321 7.34462
32001.00 1523.42 1.009454 40.806 1.41836 6.20852 0.547936 0.517172 14.6582 0.103267 23.0081 0.0667513 5.34334 7.32237
31901.00 1523.12 1.009532 40.8124 1.41411 6.26632 0.547926 0.514212 14.6321 0.102518 22.9808 0.0662507 5.36365 7.29979
31801.00 1522.81 1.009610 40.8189 1.40982 6.32431 0.547914 0.51121 14.6059 0.101769 22.9534 0.0657505 5.38416 7.27689
31701.00 1522.50 1.009689 40.8255 1.40549 6.38249 0.547898 0.508166 14.5798 0.101021 22.9259 0.0652509 5.40486 7.25365
31601.00 1522.19 1.009767 40.8321 1.40111 6.44087 0.547879 0.505082 14.5537 0.100274 22.8984 0.064752 5.42576 7.23009
31501.00 1521.88 1.009845 40.8388 1.39669 6.49943 0.547855 0.501957 14.5275 0.0995266 22.8709 0.0642536 5.44686 7.20619
31401.00 1521.57 1.009923 40.8456 1.39223 6.55818 0.547828 0.498792 14.5014 0.0987803 22.8433 0.0637559 5.46815 7.18197
31301.00 1521.26 1.010001 40.8525 1.38772 6.61711 0.547796 0.495586 14.4753 0.0980347 22.8157 0.063259 5.48965 7.15742
31201.00 1520.95 1.010080 40.8594 1.38316 6.67621 0.547759 0.492341 14.4492 0.09729 22.788 0.0627628 5.51135 7.13254
31101.00 1520.63 1.010158 40.8664 1.37857 6.73549 0.547717 0.489056 14.4231 0.0965461 22.7603 0.0622674 5.53326 7.10733
31001.00 1520.31 1.010236 40.8735 1.37393 6.79494 0.547669 0.485732 14.397 0.0958032 22.7325 0.0617729 5.55537 7.08179
30901.00 1520.00 1.010314 40.8807 1.36924 6.85456 0.547614 0.482369 14.3709 0.0950613 22.7047 0.0612793 5.57769 7.05593
30801.00 1519.68 1.010393 40.888 1.36451 6.91434 0.547553 0.478967 14.3448 0.0943205 22.6768 0.0607866 5.60023 7.02973
30701.00 1519.36 1.010471 40.8953 1.35974 6.97427 0.547485 0.475528 14.3187 0.0935808 22.6488 0.0602949 5.62297 7.00321
30601.00 1519.04 1.010549 40.9028 1.35493 7.03437 0.54741 0.472051 14.2927 0.0928423 22.6209 0.0598042 5.64593 6.97636
30501.00 1518.71 1.010628 40.9103 1.35007 7.09461 0.547326 0.468536 14.2666 0.0921052 22.5928 0.0593146 5.66911 6.94918
30401.00 1518.39 1.010707 40.9179 1.34517 7.15501 0.547234 0.464985 14.2406 0.0913693 22.5648 0.058826 5.6925 6.92168
30301.00 1518.06 1.010785 40.9256 1.34022 7.21554 0.547133 0.461398 14.2145 0.0906349 22.5366 0.0583386 5.71611 6.89385
30201.00 1517.74 1.010864 40.9334 1.33523 7.27622 0.547022 0.457774 14.1885 0.0899019 22.5084 0.0578524 5.73995 6.86569
30101.00 1517.41 1.010943 40.9413 1.3302 7.33704 0.546901 0.454115 14.1625 0.0891705 22.4802 0.0573674 5.764 6.83721
30001.00 1517.08 1.011022 40.9493 1.32512 7.39799 0.54677 0.450421 14.1365 0.0884407 22.4519 0.0568836 5.78829 6.8084
29901.00 1516.75 1.011101 40.9573 1.32001 7.45907 0.546628 0.446693 14.1105 0.0877125 22.4236 0.0564011 5.8128 6.77926
29801.00 1516.42 1.011181 40.9655 1.31484 7.52027 0.546474 0.442931 14.0845 0.086986 22.3952 0.05592 5.83754 6.7498
29701.00 1516.08 1.011260 40.9738 1.30964 7.58159 0.546308 0.439136 14.0586 0.0862612 22.3667 0.0554402 5.86251 6.72002
29601.00 1515.75 1.011340 40.9821 1.30439 7.64304 0.546129 0.435308 14.0327 0.0855383 22.3382 0.0549618 5.88771 6.68991
29501.00 1515.41 1.011420 40.9906 1.2991 7.7046 0.545937 0.431447 14.0067 0.0848173 22.3097 0.0544849 5.91315 6.65948
29401.00 1515.07 1.011500 40.9991 1.29377 7.76627 0.54573 0.427555 13.9808 0.0840983 22.2811 0.0540094 5.93882 6.62873
29301.00 1514.73 1.011581 41.0078 1.28839 7.82804 0.545509 0.423633 13.9549 0.0833812 22.2524 0.0535354 5.96474 6.59766
29201.00 1514.39 1.011661 41.0165 1.28297 7.88992 0.545273 0.41968 13.9291 0.0826661 22.2237 0.053063 5.99089 6.56627
29101.00 1514.05 1.011742 41.0254 1.27751 7.9519 0.545021 0.415697 13.9032 0.0819532 22.1949 0.0525922 6.01729 6.53456
29001.00 1513.70 1.011823 41.0343 1.27201 8.01397 0.544752 0.411685 13.8774 0.0812425 22.166 0.0521229 6.04393 6.50254
28901.00 1513.36 1.011905 41.0434 1.26646 8.07614 0.544466 0.407646 13.8516 0.0805339 22.1371 0.0516553 6.07082 6.47019
28801.00 1513.01 1.011987 41.0525 1.26087 8.13839 0.544162 0.403578 13.8258 0.0798277 22.1082 0.0511894 6.09796 6.43753
28701.00 1512.66 1.012069 41.0618 1.25524 8.20073 0.543839 0.399484 13.8001 0.0791237 22.0791 0.0507252 6.12535 6.40455
28601.00 1512.31 1.012151 41.0711 1.24957 8.26315 0.543497 0.395364 13.7743 0.0784222 22.05 0.0502627 6.15299 6.37126
28501.00 1511.96 1.012234 41.0806 1.24385 8.32565 0.543134 0.391218 13.7486 0.077723 22.0209 0.049802 6.18088 6.33766
28401.00 1511.61 1.012317 41.0902 1.23809 8.38821 0.54275 0.387048 13.7229 0.0770264 21.9917 0.0493432 6.20903 6.30375
28301.00 1511.25 1.012400 41.0999 1.23229 8.45085 0.542345 0.382854 13.6972 0.0763322 21.9624 0.0488861 6.23744 6.26953
28201.00 1510.89 1.012484 41.1097 1.22645 8.51355 0.541917 0.378637 13.6716 0.0756407 21.933 0.0484309 6.26611 6.23499
28101.00 1510.53 1.012568 41.1196 1.22057 8.57632 0.541465 0.374398 13.646 0.0749518 21.9036 0.0479776 6.29505 6.20015
28001.00 1510.17 1.012653 41.1296 1.21464 8.63914 0.540989 0.370138 13.6204 0.0742655 21.8741 0.0475263 6.32424 6.16501
27901.00 1509.81 1.012738 41.1397 1.20867 8.70202 0.540488 0.365857 13.5948 0.073582 21.8445 0.0470768 6.35371 6.12956
27801.00 1509.44 1.012823 41.1499 1.20267 8.76494 0.539961 0.361557 13.5693 0.0729012 21.8149 0.0466294 6.38344 6.09381
27701.00 1509.08 1.012909 41.1602 1.19662 8.82792 0.539407 0.357238 13.5438 0.0722233 21.7852 0.046184 6.41344 6.05776
27601.00 1508.71 1.012996 41.1707 1.19052 8.89093 0.538824 0.352902 13.5183 0.0715482 21.7554 0.0457406 6.44371 6.02141
27501.00 1508.34 1.013083 41.1812 1.18439 8.95399 0.538213 0.348549 13.4929 0.070876 21.7256 0.0452993 6.47426 5.98476
27401.00 1507.97 1.013170 41.1919 1.17822 9.01708 0.537572 0.344179 13.4674 0.0702067 21.6956 0.0448601 6.50508 5.94782
27301.00 1507.59 1.013258 41.2027 1.172 9.0802 0.536901 0.339795 13.4421 0.0695405 21.6656 0.0444229 6.53618 5.91059
27201.00 1507.22 1.013346 41.2136 1.16574 9.14336 0.536197 0.335398 13.4167 0.0688773 21.6355 0.043988 6.56756 5.87306
27101.00 1506.84 1.013435 41.2246 1.15944 9.20653 0.535461 0.330987 13.3914 0.0682172 21.6053 0.0435552 6.59923 5.83524
27001.00 1506.46 1.013525 41.2358 1.1531 9.26973 0.53469 0.326564 13.3661 0.0675601 21.5751 0.0431246 6.63117 5.79714
26901.00 1506.08 1.013615 41.247 1.14672 9.33295 0.533885 0.32213 13.3409 0.0669063 21.5447 0.0426962 6.6634 5.75876
26801.00 1505.69 1.013706 41.2584 1.1403 9.39618 0.533043 0.317687 13.3156 0.0662556 21.5143 0.0422701 6.69592 5.72009
26701.00 1505.30 1.013797 41.2698 1.13384 9.45942 0.532165 0.313234 13.2905 0.0656082 21.4837 0.0418462 6.72873 5.68114
26601.00 1504.92 1.013889 41.2814 1.12734 9.52267 0.531247 0.308774 13.2653 0.0649641 21.4531 0.0414246 6.76183 5.64191
26501.00 1504.52 1.013981 41.2932 1.12079 9.58592 0.530291 0.304307 13.2402 0.0643233 21.4224 0.0410053 6.79522 5.60241
26401.00 1504.13 1.014074 41.305 1.11421 9.64917 0.529293 0.299834 13.2151 0.0636858 21.3915 0.0405884 6.8289 5.56264
26301.00 1503.74 1.014168 41.3169 1.10758 9.71242 0.528254 0.295357 13.1901 0.0630517 21.3606 0.0401738 6.86288 5.5226
26201.00 1503.34 1.014262 41.329 1.10092 9.77566 0.527171 0.290876 13.1651 0.0624211 21.3296 0.0397616 6.89716 5.48229
26101.00 1502.94 1.014357 41.3412 1.09421 9.83889 0.526044 0.286393 13.1402 0.0617939 21.2985 0.0393518 6.93173 5.44172
26001.00 1502.53 1.014452 41.3535 1.08746 9.9021 0.524872 0.281909 13.1153 0.0611702 21.2672 0.0389444 6.96661 5.40089
25901.00 1502.13 1.014548 41.366 1.08067 9.9653 0.523652 0.277424 13.0904 0.0605501 21.2359 0.0385395 7.00179 5.3598
25801.00 1501.72 1.014645 41.3785 1.07385 10.0285 0.522384 0.272941 13.0656 0.0599335 21.2044 0.038137 7.03727 5.31846
25701.00 1501.31 1.014742 41.3912 1.06698 10.0916 0.521066 0.26846 13.0408 0.0593205 21.1728 0.037737 7.07306 5.27687
25601.00 1500.90 1.014840 41.404 1.06007 10.1548 0.519697 0.263982 13.0161 0.0587112 21.1411 0.0373395 7.10916 5.23503
25501.00 1500.48 1.014938 41.417 1.05312 10.2179 0.518276 0.259508 12.9914 0.0581055 21.1093 0.0369446 7.14556 5.19294
25401.00 1500.06 1.015037 41.43 1.04613 10.2809 0.516801 0.25504 12.9668 0.0575035 21.0774 0.0365521 7.18227 5.15062
25301.00 1499.64 1.015137 41.4432 1.0391 10.344 0.515271 0.25058 12.9422 0.0569053 21.0453 0.0361623 7.21929 5.10805
25201.00 1499.22 1.015237 41.4565 1.03203 10.407 0.513684 0.246127 12.9176 0.0563108 21.0131 0.0357749 7.25663 5.06526
25101.00 1498.79 1.015337 41.4699 1.02492 10.4699 0.512038 0.241683 12.8932 0.0557201 20.9807 0.0353902 7.29427 5.02224
25001.00 1498.36 1.015438 41.4835 1.01777 10.5328 0.510333 0.23725 12.8687 0.0551332 20.9483 0.0350081 7.33223 4.97899
24901.00 1497.93 1.015539 41.4972 1.01058 10.5956 0.508566 0.232828 12.8443 0.0545502 20.9156 0.0346287 7.37051 4.93552
24801.00 1497.49 1.015641 41.511 1.00335 10.6585 0.506737 0.228419 12.82 0.0539711 20.8829 0.0342518 7.4091 4.89184
24701.00 1497.05 1.015742 41.525 0.996076 10.7212 0.504843 0.224024 12.7957 0.0533959 20.8499 0.0338776 7.44801 4.84794
24601.00 1496.61 1.015844 41.539 0.988765 10.7839 0.502883 0.219645 12.7715 0.0528246 20.8169 0.0335061 7.48723 4.80384
24501.00 1496.17 1.015947 41.5533 0.981413 10.8465 0.500855 0.215282 12.7474 0.0522572 20.7836 0.0331373 7.52677 4.75953
24401.00 1495.72 1.016049 41.5676 0.97402 10.9091 0.498758 0.210936 12.7232 0.0516939 20.7502 0.0327712 7.56663 4.71502
24301.00 1495.27 1.016151 41.5821 0.966588 10.9716 0.496591 0.206609 12.6992 0.0511346 20.7167 0.0324078 7.60681 4.67033
24201.00 1494.81 1.016253 41.5967 0.959115 11.034 0.49435 0.202302 12.6752 0.0505793 20.6829 0.0320472 7.6473 4.62544
24101.00 1494.35 1.016354 41.6115 0.951601 11.0964 0.492035 0.198017 12.6513 0.0500281 20.649 0.0316893 7.68812 4.58037
24001.00 1493.89 1.016456 41.6263 0.944047 11.1586 0.489644 0.193754 12.6275 0.0494811 20.6149 0.0313342 7.72925 4.53513
23901.00 1493.43 1.016556 41.6414 0.936453 11.2208 0.487175 0.189514 12.6037 0.0489381 20.5806 0.0309818 7.7707 4.48971
23801.00 1492.96 1.016656 41.6565 0.928818 11.283 0.484627 0.185299 12.58 0.0483993 20.5461 0.0306323 7.81247 4.44412
23701.00 1492.48 1.016755 41.6718 0.921142 11.345 0.481998 0.181111 12.5563 0.0478646 20.5115 0.0302856 7.85456 4.39838
23601.00 1492.01 1.016853 41.6873 0.913425 11.407 0.479285 0.176949 12.5328 0.0473342 20.4766 0.0299416 7.89697 4.35248
23501.00 1491.53 1.016950 41.7029 0.905668 11.4688 0.476488 0.172816 12.5093 0.046808 20.4415 0.0296006 7.93969 4.30643
23401.00 1491.04 1.017045 41.7186 0.89787 11.5306 0.473604 0.168712 12.4859 0.046286 20.4062 0.0292623 7.98273 4.26023
23301.00 1490.55 1.017138 41.7345 0.89003 11.5923 0.470631 0.164639 12.4625 0.0457683 20.3707 0.028927 8.02608 4.21391
23201.00 1490.06 1.017229 41.7505 0.882149 11.6539 0.467569 0.160598 12.4393 0.0452549 20.3349 0.0285945 8.06974 4.16745
23101.00 1489.56 1.017317 41.7667 0.874228 11.7154 0.464414 0.156589 12.4161 0.0447459 20.2989 0.0282649 8.11372 4.12087
23001.00 1489.06 1.017403 41.783 0.866264 11.7768 0.461165 0.152615 12.3931 0.0442412 20.2627 0.0279383 8.158 4.07417
22901.00 1488.55 1.017485 41.7995 0.858259 11.8381 0.457821 0.148676 12.3701 0.0437408 20.2262 0.0276145 8.20259 4.02737
22801.00 1488.04 1.017563 41.8161 0.850213 11.8993 0.45438 0.144773 12.3473 0.0432449 20.1895 0.0272937 8.24748 3.98046
22701.00 1487.52 1.017637 41.8329 0.842124 11.9604 0.450839 0.140908 12.3245 0.0427534 20.1525 0.0269759 8.29268 3.93346
22601.00 1487.00 1.017706 41.8499 0.833994 12.0214 0.447197 0.137081 12.3018 0.0422664 20.1152 0.026661 8.33818 3.88638
22501.00 1486.48 1.017770 41.867 0.825821 12.0822 0.443453 0.133293 12.2793 0.0417838 20.0776 0.0263491 8.38396 3.83922
22401.00 1485.96 1.021284 41.8872 0.819079 12.1359 0.44075 0.130167 12.2549 0.0413352 20.0412 0.0260587 8.42891 3.79442
22301.00 1485.49 1.035474 41.9199 0.818282 12.161 0.442658 0.129572 12.2226 0.0410085 20.0103 0.0258448 8.46951 3.75937
22201.00 1485.03 1.035455 41.9527 0.817458 12.186 0.444577 0.128971 12.1902 0.0406824 19.9792 0.0256315 8.51038 3.72413
22101.00 1484.56 1.035439 41.9857 0.816606 12.2109 0.446507 0.128366 12.1579 0.0403571 19.9481 0.0254188 8.55151 3.6887
22001.00 1484.08 1.035426 42.0188 0.815728 12.2357 0.448447 0.127755 12.1255 0.0400325 19.9168 0.0252066 8.5929 3.65308
21901.00 1483.61 1.035418 42.0521 0.814821 12.2605 0.450399 0.12714 12.0931 0.0397086 19.8855 0.024995 8.63457 3.61727
21801.00 1483.13 1.035412 42.0855 0.813886 12.2852 0.45236 0.126521 12.0606 0.0393856 19.854 0.024784 8.67649 3.58128
21701.00 1482.65 1.035411 42.1191 0.812922 12.3098 0.454332 0.125896 12.0281 0.0390634 19.8224 0.0245736 8.71869 3.5451
21601.00 1482.17 1.035413 42.1528 0.811929 12.3343 0.456314 0.125268 11.9956 0.0387419 19.7908 0.0243638 8.76115 3.50875
21501.00 1481.69 1.035420 42.1867 0.810905 12.3587 0.458306 0.124635 11.9631 0.0384213 19.759 0.0241546 8.80388 3.47223
21401.00 1481.21 1.035431 42.2207 0.809852 12.3831 0.460307 0.123999 11.9305 0.0381015 19.7271 0.023946 8.84688 3.43553
21301.00 1480.72 1.035446 42.2549 0.808767 12.4074 0.462317 0.123358 11.8979 0.0377826 19.695 0.023738 8.89015 3.39867
21201.00 1480.23 1.035466 42.2893 0.807651 12.4316 0.464335 0.122714 11.8653 0.0374646 19.6629 0.0235307 8.93369 3.36164
21101.00 1479.74 1.035490 42.3238 0.806503 12.4557 0.466362 0.122067 11.8326 0.0371474 19.6306 0.023324 8.9775 3.32446
21001.00 1479.24 1.035519 42.3584 0.805323 12.4797 0.468397 0.121416 11.7998 0.0368312 19.5983 0.0231181 9.02157 3.28711
20901.00 1478.75 1.035553 42.3932 0.804109 12.5037 0.47044 0.120761 11.7671 0.0365158 19.5657 0.0229127 9.06591 3.24961
20801.00 1478.25 1.035592 42.4282 0.802862 12.5275 0.47249 0.120104 11.7343 0.0362014 19.5331 0.0227081 9.11052 3.21196
20701.00 1477.75 1.035637 42.4634 0.80158 12.5513 0.474548 0.119444 11.7014 0.035888 19.5003 0.0225042 9.1554 3.17417
20601.00 1477.24 1.035687 42.4987 0.800264 12.575 0.476611 0.118781 11.6685 0.0355756 19.4674 0.0223009 9.20055 3.13623
20501.00 1476.74 1.035743 42.5341 0.798912 12.5986 0.478681 0.118116 11.6356 0.0352641 19.4344 0.0220984 9.24597 3.09816
20401.00 1476.23 1.035805 42.5698 0.797523 12.6222 0.480756 0.117448 11.6026 0.0349536 19.4013 0.0218966 9.29165 3.05995
20301.00 1475.71 1.035873 42.6056 0.796097 12.6456 0.482836 0.116778 11.5696 0.0346442 19.3679 0.0216955 9.3376 3.02162
20201.00 1475.20 1.035948 42.6415 0.794634 12.669 0.484921 0.116106 11.5365 0.0343358 19.3345 0.0214952 9.38382 2.98316
20101.00 1474.68 1.036029 42.6777 0.793132 12.6923 0.48701 0.115433 11.5033 0.0340284 19.3009 0.0212956 9.4303 2.94458
20001.00 1474.16 1.036117 42.714 0.791592 12.7155 0.489102 0.114757 11.4701 0.0337221 19.2672 0.0210968 9.47704 2.90588
19901.00 1473.64 1.036211 42.7505 0.790011 12.7386 0.491197 0.114081 11.4369 0.0334169 19.2333 0.0208987 9.52405 2.86708
19801.00 1473.11 1.036313 42.7871 0.788389 12.7617 0.493294 0.113403 11.4036 0.0331128 19.1992 0.0207015 9.57132 2.82817
19701.00 1472.58 1.036423 42.824 0.786726 12.7846 0.495393 0.112724 11.3702 0.0328099 19.165 0.020505 9.61885 2.78915
19601.00 1472.05 1.036540 42.861 0.78502 12.8075 0.497493 0.112045 11.3368 0.032508 19.1307 0.0203094 9.66664 2.75005
19501.00 1471.52 1.036666 42.8982 0.783271 12.8303 0.499594 0.111364 11.3032 0.0322074 19.0962 0.0201145 9.71469 2.71085
19401.00 1470.98 1.036800 42.9356 0.781477 12.853 0.501694 0.110684 11.2697 0.0319079 19.0615 0.0199205 9.763 2.67157
19301.00 1470.44 1.036942 42.9732 0.779639 12.8756 0.503792 0.110003 11.236 0.0316095 19.0267 0.0197273 9.81155 2.63221
19201.00 1469.89 1.037093 43.011 0.777755 12.8981 0.505889 0.109323 11.2023 0.0313124 18.9916 0.019535 9.86037 2.59278
19101.00 1469.34 1.037254 43.049 0.775823 12.9206 0.507983 0.108642 11.1685 0.0310165 18.9564 0.0193435 9.90943 2.55328
19001.00 1468.79 1.037423 43.0871 0.773844 12.9429 0.510073 0.107962 11.1346 0.0307219 18.9211 0.0191528 9.95874 2.51373
18901.00 1468.24 1.037603 43.1255 0.771815 12.9652 0.512159 0.107283 11.1007 0.0304285 18.8855 0.0189631 10.0083 2.47411
18801.00 1467.68 1.037793 43.1641 0.769736 12.9874 0.514239 0.106605 11.0666 0.0301364 18.8498 0.0187742 10.0581 2.43445
18701.00 1467.12 1.037993 43.2029 0.767606 13.0096 0.516313 0.105928 11.0325 0.0298455 18.8139 0.0185863 10.1081 2.39474
18601.00 1466.55 1.038204 43.242 0.765424 13.0316 0.51838 0.105253 10.9983 0.029556 18.7778 0.0183992 10.1584 2.35501
18501.00 1465.98 1.038426 43.2812 0.763189 13.0535 0.520438 0.104579 10.9639 0.0292678 18.7415 0.018213 10.2089 2.31524
18401.00 1465.41 1.038660 43.3207 0.760899 13.0754 0.522487 0.103907 10.9295 0.0289809 18.705 0.0180278 10.2596 2.27545
18301.00 1464.83 1.038906 43.3604 0.758553 13.0972 0.524525 0.103238 10.895 0.0286954 18.6683 0.0178435 10.3106 2.23564
18201.00 1464.25 1.039164 43.4004 0.75615 13.1189 0.526552 0.102571 10.8604 0.0284113 18.6313 0.0176602 10.3618 2.19583
18101.00 1463.66 1.039434 43.4406 0.753689 13.1405 0.528566 0.101906 10.8257 0.0281285 18.5942 0.0174778 10.4132 2.15602
18001.00 1463.07 1.039718 43.4811 0.751169 13.1621 0.530566 0.101245 10.7908 0.0278472 18.5569 0.0172964 10.4648 2.11622
17901.00 1462.48 1.040015 43.5218 0.748587 13.1835 0.532551 0.100586 10.7559 0.0275673 18.5193 0.0171159 10.5167 2.07644
17801.00 1461.88 1.040326 43.5628 0.745944 13.2049 0.53452 0.0999316 10.7208 0.0272889 18.4816 0.0169365 10.5687 2.03668
17701.00 1461.28 1.040652 43.604 0.743237 13.2262 0.536471 0.0992806 10.6856 0.0270119 18.4436 0.016758 10.6209 1.99695
17601.00 1460.67 1.040992 43.6456 0.740465 13.2474 0.538403 0.0986337 10.6503 0.0267364 18.4053 0.0165806 10.6734 1.95726
17501.00 1460.06 1.041348 43.6874 0.737627 13.2685 0.540314 0.0979911 10.6148 0.0264624 18.3669 0.0164042 10.726 1.91762
17401.00 1459.44 1.041720 43.7295 0.734721 13.2895 0.542203 0.0973531 10.5793 0.0261899 18.3282 0.0162288 10.7788 1.87805
17301.00 1458.82 1.042107 43.772 0.731746 13.3105 0.544069 0.0967201 10.5435 0.0259189 18.2892 0.0160544 10.8317 1.83854
17201.00 1458.20 1.042512 43.8147 0.7287 13.3314 0.54591 0.0960923 10.5077 0.0256495 18.25 0.0158811 10.8849 1.7991
17101.00 1457.57 1.042934 43.8578 0.725582 13.3522 0.547724 0.0954701 10.4716 0.0253817 18.2106 0.0157089 10.9382 1.75976
17001.00 1456.93 1.043373 43.9012 0.72239 13.3729 0.54951 0.0948537 10.4355 0.0251155 18.1709 0.0155377 10.9916 1.72051
16901.00 1456.29 1.043831 43.945 0.719122 13.3935 0.551267 0.0942434 10.3991 0.0248508 18.1309 0.0153676 11.0452 1.68137
16801.00 1455.64 1.044308 43.9891 0.715778 13.414 0.552992 0.0936396 10.3627 0.0245878 18.0907 0.0151986 11.099 1.64235
16701.00 1454.99 1.044804 44.0336 0.712354 13.4345 0.554684 0.0930427 10.326 0.0243265 18.0502 0.0150307 11.1528 1.60345
16601.00 1454.33 1.045320 44.0784 0.70885 13.4549 0.556341 0.0924529 10.2892 0.0240668 18.0094 0.0148639 11.2068 1.56469
16501.00 1453.67 1.045856 44.1237 0.705264 13.4752 0.557961 0.0918706 10.2521 0.0238088 17.9684 0.0146983 11.2609 1.52609
16401.00 1453.00 1.046413 44.1694 0.701594 13.4953 0.559542 0.0912962 10.215 0.0235524 17.927 0.0145338 11.3151 1.48764
16301.00 1452.32 1.046992 44.2155 0.697839 13.5155 0.561084 0.09073 10.1776 0.0232979 17.8854 0.0143704 11.3694 1.44937
16201.00 1451.64 1.047593 44.262 0.693996 13.5355 0.562582 0.0901723 10.14 0.023045 17.8435 0.0142082 11.4238 1.41129
16101.00 1450.95 1.048216 44.309 0.690064 13.5554 0.564036 0.0896236 10.1022 0.0227939 17.8012 0.0140472 11.4782 1.3734
16001.00 1450.26 1.048862 44.3564 0.686041 13.5753 0.565444 0.0890843 10.0642 0.0225446 17.7587 0.0138873 11.5327 1.33572
15901.00 1449.56 1.049532 44.4044 0.681925 13.595 0.566803 0.0885546 10.026 0.0222971 17.7158 0.0137286 11.5872 1.29827
15801.00 1448.85 1.050226 44.4528 0.677714 13.6147 0.568112 0.0880351 9.98757 0.0220515 17.6727 0.0135712 11.6418 1.26105
15701.00 1448.14 1.050944 44.5017 0.673408 13.6342 0.569369 0.0875262 9.94891 0.0218076 17.6292 0.013415 11.6963 1.22409
15601.00 1447.41 1.051687 44.5512 0.669003 13.6537 0.57057 0.0870282 9.91002 0.0215657 17.5854 0.01326 11.7509 1.18739
15501.00 1446.69 1.052456 44.6012 0.664498 13.673 0.571715 0.0865416 9.87088 0.0213256 17.5412 0.0131062 11.8055 1.15097
15401.00 1445.95 1.053250 44.6518 0.659892 13.6923 0.5728 0.0860668 9.8315 0.0210874 17.4968 0.0129537 11.86 1.11484
15301.00 1445.21 1.054071 44.703 0.655181 13.7115 0.573824 0.0856043 9.79186 0.0208512 17.4519 0.0128024 11.9145 1.07902
15201.00 1444.45 1.054917 44.7548 0.650366 13.7305 0.574785 0.0851546 9.75196 0.0206169 17.4068 0.0126525 11.9689 1.04353
15101.00 1443.69 1.055790 44.8072 0.645444 13.7495 0.57568 0.0847182 9.71179 0.0203846 17.3612 0.0125038 12.0232 1.00837
15001.00 1442.93 1.056690 44.8603 0.640413 13.7683 0.576507 0.0842955 9.67134 0.0201543 17.3154 0.0123565 12.0774 0.973577
14901.00 1442.15 1.057615 44.914 0.635271 13.787 0.577264 0.083887 9.6306 0.019926 17.2691 0.0122104 12.1315 0.939152
14801.00 1441.37 1.058568 44.9685 0.630018 13.8056 0.577949 0.0834933 9.58957 0.0196997 17.2225 0.0120657 12.1855 0.905117
14701.00 1440.58 1.059546 45.0237 0.624652 13.824 0.578559 0.0831148 9.54823 0.0194756 17.1755 0.0119223 12.2393 0.871489
14601.00 1439.77 1.060550 45.0796 0.61917 13.8424 0.579093 0.0827523 9.50659 0.0192535 17.1282 0.0117803 12.2929 0.838286
14501.00 1438.96 1.061580 45.1364 0.613573 13.8606 0.579548 0.0824061 9.46462 0.0190336 17.0804 0.0116397 12.3463 0.805525
14401.00 1438.14 1.062633 45.1939 0.607858 13.8786 0.579922 0.082077 9.42233 0.0188158 17.0323 0.0115005 12.3995 0.773224
14301.00 1437.32 1.063711 45.2523 0.602024 13.8965 0.580213 0.0817654 9.3797 0.0186001 16.9838 0.0113626 12.4524 0.741403
14201.00 1436.48 1.064810 45.3115 0.596071 13.9142 0.580419 0.081472 9.33673 0.0183867 16.9349 0.0112262 12.505 0.710079
14101.00 1435.63 1.065930 45.3716 0.589998 13.9318 0.580538 0.0811974 9.29341 0.0181755 16.8855 0.0110912 12.5574 0.679272
14001.00 1434.77 1.067069 45.4326 0.583803 13.9492 0.580569 0.0809422 9.24972 0.0179666 16.8358 0.0109577 12.6094 0.649001
13901.00 1433.90 1.068225 45.4946 0.577488 13.9664 0.580509 0.0807072 9.20567 0.0177599 16.7857 0.0108257 12.661 0.619286
13801.00 1433.02 1.069395 45.5576 0.57105 13.9834 0.580357 0.0804929 9.16124 0.0175556 16.7352 0.0106951 12.7122 0.590146
13701.00 1432.13 1.070576 45.6216 0.564491 14.0002 0.580112 0.0803 9.11642 0.0173536 16.6843 0.010566 12.7631 0.561601
13601.00 1431.23 1.071765 45.6866 0.55781 14.0168 0.579772 0.0801293 9.0712 0.017154 16.6329 0.0104385 12.8134 0.533669
13501.00 1430.32 1.072957 45.7528 0.551008 14.0332 0.579336 0.0799814 9.02558 0.0169568 16.5812 0.0103124 12.8633 0.506372
13401.00 1429.40 1.074147 45.82 0.544087 14.0493 0.578803 0.079857 8.97955 0.0167621 16.529 0.010188 12.9127 0.479728
13301.00 1428.47 1.075332 45.8884 0.537046 14.0652 0.578173 0.0797568 8.93309 0.0165698 16.4764 0.0100651 12.9615 0.453756
13201.00 1427.52 1.076504 45.958 0.529889 14.0808 0.577444 0.0796815 8.88621 0.0163801 16.4234 0.00994376 13.0098 0.428476
13101.00 1426.57 1.077657 46.0288 0.522616 14.0961 0.576616 0.0796318 8.83889 0.0161928 16.3701 0.00982406 13.0574 0.403904
13001.00 1425.60 1.078783 46.1008 0.515231 14.1111 0.57569 0.0796084 8.79113 0.0160082 16.3163 0.00970598 13.1044 0.38006
12901.00 1424.62 1.079875 46.1741 0.507736 14.1257 0.574665 0.079612 8.74291 0.0158261 16.2621 0.00958955 13.1508 0.356959
12801.00 1423.63 1.080924 46.2488 0.500135 14.14 0.573542 0.0796433 8.69424 0.0156467 16.2075 0.00947479 13.1964 0.334618
12701.00 1422.63 1.081921 46.3248 0.492432 14.1539 0.572322 0.0797027 8.64511 0.01547 16.1525 0.0093617 13.2413 0.313052
12601.00 1421.61 1.082856 46.4021 0.484632 14.1675 0.571006 0.0797911 8.5955 0.015296 16.0972 0.00925032 13.2855 0.292273
12501.00 1420.58 1.083720 46.4809 0.476739 14.1806 0.569596 0.0799089 8.54542 0.0151247 16.0415 0.00914065 13.3288 0.272294
12401.00 1419.55 1.084503 46.5611 0.468759 14.1933 0.568093 0.0800566 8.49487 0.0149562 15.9854 0.00903272 13.3713 0.253125
12301.00 1418.50 1.085195 46.6428 0.460698 14.2055 0.566501 0.0802347 8.44384 0.0147905 15.929 0.00892654 13.413 0.234773
12201.00 1417.43 1.085787 46.7259 0.452563 14.2171 0.564821 0.0804436 8.39233 0.0146277 15.8723 0.00882212 13.4538 0.217244
12101.00 1416.36 1.086271 46.8106 0.44436 14.2283 0.563058 0.0806836 8.34036 0.0144677 15.8152 0.00871949 13.4937 0.200541
12001.00 1415.28 1.086638 46.8968 0.436098 14.2389 0.561215 0.0809551 8.28792 0.0143106 15.7579 0.00861866 13.5327 0.184667
11901.00 1414.18 1.086882 46.9845 0.427783 14.2489 0.559295 0.0812583 8.23503 0.0141564 15.7002 0.00851964 13.5707 0.169617
11801.00 1413.07 1.086996 47.0737 0.419422 14.2582 0.557305 0.0815932 8.18171 0.0140051 15.6424 0.00842245 13.6079 0.155389
11701.00 1411.96 1.086973 47.1645 0.411025 14.2669 0.555248 0.0819599 8.12796 0.0138568 15.5842 0.0083271 13.644 0.141973
11601.00 1410.83 1.086809 47.2568 0.4026 14.2748 0.55313 0.0823585 8.07383 0.0137115 15.5259 0.00823359 13.6792 0.129361
11501.00 1409.69 1.086497 47.3507 0.394153 14.282 0.550956 0.0827888 8.01932 0.0135692 15.4674 0.00814196 13.7134 0.117538
11401.00 1408.55 1.086033 47.4461 0.385694 14.2884 0.548734 0.0832505 7.96448 0.0134299 15.4087 0.00805219 13.7467 0.10649
11301.00 1407.39 1.085410 47.5431 0.37723 14.2939 0.546468 0.0837435 7.90933 0.0132937 15.3499 0.00796432 13.7789 0.0961962
11201.00 1406.23 1.084625 47.6415 0.36877 14.2985 0.544165 0.0842674 7.85392 0.0131605 15.291 0.00787834 13.8102 0.0866371
11101.00 1405.06 1.083671 47.7415 0.360323 14.3021 0.541832 0.0848216 7.79828 0.0130304 15.232 0.00779427 13.8406 0.0777892
11001.00 1403.88 1.082544 47.8429 0.351894 14.3048 0.539475 0.0854056 7.74245 0.0129034 15.1729 0.00771213 13.8699 0.0696271
10901.00 1402.70 1.081240 47.9458 0.343494 14.3063 0.537102 0.0860187 7.68649 0.0127795 15.1139 0.00763191 13.8984 0.0621235
10801.00 1401.51 1.079754 48.0501 0.33513 14.3068 0.534718 0.0866603 7.63042 0.0126587 15.0548 0.00755364 13.9259 0.0552497
10701.00 1400.31 1.078082 48.1558 0.326809 14.3061 0.532331 0.0873293 7.57431 0.0125411 14.9959 0.00747732 13.9525 0.0489753
10601.00 1399.11 1.076223 48.2628 0.318539 14.3041 0.529947 0.0880249 7.5182 0.0124267 14.937 0.00740297 13.9783 0.0432692
10501.00 1397.91 1.074174 48.3712 0.310327 14.3009 0.527572 0.088746 7.46214 0.0123154 14.8782 0.0073306 14.0031 0.0380991
10401.00 1396.70 1.071933 48.4809 0.302181 14.2963 0.525213 0.0894915 7.40617 0.0122074 14.8196 0.00726022 14.0272 0.0334325
10301.00 1395.50 1.069500 48.5919 0.294107 14.2903 0.522875 0.0902602 7.35035 0.0121026 14.7613 0.00719186 14.0504 0.0292365
10201.00 1394.29 1.066874 48.7041 0.286111 14.2829 0.520563 0.0910507 7.29472 0.0120011 14.7031 0.00712551 14.0728 0.0254783
10101.00 1393.39 0.994406 48.821 0.279372 14.279 0.519721 0.0920941 7.25671 0.0119307 14.6901 0.00707844 14.02 0.0229538
10001.00 1392.79 0.925383 48.9426 0.273865 14.2794 0.520323 0.093388 7.23567 0.0118892 14.7213 0.00704916 13.8932 0.0214281
9901.00 1392.19 0.924383 49.0653 0.268474 14.2792 0.520962 0.0947094 7.21474 0.011849 14.7535 0.00702068 13.7642 0.0199884
9801.00 1391.59 0.923407 49.1893 0.263195 14.2786 0.521638 0.0960589 7.19393 0.0118101 14.7867 0.006993 13.6331 0.0186306
9701.00 1391.00 0.922455 49.3146 0.258026 14.2773 0.522351 0.0974371 7.17323 0.0117726 14.8209 0.00696612 13.5 0.0173509
9601.00 1390.40 0.921527 49.4411 0.252964 14.2755 0.523099 0.0988443 7.15263 0.0117364 14.8562 0.00694002 13.3648 0.0161453
9501.00 1389.80 0.920625 49.5689 0.248006 14.2732 0.523882 0.100281 7.13214 0.0117014 14.8924 0.00691472 13.2275 0.0150105
9401.00 1389.20 0.919747 49.698 0.243148 14.2702 0.524697 0.101748 7.11174 0.0116679 14.9296 0.0068902 13.0883 0.0139428
9301.00 1388.60 0.918895 49.8284 0.238388 14.2666 0.525544 0.103246 7.09144 0.0116356 14.9678 0.00686647 12.9471 0.0129389
9201.00 1388.00 0.918068 49.9601 0.233724 14.2624 0.526422 0.104775 7.07122 0.0116046 15.0069 0.00684352 12.804 0.0119959
9101.00 1387.39 0.917267 50.0931 0.229153 14.2575 0.527329 0.106336 7.05109 0.011575 15.047 0.00682137 12.659 0.0111105
9001.00 1386.79 0.916491 50.2274 0.224672 14.2519 0.528263 0.107929 7.03104 0.0115468 15.088 0.0068 12.5121 0.01028
8901.00 1386.18 0.915740 50.363 0.220279 14.2456 0.529223 0.109555 7.01106 0.0115198 15.13 0.00677944 12.3635 0.00950159
8801.00 1385.58 0.915014 50.5 0.215971 14.2386 0.530208 0.111215 6.99116 0.0114943 15.1728 0.00675967 12.213 0.00877257
8701.00 1384.97 0.914314 50.6383 0.211747 14.2308 0.531214 0.112909 6.97132 0.0114701 15.2166 0.0067407 12.0609 0.00809044
8601.00 1384.36 0.913638 50.778 0.207603 14.2221 0.532241 0.114637 6.95154 0.0114472 15.2612 0.00672255 11.9071 0.00745277
8501.00 1383.75 0.912985 50.919 0.203539 14.2127 0.533287 0.1164 6.93181 0.0114258 15.3067 0.00670522 11.7516 0.00685724
8401.00 1383.14 0.912357 51.0614 0.199551 14.2024 0.534348 0.118199 6.91213 0.0114058 15.3529 0.00668872 11.5946 0.00630163
8301.00 1382.52 0.911751 51.2051 0.195639 14.1912 0.535423 0.120034 6.8925 0.0113873 15.4 0.00667306 11.4362 0.00578379
8201.00 1381.90 0.911167 51.3503 0.191799 14.1791 0.536509 0.121905 6.8729 0.0113702 15.4479 0.00665825 11.2763 0.0053017
8101.00 1381.28 0.910605 51.4968 0.18803 14.166 0.537603 0.123814 6.85334 0.0113546 15.4965 0.0066443 11.115 0.00485339
8001.00 1380.66 0.910062 51.6448 0.184331 14.1519 0.538703 0.125759 6.8338 0.0113405 15.5459 0.00663124 10.9524 0.00443699
7901.00 1380.03 0.909538 51.7941 0.1807 14.1367 0.539806 0.127742 6.81428 0.011328 15.5959 0.00661907 10.7887 0.00405071
7801.00 1379.41 0.909032 51.9449 0.177134 14.1205 0.540908 0.129762 6.79478 0.011317 15.6466 0.00660781 10.6238 0.00369282
7701.00 1378.77 0.908541 52.0971 0.173634 14.1031 0.542007 0.13182 6.77529 0.0113077 15.6979 0.00659748 10.4579 0.00336169
7601.00 1378.14 0.908065 52.2507 0.170196 14.0845 0.543099 0.133917 6.75581 0.0113 15.7498 0.00658811 10.291 0.00305573
7501.00 1377.50 0.907600 52.4057 0.16682 14.0647 0.544181 0.136051 6.73632 0.0112941 15.8022 0.00657972 10.1233 0.00277343
7401.00 1376.86 0.907145 52.5622 0.163503 14.0435 0.545248 0.138223 6.71682 0.0112898 15.8552 0.00657233 9.9549 0.00251335
7301.00 1376.22 0.906698 52.7201 0.160246 14.0211 0.546297 0.140433 6.69731 0.0112874 15.9085 0.00656597 9.78583 0.0022741
7201.00 1375.57 0.906255 52.8795 0.157047 13.9972 0.547324 0.14268 6.67778 0.0112868 15.9623 0.00656066 9.61624 0.00205437
7101.00 1374.92 0.905814 53.0403 0.153903 13.9719 0.548326 0.144964 6.65823 0.0112882 16.0164 0.00655646 9.44626 0.00185289
7001.00 1374.27 0.905371 53.2025 0.150815 13.945 0.549297 0.147285 6.63865 0.0112915 16.0709 0.00655338 9.276 0.00166845
6901.00 1373.61 0.904923 53.3662 0.147782 13.9166 0.550234 0.149642 6.61904 0.0112968 16.1255 0.00655146 9.10561 0.00149991
6801.00 1372.95 0.904466 53.5313 0.144801 13.8865 0.551132 0.152033 6.5994 0.0113043 16.1804 0.00655076 8.93521 0.00134617
6701.00 1372.29 0.903995 53.6979 0.141872 13.8547 0.551988 0.154458 6.57971 0.011314 16.2354 0.0065513 8.76495 0.00120617
6601.00 1371.62 0.903508 53.8659 0.138994 13.821 0.552796 0.156916 6.55999 0.011326 16.2905 0.00655315 8.59497 0.00107893
6501.00 1370.95 0.902998 54.0353 0.136167 13.7855 0.553552 0.159405 6.54022 0.0113403 16.3455 0.00655634 8.42542 0.000963511
6401.00 1370.28 0.902461 54.2062 0.133389 13.7481 0.554253 0.161924 6.52041 0.0113571 16.4005 0.00656094 8.25646 0.000859006
6301.00 1369.60 0.901891 54.3785 0.130659 13.7086 0.554893 0.16447 6.50056 0.0113765 16.4554 0.006567 8.08824 0.000764571
6201.00 1368.92 0.901284 54.5522 0.127976 13.667 0.555468 0.167042 6.48067 0.0113986 16.5101 0.0065746 7.92093 0.000679406
6101.00 1368.24 0.900634 54.7273 0.125341 13.6232 0.555974 0.169638 6.46074 0.0114236 16.5646 0.00658378 7.75468 0.000602754
6001.00 1367.55 0.899936 54.9037 0.122751 13.5771 0.556408 0.172254 6.44077 0.0114514 16.6188 0.00659464 7.58966 0.000533903
5901.00 1366.86 0.899183 55.0816 0.120207 13.5286 0.556765 0.174889 6.42078 0.0114824 16.6725 0.00660724 7.42604 0.000472185
5801.00 1366.17 0.898370 55.2608 0.117707 13.4777 0.557043 0.177539 6.40077 0.0115165 16.7259 0.00662168 7.26396 0.000416972
5701.00 1365.47 0.897492 55.4413 0.115251 13.4243 0.557236 0.180202 6.38074 0.0115541 16.7788 0.00663802 7.1036 0.000367679
5601.00 1364.78 0.780146 55.6228 0.112797 13.3686 0.557464 0.182869 6.36122 0.0115953 16.8326 0.00665642 6.94347 0
5501.00 1364.08 0.895619 55.806 0.110427 13.3097 0.557475 0.185548 6.34117 0.0116402 16.8843 0.00667691 6.78694 0
5401.00 1363.38 0.894509 55.9905 0.108097 13.2481 0.557395 0.188229 6.32116 0.011689 16.9355 0.00669962 6.63261 0
5301.00 1362.67 0.893316 56.1762 0.105809 13.1836 0.557222 0.190907 6.30119 0.011742 16.986 0.00672464 6.48059 0
5201.00 1361.97 0.892035 56.3632 0.103561 13.1161 0.556954 0.193579 6.28128 0.0117992 17.0358 0.00675211 6.33104 0
5101.00 1361.26 0.890665 56.5513 0.101352 13.0455 0.55659 0.196241 6.26146 0.011861 17.0848 0.00678213 6.18406 0
5001.00 1360.56 0.889203 56.7406 0.0991816 12.9718 0.556128 0.198887 6.24174 0.0119276 17.1331 0.00681485 6.03979 0
4901.00 1359.85 0.887648 56.931 0.0970488 12.8948 0.555569 0.201514 6.22214 0.0119992 17.1807 0.00685039 5.89831 0
4801.00 1359.14 0.885999 57.1225 0.0949528 12.8145 0.554911 0.204119 6.2027 0.0120761 17.2276 0.00688891 5.75973 0
4701.00 1358.43 0.884258 57.3151 0.0928927 12.7308 0.554155 0.206696 6.18345 0.0121585 17.2737 0.00693055 5.62412 0
4601.00 1357.73 0.882426 57.5087 0.0908674 12.6437 0.553301 0.209241 6.1644 0.0122468 17.319 0.00697547 5.49155 0
4501.00 1357.02 0.880506 57.7033 0.0888762 12.553 0.55235 0.211752 6.14559 0.0123412 17.3636 0.00702384 5.36208 0
4401.00 1356.32 0.878502 57.8989 0.0869181 12.4587 0.551302 0.214223 6.12706 0.0124421 17.4076 0.00707583 5.23575 0
4301.00 1355.62 0.876417 58.0954 0.0849919 12.3608 0.55016 0.216651 6.10883 0.0125497 17.4509 0.00713163 5.11259 0
4201.00 1354.92 0.874258 58.2928 0.0830968 12.2591 0.548923 0.219033 6.09094 0.0126645 17.4937 0.00719142 4.99261 0
4101.00 1354.22 0.872032 58.4911 0.0812316 12.1536 0.547593 0.221365 6.07342 0.0127868 17.5358 0.00725541 4.87581 0
4001.00 1353.53 0.869744 58.6902 0.0793953 12.0443 0.546171 0.223646 6.05631 0.0129169 17.5775 0.00732381 4.76219 0
3901.00 1352.84 0.867404 58.8901 0.0775869 11.9311 0.544659 0.225871 6.03964 0.0130554 17.6188 0.00739684 4.65172 0
3801.00 1352.15 0.865018 59.0909 0.0758052 11.8139 0.543058 0.22804 6.02346 0.0132026 17.6598 0.00747475 4.54437 0
3701.00 1351.47 0.862597 59.2923 0.0740493 11.6928 0.541369 0.23015 6.00779 0.0133589 17.7005 0.00755777 4.4401 0
3601.00 1350.78 0.860149 59.4946 0.072318 11.5676 0.539593 0.232199 5.99267 0.0135249 17.7411 0.00764619 4.33886 0
3501.00 1350.11 0.857683 59.6975 0.0706103 11.4383 0.537731 0.234187 5.97814 0.0137012 17.7815 0.00774028 4.24058 0
3401.00 1349.43 0.855209 59.9012 0.0689252 11.3048 0.535783 0.236113 5.96424 0.0138881 17.822 0.00784033 4.14519 0
3301.00 1348.76 0.852737 60.1055 0.0672617 11.1672 0.533749 0.237976 5.951 0.0140864 17.8627 0.00794668 4.05263 0
3201.00 1348.09 0.850275 60.3105 0.0656187 11.0253 0.53163 0.239776 5.93846 0.0142966 17.9035 0.00805967 3.96281 0
3101.00 1347.43 0.847834 60.5162 0.0639954 10.8792 0.529424 0.241515 5.92665 0.0145194 17.9447 0.00817966 3.87564 0
3001.00 1346.77 0.845423 60.7225 0.0623909 10.7287 0.527131 0.243192 5.91561 0.0147557 17.9864 0.00830706 3.79104 0
2901.00 1346.11 0.843051 60.9295 0.0608041 10.5738 0.52475 0.244808 5.90538 0.015006 18.0287 0.00844228 3.70891 0
2801.00 1345.46 0.840728 61.1371 0.0592343 10.4144 0.522279 0.246366 5.896 0.0152713 18.0716 0.0085858 3.62916 0
2701.00 1344.81 0.838462 61.3454 0.0576806 10.2505 0.519716 0.247866 5.8875 0.0155525 18.1154 0.00873811 3.5517 0
2601.00 1344.16 0.836262 61.5543 0.0561423 10.082 0.517057 0.249311 5.87991 0.0158507 18.1601 0.00889975 3.47641 0
2501.00 1343.52 0.834138 61.7639 0.0546185 9.90878 0.5143 0.250703 5.87329 0.0161667 18.2059 0.00907131 3.40321 0
2401.00 1342.87 0.832099 61.9742 0.0531086 9.73082 0.51144 0.252046 5.86765 0.016502 18.2529 0.00925343 3.33201 0
2301.00 1342.23 0.830154 62.1852 0.0516117 9.54799 0.508472 0.25334 5.86306 0.0168576 18.3013 0.00944682 3.26268 0
2201.00 1341.59 0.828313 62.397 0.0501272 9.36021 0.505392 0.254591 5.85954 0.0172351 18.3511 0.00965222 3.19515 0
2101.00 1340.96 0.826585 62.6094 0.0486543 9.16735 0.502193 0.255801 5.85713 0.017636 18.4026 0.00987049 3.12932 0
2001.00 1340.32 0.824981 62.8227 0.0471924 8.9693 0.498868 0.256975 5.85588 0.0180618 18.4558 0.0101025 3.06508 0
1901.00 1339.68 0.823513 63.0367 0.0457407 8.76594 0.495409 0.258116 5.85584 0.0185145 18.511 0.0103493 3.00235 0
1801.00 1339.04 0.822193 63.2516 0.0442984 8.55711 0.491807 0.259229 5.85704 0.0189961 18.5683 0.010612 2.94102 0
1701.00 1338.40 0.821034 63.4674 0.0428649 8.34267 0.48805 0.260318 5.85954 0.0195089 18.6277 0.0108918 2.88101 0
1601.00 1337.76 0.820052 63.6841 0.0414393 8.12246 0.484128 0.261389 5.86338 0.0200551 18.6896 0.0111899 2.82222 0
1501.00 1337.11 0.819265 63.9017 0.0400207 7.8963 0.480028 0.262447 5.86861 0.0206376 18.7541 0.011508 2.76457 0
1401.00 1336.46 0.818691 64.1204 0.0386083 7.66402 0.475733 0.263498 5.87529 0.0212593 18.8214 0.0118476 2.70795 0
1301.00 1335.81 0.818355 64.3402 0.0372011 7.42541 0.471228 0.264547 5.88347 0.0219234 18.8915 0.0122104 2.65229 0
1201.00 1335.14 0.818283 64.5611 0.0357979 7.18028 0.466492 0.265602 5.8932 0.0226337 18.9648 0.0125985 2.59749 0
1101.00 1334.47 0.818508 64.7831 0.0343977 6.92841 0.461503 0.26667 5.90454 0.023394 19.0415 0.013014 2.54347 0
1001.00 1333.79 0.819066 65.0065 0.0329991 6.6696 0.456235 0.267758 5.91753 0.0242087 19.1216 0.0134594 2.49012 0
901.00 1333.10 0.820003 65.2312 0.0316009 6.40364 0.450661 0.268875 5.93223 0.0250826 19.2054 0.0139371 2.43737 0
801.00 1332.40 0.821373 65.4573 0.0302015 6.13032 0.444745 0.27003 5.94868 0.0260209 19.2932 0.01445 2.38512 0
701.00 1331.68 0.823243 65.6849 0.0287992 5.84947 0.438451 0.271232 5.96692 0.0270293 19.385 0.0150012 2.33327 0
601.00 1330.94 0.825690 65.914 0.0273924 5.56094 0.431733 0.272492 5.98696 0.0281138 19.481 0.0155941 2.28175 0
501.00 1330.17 0.828813 66.1448 0.0259792 5.26466 0.424541 0.273822 6.0088 0.0292807 19.5815 0.0162319 2.23044 0
401.00 1329.38 0.832728 66.3773 0.0245578 4.96065 0.416817 0.275232 6.03242 0.0305365 19.6863 0.0169182 2.17925 0
301.00 1328.56 0.837579 66.6115 0.0231264 4.64905 0.408492 0.276737 6.05773 0.0318877 19.7957 0.0176565 2.12808 0
201.00 1327.71 0.843540 66.8476 0.0216832 4.33022 0.399492 0.278348 6.08459 0.0333398 19.9095 0.0184498 2.07683 0
101.00 1326.81 0.850818 67.0854 0.0202272 4.0048 0.389729 0.280079 6.11277 0.0348973 20.0274 0.0193004 2.02542 0
1.00 1325.85 0.859657 67.325 0.0187577 3.67386 0.37911 0.281941 6.14191 0.0365622 20.1489 0.0202094 1.97373 0