Title: Depleted MORB Mantle of Workmann & Hart 2005

Phase Masses:
Pressure Temperature mass liquid_0 olivine_0 garnet_0 orthopyroxene_0 clinopyroxene_0 feldspar_0 spinel_0 
44001.00 1355.24 100.138999 0.000000 59.089279 13.250131 13.847565 12.909745 0.000000 1.042279 
43901.00 1355.03 100.138999 0.000000 59.088500 13.240424 13.855682 12.911269 0.000000 1.043124 
43801.00 1354.83 100.138999 0.000000 59.087714 13.230649 13.863846 12.912814 0.000000 1.043976 
43701.00 1354.63 100.138999 0.000000 59.086921 13.220804 13.872058 12.914381 0.000000 1.044835 
43601.00 1354.43 100.138999 0.000000 59.086122 13.210890 13.880318 12.915968 0.000000 1.045701 
43501.00 1354.23 100.138999 0.000000 59.085316 13.200906 13.888626 12.917577 0.000000 1.046575 
43401.00 1354.03 100.138999 0.000000 59.084503 13.190850 13.896983 12.919207 0.000000 1.047456 
43301.00 1353.83 100.138999 0.000000 59.083684 13.180723 13.905389 12.920859 0.000000 1.048344 
43201.00 1353.63 100.138999 0.000000 59.082857 13.170524 13.913845 12.922533 0.000000 1.049240 
43101.00 1353.43 100.138999 0.000000 59.082024 13.160251 13.922352 12.924230 0.000000 1.050143 
43001.00 1353.23 100.138999 0.000000 59.081183 13.149904 13.930909 12.925949 0.000000 1.051054 
42901.00 1353.03 100.138999 0.000000 59.080335 13.139483 13.939518 12.927690 0.000000 1.051973 
42801.00 1352.82 100.138999 0.000000 59.079480 13.128987 13.948178 12.929455 0.000000 1.052900 
42701.00 1352.62 100.138999 0.000000 59.078617 13.118415 13.956890 12.931243 0.000000 1.053835 
42601.00 1352.42 100.138999 0.000000 59.077746 13.107765 13.965656 12.933054 0.000000 1.054778 
42501.00 1352.22 100.138999 0.000000 59.076868 13.097039 13.974474 12.934889 0.000000 1.055729 
42401.00 1352.02 100.138999 0.000000 59.075982 13.086233 13.983347 12.936748 0.000000 1.056689 
42301.00 1351.82 100.138999 0.000000 59.075088 13.075349 13.992273 12.938631 0.000000 1.057657 
42201.00 1351.62 100.138999 0.000000 59.074186 13.064385 14.001255 12.940539 0.000000 1.058634 
42101.00 1351.42 100.138999 0.000000 59.073276 13.053340 14.010292 12.942471 0.000000 1.059620 
42001.00 1351.22 100.138999 0.000000 59.072357 13.042214 14.019385 12.944428 0.000000 1.060614 
41901.00 1351.01 100.138999 0.000000 59.071431 13.031005 14.028535 12.946411 0.000000 1.061618 
41801.00 1350.81 100.138999 0.000000 59.070495 13.019713 14.037742 12.948418 0.000000 1.062631 
41701.00 1350.61 100.138999 0.000000 59.069551 13.008337 14.047006 12.950452 0.000000 1.063653 
41601.00 1350.41 100.138999 0.000000 59.068598 12.996876 14.056329 12.952511 0.000000 1.064685 
41501.00 1350.21 100.138999 0.000000 59.067636 12.985329 14.065710 12.954597 0.000000 1.065726 
41401.00 1350.01 100.138999 0.000000 59.066665 12.973696 14.075151 12.956710 0.000000 1.066777 
41301.00 1349.81 100.138999 0.000000 59.065685 12.961975 14.084653 12.958849 0.000000 1.067838 
41201.00 1349.60 100.138999 0.000000 59.064696 12.950165 14.094215 12.961015 0.000000 1.068909 
41101.00 1349.40 100.138999 0.000000 59.063697 12.938266 14.103838 12.963209 0.000000 1.069990 
41001.00 1349.20 100.138999 0.000000 59.062688 12.926276 14.113523 12.965430 0.000000 1.071081 
40901.00 1349.00 100.138999 0.000000 59.061670 12.914195 14.123271 12.967679 0.000000 1.072183 
40801.00 1348.80 100.138999 0.000000 59.060642 12.902022 14.133083 12.969957 0.000000 1.073296 
40701.00 1348.60 100.138999 0.000000 59.059603 12.889755 14.142958 12.972263 0.000000 1.074419 
40601.00 1348.39 100.138999 0.000000 59.058555 12.877395 14.152898 12.974598 0.000000 1.075554 
40501.00 1348.19 100.138999 0.000000 59.057496 12.864938 14.162903 12.976962 0.000000 1.076699 
40401.00 1347.99 100.138999 0.000000 59.056426 12.852386 14.172975 12.979356 0.000000 1.077856 
40301.00 1347.79 100.138999 0.000000 59.055345 12.839736 14.183113 12.981780 0.000000 1.079025 
40201.00 1347.59 100.138999 0.000000 59.054254 12.826987 14.193319 12.984234 0.000000 1.080205 
40101.00 1347.38 100.138999 0.000000 59.053152 12.814139 14.203593 12.986718 0.000000 1.081397 
40001.00 1347.18 100.138999 0.000000 59.052038 12.801190 14.213937 12.989233 0.000000 1.082601 
39901.00 1346.98 100.138999 0.000000 59.050913 12.788139 14.224350 12.991780 0.000000 1.083818 
39801.00 1346.78 100.138999 0.000000 59.049776 12.774986 14.234833 12.994357 0.000000 1.085047 
39701.00 1346.57 100.138999 0.000000 59.048627 12.761728 14.245388 12.996967 0.000000 1.086288 
39601.00 1346.37 100.138999 0.000000 59.047466 12.748365 14.256015 12.999609 0.000000 1.087543 
39501.00 1346.17 100.138999 0.000000 59.046293 12.734896 14.266716 13.002284 0.000000 1.088811 
39401.00 1345.97 100.138999 0.000000 59.045108 12.721319 14.277490 13.004991 0.000000 1.090091 
39301.00 1345.77 100.138999 0.000000 59.043910 12.707633 14.288338 13.007732 0.000000 1.091386 
39201.00 1345.56 100.138999 0.000000 59.042699 12.693837 14.299263 13.010506 0.000000 1.092694 
39101.00 1345.36 100.138999 0.000000 59.041475 12.679930 14.310263 13.013315 0.000000 1.094016 
39001.00 1345.16 100.138999 0.000000 59.040238 12.665910 14.321341 13.016158 0.000000 1.095352 
38901.00 1344.96 100.138999 0.000000 59.038987 12.651776 14.332497 13.019036 0.000000 1.096703 
38801.00 1344.75 100.138999 0.000000 59.037723 12.637527 14.343732 13.021949 0.000000 1.098069 
38701.00 1344.55 100.138999 0.000000 59.036445 12.623161 14.355048 13.024897 0.000000 1.099449 
38601.00 1344.35 100.138999 0.000000 59.035152 12.608677 14.366444 13.027882 0.000000 1.100845 
38501.00 1344.14 100.138999 0.000000 59.033845 12.594074 14.377922 13.030903 0.000000 1.102256 
38401.00 1343.94 100.138999 0.000000 59.032523 12.579349 14.389483 13.033961 0.000000 1.103682 
38301.00 1343.74 100.138999 0.000000 59.031187 12.564503 14.401128 13.037056 0.000000 1.105125 
38201.00 1343.53 100.138999 0.000000 59.029835 12.549533 14.412858 13.040189 0.000000 1.106584 
38101.00 1343.33 100.138999 0.000000 59.028467 12.534438 14.424674 13.043361 0.000000 1.108059 
38001.00 1343.13 100.138999 0.000000 59.027084 12.519216 14.436577 13.046571 0.000000 1.109551 
37901.00 1342.93 100.138999 0.000000 59.025685 12.503865 14.448568 13.049820 0.000000 1.111061 
37801.00 1342.72 100.138999 0.000000 59.024270 12.488385 14.460649 13.053108 0.000000 1.112588 
37701.00 1342.52 100.138999 0.000000 59.022838 12.472773 14.472819 13.056437 0.000000 1.114132 
37601.00 1342.32 100.138999 0.000000 59.021389 12.457029 14.485082 13.059806 0.000000 1.115694 
37501.00 1342.11 100.138999 0.000000 59.019923 12.441149 14.497436 13.063215 0.000000 1.117275 
37401.00 1341.91 100.138999 0.000000 59.018439 12.425133 14.509885 13.066667 0.000000 1.118874 
37301.00 1341.70 100.138999 0.000000 59.016938 12.408979 14.522428 13.070160 0.000000 1.120493 
37201.00 1341.50 100.138999 0.000000 59.015419 12.392686 14.535068 13.073696 0.000000 1.122131 
37101.00 1341.30 100.138999 0.000000 59.013881 12.376250 14.547805 13.077275 0.000000 1.123788 
37001.00 1341.09 100.138999 0.000000 59.012324 12.359671 14.560641 13.080897 0.000000 1.125465 
36901.00 1340.89 100.138999 0.000000 59.010748 12.342947 14.573577 13.084563 0.000000 1.127163 
36801.00 1340.68 100.138999 0.000000 59.009153 12.326076 14.586614 13.088274 0.000000 1.128882 
36701.00 1340.48 100.138999 0.000000 59.007538 12.309056 14.599754 13.092030 0.000000 1.130621 
36601.00 1340.28 100.138999 0.000000 59.005902 12.291885 14.612997 13.095832 0.000000 1.132383 
36501.00 1340.07 100.138999 0.000000 59.004247 12.274560 14.626346 13.099680 0.000000 1.134166 
36401.00 1339.87 100.138999 0.000000 59.002570 12.257081 14.639802 13.103575 0.000000 1.135971 
36301.00 1339.66 100.138999 0.000000 59.000871 12.239445 14.653366 13.107517 0.000000 1.137799 
36201.00 1339.46 100.138999 0.000000 58.999151 12.221650 14.667040 13.111507 0.000000 1.139651 
36101.00 1339.25 100.138999 0.000000 58.997409 12.203693 14.680825 13.115546 0.000000 1.141526 
36001.00 1339.05 100.138999 0.000000 58.995645 12.185574 14.694722 13.119634 0.000000 1.143425 
35901.00 1338.84 100.138999 0.000000 58.993857 12.167288 14.708734 13.123772 0.000000 1.145348 
35801.00 1338.64 100.138999 0.000000 58.992046 12.148835 14.722862 13.127960 0.000000 1.147296 
35701.00 1338.44 100.138999 0.000000 58.990210 12.130212 14.737107 13.132200 0.000000 1.149270 
35601.00 1338.23 100.138999 0.000000 58.988351 12.111416 14.751471 13.136491 0.000000 1.151270 
35501.00 1338.02 100.138999 0.000000 58.986467 12.092445 14.765957 13.140835 0.000000 1.153296 
35401.00 1337.82 100.138999 0.000000 58.984557 12.073297 14.780564 13.145232 0.000000 1.155349 
35301.00 1337.61 100.138999 0.000000 58.982622 12.053969 14.795296 13.149682 0.000000 1.157430 
35201.00 1337.41 100.138999 0.000000 58.980660 12.034460 14.810154 13.154188 0.000000 1.159538 
35101.00 1337.20 100.138999 0.000000 58.978671 12.014765 14.825140 13.158748 0.000000 1.161675 
35001.00 1337.00 100.138999 0.000000 58.976655 11.994882 14.840255 13.163365 0.000000 1.163841 
34901.00 1336.79 100.138999 0.000000 58.974611 11.974810 14.855502 13.168039 0.000000 1.166037 
34801.00 1336.59 100.138999 0.000000 58.972539 11.954545 14.870883 13.172770 0.000000 1.168263 
34701.00 1336.38 100.138999 0.000000 58.970437 11.934084 14.886399 13.177559 0.000000 1.170520 
34601.00 1336.17 100.138999 0.000000 58.968306 11.913424 14.902053 13.182407 0.000000 1.172808 
34501.00 1335.97 100.138999 0.000000 58.966145 11.892564 14.917846 13.187316 0.000000 1.175129 
34401.00 1335.76 100.138999 0.000000 58.963953 11.871498 14.933781 13.192285 0.000000 1.177482 
34301.00 1335.56 100.138999 0.000000 58.961730 11.850226 14.949860 13.197315 0.000000 1.179868 
34201.00 1335.35 100.138999 0.000000 58.959474 11.828743 14.966085 13.202408 0.000000 1.182289 
34101.00 1335.14 100.138999 0.000000 58.957186 11.807046 14.982458 13.207565 0.000000 1.184744 
34001.00 1334.94 100.138999 0.000000 58.954864 11.785133 14.998982 13.212785 0.000000 1.187234 
33901.00 1334.73 100.138999 0.000000 58.952508 11.762999 15.015659 13.218071 0.000000 1.189761 
33801.00 1334.52 100.138999 0.000000 58.950117 11.740643 15.032491 13.223423 0.000000 1.192325 
33701.00 1334.31 100.138999 0.000000 58.947691 11.718059 15.049481 13.228841 0.000000 1.194926 
33601.00 1334.11 100.138999 0.000000 58.945229 11.695245 15.066631 13.234328 0.000000 1.197566 
33501.00 1333.90 100.138999 0.000000 58.942729 11.672197 15.083944 13.239883 0.000000 1.200246 
33401.00 1333.69 100.138999 0.000000 58.940192 11.648911 15.101423 13.245509 0.000000 1.202965 
33301.00 1333.48 100.138999 0.000000 58.937616 11.625384 15.119069 13.251205 0.000000 1.205725 
33201.00 1333.28 100.138999 0.000000 58.935000 11.601612 15.136886 13.256973 0.000000 1.208527 
33101.00 1333.07 100.138999 0.000000 58.932345 11.577591 15.154877 13.262814 0.000000 1.211372 
33001.00 1332.86 100.138999 0.000000 58.929648 11.553317 15.173045 13.268729 0.000000 1.214260 
32901.00 1332.65 100.138999 0.000000 58.926909 11.528787 15.191391 13.274720 0.000000 1.217193 
32801.00 1332.44 100.138999 0.000000 58.924127 11.503995 15.209920 13.280786 0.000000 1.220171 
32701.00 1332.24 100.138999 0.000000 58.921302 11.478937 15.228634 13.286931 0.000000 1.223195 
32601.00 1332.03 100.138999 0.000000 58.918431 11.453610 15.247537 13.293153 0.000000 1.226267 
32501.00 1331.82 100.138999 0.000000 58.915515 11.428009 15.266631 13.299456 0.000000 1.229388 
32401.00 1331.61 100.138999 0.000000 58.912552 11.402130 15.285920 13.305840 0.000000 1.232558 
32301.00 1331.40 100.138999 0.000000 58.909541 11.375967 15.305407 13.312306 0.000000 1.235779 
32201.00 1331.19 100.138999 0.000000 58.906481 11.349515 15.325096 13.318855 0.000000 1.239051 
32101.00 1330.98 100.138999 0.000000 58.903371 11.322772 15.344990 13.325490 0.000000 1.242376 
32001.00 1330.77 100.138999 0.000000 58.900211 11.295730 15.365093 13.332210 0.000000 1.245755 
31901.00 1330.56 100.138999 0.000000 58.896998 11.268385 15.385408 13.339018 0.000000 1.249189 
31801.00 1330.35 100.138999 0.000000 58.893732 11.240733 15.405939 13.345916 0.000000 1.252680 
31701.00 1330.14 100.138999 0.000000 58.890411 11.212767 15.426690 13.352903 0.000000 1.256229 
31601.00 1329.93 100.138999 0.000000 58.887034 11.184482 15.447664 13.359983 0.000000 1.259836 
31501.00 1329.72 100.138999 0.000000 58.883600 11.155873 15.468867 13.367155 0.000000 1.263504 
31401.00 1329.51 100.138999 0.000000 58.880108 11.126934 15.490301 13.374423 0.000000 1.267233 
31301.00 1329.30 100.138999 0.000000 58.876557 11.097659 15.511971 13.381787 0.000000 1.271025 
31201.00 1329.09 100.138999 0.000000 58.872944 11.068042 15.533882 13.389249 0.000000 1.274882 
31101.00 1328.88 100.138999 0.000000 58.869269 11.038078 15.556037 13.396811 0.000000 1.278805 
31001.00 1328.67 100.138999 0.000000 58.865530 11.007759 15.578442 13.404474 0.000000 1.282795 
30901.00 1328.46 100.138999 0.000000 58.861725 10.977080 15.601100 13.412239 0.000000 1.286854 
30801.00 1328.24 100.138999 0.000000 58.857854 10.946034 15.624017 13.420110 0.000000 1.290984 
30701.00 1328.03 100.138999 0.000000 58.853915 10.914614 15.647197 13.428087 0.000000 1.295186 
30601.00 1327.82 100.138999 0.000000 58.849905 10.882813 15.670646 13.436173 0.000000 1.299462 
30501.00 1327.61 100.138999 0.000000 58.845824 10.850625 15.694368 13.444369 0.000000 1.303814 
30401.00 1327.40 100.138999 0.000000 58.841669 10.818042 15.718369 13.452676 0.000000 1.308242 
30301.00 1327.18 100.138999 0.000000 58.837440 10.785057 15.742654 13.461098 0.000000 1.312750 
30201.00 1326.97 100.138999 0.000000 58.833133 10.751662 15.767228 13.469636 0.000000 1.317340 
30101.00 1326.76 100.138999 0.000000 58.828748 10.717850 15.792097 13.478292 0.000000 1.322012 
30001.00 1326.54 100.138999 0.000000 58.824283 10.683612 15.817267 13.487069 0.000000 1.326768 
29901.00 1326.33 100.138999 0.000000 58.819735 10.648941 15.842743 13.495968 0.000000 1.331612 
29801.00 1326.12 100.138999 0.000000 58.815102 10.613828 15.868532 13.504991 0.000000 1.336545 
29701.00 1325.90 100.138999 0.000000 58.810383 10.578265 15.894640 13.514141 0.000000 1.341569 
29601.00 1325.69 100.138999 0.000000 58.805576 10.542243 15.921073 13.523421 0.000000 1.346686 
29501.00 1325.47 100.138999 0.000000 58.800678 10.505752 15.947838 13.532832 0.000000 1.351899 
29401.00 1325.26 100.138999 0.000000 58.795687 10.468784 15.974941 13.542377 0.000000 1.357210 
29301.00 1325.04 100.138999 0.000000 58.790602 10.431330 16.002389 13.552058 0.000000 1.362621 
29201.00 1324.83 100.138999 0.000000 58.785418 10.393379 16.030189 13.561879 0.000000 1.368134 
29101.00 1324.61 100.138999 0.000000 58.780135 10.354922 16.058349 13.571841 0.000000 1.373752 
29001.00 1324.40 100.138999 0.000000 58.774750 10.315948 16.086875 13.581947 0.000000 1.379479 
28901.00 1324.18 100.138999 0.000000 58.769260 10.276448 16.115775 13.592201 0.000000 1.385315 
28801.00 1323.96 100.138999 0.000000 58.763663 10.236410 16.145057 13.602605 0.000000 1.391265 
28701.00 1323.75 100.138999 0.000000 58.757956 10.195824 16.174729 13.613161 0.000000 1.397330 
28601.00 1323.53 100.138999 0.000000 58.752136 10.154677 16.204798 13.623874 0.000000 1.403514 
28501.00 1323.31 100.138999 0.000000 58.746200 10.112960 16.235274 13.634745 0.000000 1.409820 
28401.00 1323.09 100.138999 0.000000 58.740146 10.070659 16.266165 13.645778 0.000000 1.416250 
28301.00 1322.88 100.138999 0.000000 58.733971 10.027763 16.297480 13.656977 0.000000 1.422808 
28201.00 1322.66 100.138999 0.000000 58.727671 9.984260 16.329227 13.668344 0.000000 1.429497 
28101.00 1322.44 100.138999 0.000000 58.721244 9.940135 16.361416 13.679884 0.000000 1.436320 
28001.00 1322.22 100.138999 0.000000 58.714686 9.895377 16.394057 13.691598 0.000000 1.443281 
27901.00 1322.00 100.138999 0.000000 58.707994 9.849972 16.427159 13.703492 0.000000 1.450382 
27801.00 1321.78 100.138999 0.000000 58.701165 9.803905 16.460732 13.715569 0.000000 1.457628 
27701.00 1321.56 100.138999 0.000000 58.694195 9.757163 16.494786 13.727832 0.000000 1.465023 
27601.00 1321.34 100.138999 0.000000 58.687080 9.709731 16.529333 13.740286 0.000000 1.472569 
27501.00 1321.12 100.138999 0.000000 58.679816 9.661594 16.564383 13.752934 0.000000 1.480272 
27401.00 1320.90 100.138999 0.000000 58.672401 9.612736 16.599947 13.765781 0.000000 1.488134 
27301.00 1320.68 100.138999 0.000000 58.664830 9.563142 16.636036 13.778831 0.000000 1.496160 
27201.00 1320.46 100.138999 0.000000 58.657099 9.512796 16.672663 13.792087 0.000000 1.504355 
27101.00 1320.23 100.138999 0.000000 58.649203 9.461679 16.709839 13.805556 0.000000 1.512722 
27001.00 1320.01 100.138999 0.000000 58.641139 9.409777 16.747577 13.819241 0.000000 1.521266 
26901.00 1319.79 100.138999 0.000000 58.632902 9.357069 16.785889 13.833146 0.000000 1.529992 
26801.00 1319.57 100.138999 0.000000 58.624488 9.303539 16.824789 13.847278 0.000000 1.538904 
26701.00 1319.34 100.138999 0.000000 58.615892 9.249168 16.864291 13.861641 0.000000 1.548008 
26601.00 1319.12 100.138999 0.000000 58.607108 9.193936 16.904407 13.876239 0.000000 1.557308 
26501.00 1318.89 100.138999 0.000000 58.598133 9.137824 16.945153 13.891079 0.000000 1.566809 
26401.00 1318.67 100.138999 0.000000 58.588961 9.080810 16.986543 13.906167 0.000000 1.576517 
26301.00 1318.44 100.138999 0.000000 58.579587 9.022875 17.028593 13.921506 0.000000 1.586438 
26201.00 1318.22 100.138999 0.000000 58.570005 8.963996 17.071317 13.937104 0.000000 1.596577 
26101.00 1317.99 100.138999 0.000000 58.560210 8.904151 17.114732 13.952967 0.000000 1.606939 
26001.00 1317.76 100.138999 0.000000 58.550196 8.843317 17.158854 13.969100 0.000000 1.617531 
25901.00 1317.54 100.138999 0.000000 58.539958 8.781471 17.203701 13.985510 0.000000 1.628360 
25801.00 1317.31 100.138999 0.000000 58.529488 8.718588 17.249289 14.002204 0.000000 1.639431 
25701.00 1317.08 100.138999 0.000000 58.518780 8.654643 17.295637 14.019188 0.000000 1.650751 
25601.00 1316.85 100.138999 0.000000 58.507829 8.589610 17.342764 14.036470 0.000000 1.662327 
25501.00 1316.62 100.138999 0.000000 58.496627 8.523463 17.390688 14.054056 0.000000 1.674166 
25401.00 1316.39 100.138999 0.000000 58.485168 8.456173 17.439429 14.071954 0.000000 1.686275 
25301.00 1316.16 100.138999 0.000000 58.473443 8.387713 17.489008 14.090173 0.000000 1.698662 
25201.00 1315.93 100.138999 0.000000 58.461447 8.318052 17.539446 14.108719 0.000000 1.711335 
25101.00 1315.70 100.138999 0.000000 58.449171 8.247162 17.590764 14.127602 0.000000 1.724301 
25001.00 1315.47 100.138999 0.000000 58.436606 8.175010 17.642984 14.146830 0.000000 1.737569 
24901.00 1315.23 100.138999 0.000000 58.423746 8.101564 17.696131 14.166411 0.000000 1.751148 
24801.00 1315.00 100.138999 0.000000 58.410581 8.026790 17.750227 14.186355 0.000000 1.765046 
24701.00 1314.76 100.138999 0.000000 58.397103 7.950655 17.805298 14.206671 0.000000 1.779272 
24601.00 1314.53 100.138999 0.000000 58.383302 7.873123 17.861369 14.227369 0.000000 1.793837 
24501.00 1314.29 100.138999 0.000000 58.369170 7.794155 17.918465 14.248460 0.000000 1.808749 
24401.00 1314.06 100.138999 0.000000 58.354695 7.713715 17.976616 14.269953 0.000000 1.824020 
24301.00 1313.82 100.138999 0.000000 58.339869 7.631763 18.035848 14.291860 0.000000 1.839659 
24201.00 1313.58 100.138999 0.000000 58.324681 7.548257 18.096191 14.314192 0.000000 1.855677 
24101.00 1313.35 100.138999 0.000000 58.309120 7.463156 18.157675 14.336961 0.000000 1.872087 
24001.00 1313.11 100.138999 0.000000 58.293174 7.376415 18.220332 14.360179 0.000000 1.888899 
23901.00 1312.87 100.138999 0.000000 58.276833 7.287988 18.284194 14.383858 0.000000 1.906127 
23801.00 1312.63 100.138999 0.000000 58.260083 7.197829 18.349294 14.408012 0.000000 1.923782 
23701.00 1312.38 100.138999 0.000000 58.242912 7.105887 18.415668 14.432655 0.000000 1.941877 
23601.00 1312.14 100.138999 0.000000 58.225307 7.012113 18.483351 14.457800 0.000000 1.960427 
23501.00 1311.90 100.138999 0.000000 58.207255 6.916454 18.552381 14.483463 0.000000 1.979446 
23401.00 1311.65 100.138999 0.000000 58.188741 6.818854 18.622797 14.509659 0.000000 1.998948 
23301.00 1311.41 100.138999 0.000000 58.169751 6.719256 18.694640 14.536403 0.000000 2.018949 
23201.00 1311.16 100.138999 0.000000 58.150268 6.617602 18.767951 14.563713 0.000000 2.039465 
23101.00 1310.92 100.138999 0.000000 58.130278 6.513828 18.842775 14.591605 0.000000 2.060512 
23001.00 1310.67 100.138999 0.000000 58.109764 6.407872 18.919156 14.620099 0.000000 2.082108 
22901.00 1310.42 100.138999 0.000000 58.088708 6.299666 18.997142 14.649212 0.000000 2.104271 
22801.00 1310.17 100.138999 0.000000 58.067093 6.189141 19.076781 14.678964 0.000000 2.127020 
22701.00 1309.92 100.138999 0.000000 58.044898 6.076224 19.158126 14.709376 0.000000 2.150374 
22601.00 1309.67 100.138999 0.000000 58.022106 5.960840 19.241230 14.740470 0.000000 2.174353 
22501.00 1309.42 100.138999 0.000000 57.998695 5.842910 19.326147 14.772267 0.000000 2.198980 
22401.00 1309.16 100.138999 0.000000 57.974645 5.722351 19.412936 14.804791 0.000000 2.224276 
22301.00 1308.91 100.138999 0.000000 57.949932 5.599079 19.501657 14.838066 0.000000 2.250265 
22201.00 1308.65 100.138999 0.000000 57.924533 5.473004 19.592373 14.872118 0.000000 2.276971 
22101.00 1308.39 100.138999 0.000000 57.898424 5.344032 19.685150 14.906974 0.000000 2.304419 
22001.00 1308.13 100.138999 0.000000 57.871581 5.212065 19.780056 14.942662 0.000000 2.332636 
21901.00 1307.87 100.138999 0.000000 57.843974 5.077003 19.877162 14.979210 0.000000 2.361650 
21801.00 1307.61 100.138999 0.000000 57.815578 4.938737 19.976544 15.016650 0.000000 2.391489 
21701.00 1307.35 100.138999 0.000000 57.786363 4.797157 20.078280 15.055014 0.000000 2.422185 
21601.00 1307.08 100.138999 0.000000 57.756298 4.652145 20.182451 15.094335 0.000000 2.453769 
21501.00 1306.81 100.138999 0.000000 57.725352 4.503580 20.289143 15.134650 0.000000 2.486274 
21401.00 1306.55 100.138999 0.000000 57.693490 4.351333 20.398446 15.175994 0.000000 2.519736 
21301.00 1306.28 100.138999 0.000000 57.660677 4.195271 20.510452 15.218408 0.000000 2.554192 
21201.00 1306.01 100.138999 0.000000 57.626877 4.035252 20.625260 15.261932 0.000000 2.589678 
21101.00 1305.73 100.138999 0.000000 57.592051 3.871129 20.742972 15.306610 0.000000 2.626237 
21001.00 1305.46 100.138999 0.000000 57.556157 3.702747 20.863697 15.352486 0.000000 2.663911 
20901.00 1305.18 100.138999 0.000000 57.519154 3.529945 20.987548 15.399609 0.000000 2.702744 
20801.00 1304.90 100.138999 0.000000 57.480997 3.352551 21.114641 15.448029 0.000000 2.742782 
20701.00 1304.62 100.138999 0.000000 57.441637 3.170386 21.245103 15.497798 0.000000 2.784075 
20601.00 1304.34 100.138999 0.000000 57.401027 2.983262 21.379062 15.548973 0.000000 2.826675 
20501.00 1304.05 100.138999 0.000000 57.359113 2.790981 21.516657 15.601612 0.000000 2.870636 
20401.00 1303.77 100.138999 0.000000 57.315840 2.593336 21.658030 15.655778 0.000000 2.916015 
20301.00 1303.48 100.138999 0.000000 57.271152 2.390107 21.803332 15.711535 0.000000 2.962873 
20201.00 1303.19 100.138999 0.000000 57.224986 2.181064 21.952723 15.768954 0.000000 3.011272 
20101.00 1302.89 100.138999 0.000000 57.177280 1.965965 22.106369 15.828106 0.000000 3.061279 
20001.00 1302.59 100.138999 0.000000 57.127965 1.744553 22.264446 15.889069 0.000000 3.112965 
19901.00 1302.29 100.138999 0.000000 57.076970 1.516561 22.427138 15.951925 0.000000 3.166404 
19801.00 1301.99 100.138999 0.000000 57.024221 1.281705 22.594640 16.016759 0.000000 3.221674 
19701.00 1301.69 100.138999 0.000000 56.969639 1.039685 22.767155 16.083663 0.000000 3.278857 
19601.00 1301.38 100.138999 0.000000 56.913140 0.790188 22.944899 16.152733 0.000000 3.338039 
19501.00 1301.07 100.138999 0.000000 56.854636 0.532880 23.128098 16.224071 0.000000 3.399313 
19401.00 1300.75 100.138999 0.000000 56.794035 0.267412 23.316992 16.297785 0.000000 3.462775 
19301.00 1300.43 100.138999 0.000000 56.732754 0.000000 23.507041 16.372271 0.000000 3.526935 
19201.00 1300.25 100.138999 0.000000 56.732821 0.000000 23.502485 16.377109 0.000000 3.526585 
19101.00 1300.06 100.138999 0.000000 56.732889 0.000000 23.497899 16.381978 0.000000 3.526234 
19001.00 1299.87 100.138999 0.000000 56.732958 0.000000 23.493281 16.386878 0.000000 3.525881 
18901.00 1299.69 100.138999 0.000000 56.733028 0.000000 23.488632 16.391811 0.000000 3.525527 
18801.00 1299.50 100.138999 0.000000 56.733099 0.000000 23.483952 16.396776 0.000000 3.525172 
18701.00 1299.31 100.138999 0.000000 56.733171 0.000000 23.479239 16.401774 0.000000 3.524816 
18601.00 1299.12 100.138999 0.000000 56.733244 0.000000 23.474493 16.406805 0.000000 3.524458 
18501.00 1298.94 100.138999 0.000000 56.733317 0.000000 23.469714 16.411869 0.000000 3.524099 
18401.00 1298.75 100.138999 0.000000 56.733392 0.000000 23.464901 16.416968 0.000000 3.523738 
18301.00 1298.56 100.138999 0.000000 56.733467 0.000000 23.460054 16.422102 0.000000 3.523376 
18201.00 1298.38 100.138999 0.000000 56.733543 0.000000 23.455172 16.427271 0.000000 3.523013 
18101.00 1298.19 100.138999 0.000000 56.733621 0.000000 23.450255 16.432475 0.000000 3.522648 
18001.00 1298.00 100.138999 0.000000 56.733699 0.000000 23.445303 16.437716 0.000000 3.522282 
17901.00 1297.82 100.138999 0.000000 56.733777 0.000000 23.440314 16.442993 0.000000 3.521915 
17801.00 1297.63 100.138999 0.000000 56.733857 0.000000 23.435289 16.448307 0.000000 3.521546 
17701.00 1297.44 100.138999 0.000000 56.733938 0.000000 23.430226 16.453659 0.000000 3.521176 
17601.00 1297.25 100.138999 0.000000 56.734019 0.000000 23.425126 16.459050 0.000000 3.520804 
17501.00 1297.07 100.138999 0.000000 56.734102 0.000000 23.419988 16.464479 0.000000 3.520431 
17401.00 1296.88 100.138999 0.000000 56.734185 0.000000 23.414810 16.469947 0.000000 3.520057 
17301.00 1296.69 100.138999 0.000000 56.734269 0.000000 23.409593 16.475456 0.000000 3.519681 
17201.00 1296.51 100.138999 0.000000 56.734354 0.000000 23.404336 16.481005 0.000000 3.519304 
17101.00 1296.32 100.138999 0.000000 56.734440 0.000000 23.399039 16.486595 0.000000 3.518926 
17001.00 1296.13 100.138999 0.000000 56.734526 0.000000 23.393700 16.492227 0.000000 3.518546 
16901.00 1295.94 100.138999 0.000000 56.734614 0.000000 23.388319 16.497902 0.000000 3.518165 
16801.00 1295.76 100.138999 0.000000 56.734702 0.000000 23.382896 16.503619 0.000000 3.517782 
16701.00 1295.57 100.138999 0.000000 56.734791 0.000000 23.377429 16.509380 0.000000 3.517398 
16601.00 1295.38 100.138999 0.000000 56.734881 0.000000 23.371919 16.515186 0.000000 3.517013 
16501.00 1295.20 100.138999 0.000000 56.734972 0.000000 23.366364 16.521037 0.000000 3.516626 
16401.00 1295.01 100.138999 0.000000 56.735064 0.000000 23.360765 16.526933 0.000000 3.516238 
16301.00 1294.82 100.138999 0.000000 56.735157 0.000000 23.355119 16.532876 0.000000 3.515848 
16201.00 1294.64 100.138999 0.000000 56.735250 0.000000 23.349426 16.538866 0.000000 3.515457 
16101.00 1294.45 100.138999 0.000000 56.735344 0.000000 23.343687 16.544903 0.000000 3.515065 
16001.00 1294.26 100.138999 0.000000 56.735439 0.000000 23.337899 16.550990 0.000000 3.514671 
15901.00 1294.07 100.138999 0.000000 56.735535 0.000000 23.332062 16.557126 0.000000 3.514276 
15801.00 1293.89 100.138999 0.000000 56.735632 0.000000 23.326176 16.563312 0.000000 3.513879 
15701.00 1293.70 100.138999 0.000000 56.735730 0.000000 23.320239 16.569549 0.000000 3.513481 
15601.00 1293.51 100.138999 0.000000 56.735828 0.000000 23.314251 16.575838 0.000000 3.513082 
15501.00 1293.32 100.138999 0.000000 56.735927 0.000000 23.308211 16.582180 0.000000 3.512681 
15401.00 1293.14 100.138999 0.000000 56.736027 0.000000 23.302118 16.588576 0.000000 3.512278 
15301.00 1292.95 100.138999 0.000000 56.736128 0.000000 23.295971 16.595025 0.000000 3.511875 
15201.00 1292.76 100.138999 0.000000 56.736230 0.000000 23.289769 16.601531 0.000000 3.511470 
15101.00 1292.58 100.138999 0.000000 56.736332 0.000000 23.283512 16.608092 0.000000 3.511063 
15001.00 1292.39 100.138999 0.000000 56.736435 0.000000 23.277198 16.614711 0.000000 3.510655 
14901.00 1292.20 100.138999 0.000000 56.736539 0.000000 23.270826 16.621388 0.000000 3.510246 
14801.00 1292.01 100.138999 0.000000 56.736644 0.000000 23.264396 16.628124 0.000000 3.509835 
14701.00 1291.83 100.138999 0.000000 56.736750 0.000000 23.257906 16.634920 0.000000 3.509423 
14601.00 1291.64 100.138999 0.000000 56.736856 0.000000 23.251356 16.641778 0.000000 3.509009 
14501.00 1291.45 100.138999 0.000000 56.736963 0.000000 23.244744 16.648698 0.000000 3.508594 
14401.00 1291.26 100.138999 0.000000 56.737071 0.000000 23.238070 16.655681 0.000000 3.508177 
14301.00 1291.08 100.138999 0.000000 56.737180 0.000000 23.231331 16.662729 0.000000 3.507759 
14201.00 1290.89 100.138999 0.000000 56.737289 0.000000 23.224528 16.669843 0.000000 3.507339 
14101.00 1290.70 100.138999 0.000000 56.737399 0.000000 23.217658 16.677023 0.000000 3.506918 
14001.00 1290.51 100.138999 0.000000 56.737510 0.000000 23.210722 16.684271 0.000000 3.506496 
13901.00 1290.33 100.138999 0.000000 56.737622 0.000000 23.203716 16.691589 0.000000 3.506072 
13801.00 1290.14 100.138999 0.000000 56.737734 0.000000 23.196641 16.698977 0.000000 3.505647 
13701.00 1289.95 100.138999 0.000000 56.737848 0.000000 23.189495 16.706437 0.000000 3.505220 
13601.00 1289.76 100.138999 0.000000 56.737961 0.000000 23.182277 16.713970 0.000000 3.504791 
13501.00 1289.58 100.138999 0.000000 56.738076 0.000000 23.174984 16.721577 0.000000 3.504362 
13401.00 1289.39 100.138999 0.000000 56.738191 0.000000 23.167617 16.729260 0.000000 3.503930 
13301.00 1289.16 100.138999 0.011603 56.734183 0.000000 23.172543 16.716594 0.000000 3.504076 
13201.00 1288.82 100.138999 0.049247 56.721509 0.000000 23.204105 16.658705 0.000000 3.505433 
13101.00 1288.49 100.138999 0.087494 56.709540 0.000000 23.234599 16.600682 0.000000 3.506684 
13001.00 1288.15 100.138999 0.126366 56.698291 0.000000 23.264005 16.542511 0.000000 3.507825 
12901.00 1287.81 100.138999 0.165888 56.687778 0.000000 23.292301 16.484178 0.000000 3.508854 
12801.00 1287.47 100.138999 0.206084 56.678019 0.000000 23.319464 16.425667 0.000000 3.509766 
12701.00 1287.13 100.138999 0.246981 56.669030 0.000000 23.345471 16.366960 0.000000 3.510558 
12601.00 1286.79 100.138999 0.288605 56.660831 0.000000 23.370296 16.308041 0.000000 3.511225 
12501.00 1286.44 100.138999 0.330987 56.653440 0.000000 23.393916 16.248892 0.000000 3.511765 
12401.00 1286.09 100.138999 0.374156 56.646878 0.000000 23.416302 16.189491 0.000000 3.512172 
12301.00 1285.74 100.138999 0.418144 56.641166 0.000000 23.437427 16.129820 0.000000 3.512443 
12201.00 1285.39 100.138999 0.462985 56.636325 0.000000 23.457261 16.069856 0.000000 3.512571 
12101.00 1285.04 100.138999 0.508714 56.632380 0.000000 23.475775 16.009576 0.000000 3.512554 
12001.00 1284.68 100.138999 0.555367 56.629354 0.000000 23.492937 15.948957 0.000000 3.512384 
11901.00 1284.32 100.138999 0.602985 56.627272 0.000000 23.508713 15.887971 0.000000 3.512058 
11801.00 1283.96 100.138999 0.651608 56.626162 0.000000 23.523068 15.826594 0.000000 3.511568 
11701.00 1283.59 100.138999 0.701278 56.626051 0.000000 23.535966 15.764795 0.000000 3.510909 
11601.00 1283.23 100.138999 0.752043 56.626968 0.000000 23.547368 15.702544 0.000000 3.510075 
11501.00 1282.86 100.138999 0.803948 56.628945 0.000000 23.557235 15.639811 0.000000 3.509060 
11401.00 1282.48 100.138999 0.857046 56.632014 0.000000 23.565523 15.576561 0.000000 3.507855 
11301.00 1282.11 100.138999 0.911389 56.636210 0.000000 23.572188 15.512758 0.000000 3.506454 
11201.00 1281.73 100.138999 0.967033 56.641568 0.000000 23.577185 15.448365 0.000000 3.504848 
11101.00 1281.34 100.138999 1.024037 56.648127 0.000000 23.580462 15.383343 0.000000 3.503031 
11001.00 1280.96 100.116124 1.059273 56.655680 0.000000 23.582313 15.317824 0.000000 3.501034 
10901.00 1280.57 100.057425 1.059343 56.663872 0.000000 23.583239 15.252053 0.000000 3.498919 
10801.00 1280.18 99.998063 1.059429 56.672714 0.000000 23.583224 15.186014 0.000000 3.496682 
10701.00 1279.78 99.938015 1.059531 56.682222 0.000000 23.582252 15.119690 0.000000 3.494319 
10601.00 1279.39 99.877256 1.059652 56.692408 0.000000 23.580307 15.053062 0.000000 3.491828 
10501.00 1278.99 99.815762 1.059791 56.703287 0.000000 23.577370 14.986111 0.000000 3.489203 
10401.00 1278.60 99.753506 1.059949 56.714874 0.000000 23.573422 14.918818 0.000000 3.486443 
10301.00 1278.20 99.690462 1.060128 56.727187 0.000000 23.568445 14.851161 0.000000 3.483542 
10201.00 1277.79 99.626600 1.060329 56.740241 0.000000 23.562416 14.783118 0.000000 3.480496 
10101.00 1277.39 99.561889 1.060553 56.754055 0.000000 23.555315 14.714665 0.000000 3.477301 
10001.00 1276.98 99.496299 1.060802 56.768648 0.000000 23.547118 14.645780 0.000000 3.473952 
9901.00 1276.57 99.429795 1.061076 56.784040 0.000000 23.537801 14.576435 0.000000 3.470444 
9801.00 1276.16 99.362342 1.061378 56.800251 0.000000 23.527338 14.506603 0.000000 3.466772 
9701.00 1275.75 99.293903 1.061709 56.817305 0.000000 23.515701 14.436258 0.000000 3.462931 
9601.00 1275.33 99.224439 1.062070 56.835224 0.000000 23.502863 14.365367 0.000000 3.458914 
9501.00 1274.91 99.153908 1.062464 56.854034 0.000000 23.488792 14.293901 0.000000 3.454716 
9401.00 1274.48 99.082267 1.062892 56.873761 0.000000 23.473457 14.221826 0.000000 3.450331 
9301.00 1274.06 99.009470 1.063356 56.894433 0.000000 23.456823 14.149107 0.000000 3.445751 
9201.00 1273.63 98.935468 1.063860 56.916080 0.000000 23.438853 14.075707 0.000000 3.440969 
9101.00 1273.19 98.860211 1.064404 56.938732 0.000000 23.419509 14.001587 0.000000 3.435979 
9001.00 1272.76 98.783643 1.064992 56.962424 0.000000 23.398751 13.926706 0.000000 3.430771 
8901.00 1272.31 98.705709 1.065626 56.987191 0.000000 23.376533 13.851022 0.000000 3.425338 
8801.00 1271.87 98.626347 1.066309 57.013070 0.000000 23.352810 13.774488 0.000000 3.419670 
8701.00 1271.42 98.545493 1.067044 57.040102 0.000000 23.327532 13.697056 0.000000 3.413759 
8601.00 1270.97 98.463079 1.067836 57.068329 0.000000 23.300646 13.618675 0.000000 3.407593 
8501.00 1270.51 98.379034 1.068686 57.097798 0.000000 23.272096 13.539291 0.000000 3.401163 
8401.00 1270.04 98.293281 1.069600 57.128556 0.000000 23.241820 13.458848 0.000000 3.394457 
8301.00 1269.57 98.205739 1.070580 57.160656 0.000000 23.209756 13.377283 0.000000 3.387463 
8201.00 1269.10 98.116321 1.071633 57.194153 0.000000 23.175833 13.294535 0.000000 3.380168 
8101.00 1268.62 98.024938 1.072762 57.229106 0.000000 23.139978 13.210534 0.000000 3.372558 
8001.00 1268.13 97.931491 1.073973 57.265579 0.000000 23.102110 13.125209 0.000000 3.364619 
7901.00 1267.64 97.835877 1.075270 57.303640 0.000000 23.062147 13.038484 0.000000 3.356336 
7801.00 1267.14 97.737987 1.076662 57.343362 0.000000 23.019995 12.950277 0.000000 3.347692 
7701.00 1266.64 97.637702 1.078152 57.384822 0.000000 22.975557 12.860503 0.000000 3.338668 
7601.00 1266.12 97.534899 1.079750 57.428104 0.000000 22.928728 12.769070 0.000000 3.329247 
7501.00 1265.60 97.429443 1.081462 57.473299 0.000000 22.879394 12.675880 0.000000 3.319408 
7401.00 1265.07 97.321194 1.083296 57.520503 0.000000 22.827434 12.580832 0.000000 3.309130 
7301.00 1264.54 97.209998 1.085261 57.569820 0.000000 22.772715 12.483814 0.000000 3.298389 
7201.00 1263.99 97.095693 1.087367 57.621362 0.000000 22.715096 12.384709 0.000000 3.287160 
7101.00 1263.43 96.978107 1.089625 57.675250 0.000000 22.654423 12.283392 0.000000 3.275417 
7001.00 1262.87 96.857053 1.092044 57.731614 0.000000 22.590533 12.179730 0.000000 3.263132 
6901.00 1262.29 96.732332 1.094638 57.790594 0.000000 22.523246 12.073581 0.000000 3.250273 
6801.00 1261.70 96.603731 1.097420 57.852342 0.000000 22.452369 11.964794 0.000000 3.236808 
6701.00 1261.10 96.471022 1.100402 57.917020 0.000000 22.377694 11.853205 0.000000 3.222701 
6601.00 1260.48 96.333959 1.103602 57.984806 0.000000 22.298995 11.738642 0.000000 3.207914 
6501.00 1259.86 96.192280 1.107035 58.055890 0.000000 22.216028 11.620920 0.000000 3.192407 
6401.00 1259.21 96.045702 1.110719 58.130479 0.000000 22.128528 11.499841 0.000000 3.176135 
6301.00 1258.56 95.893922 1.114672 58.208796 0.000000 22.036209 11.375194 0.000000 3.159051 
6201.00 1257.88 95.736616 1.118915 58.291081 0.000000 21.938762 11.246754 0.000000 3.141104 
6101.00 1257.19 95.573435 1.123470 58.377595 0.000000 21.835851 11.114280 0.000000 3.122240 
6001.00 1256.48 95.404005 1.128359 58.468619 0.000000 21.727112 10.977516 0.000000 3.102399 
5901.00 1255.75 95.227926 1.133605 58.564457 0.000000 21.612155 10.836190 0.000000 3.081519 
5801.00 1255.00 95.044769 1.139232 58.665436 0.000000 21.490557 10.690011 0.000000 3.059532 
5701.00 1254.22 94.854077 1.145266 58.771907 0.000000 21.361862 10.538674 0.000000 3.036368 
5601.00 1253.42 94.655365 1.151731 58.884247 0.000000 21.225581 10.381856 0.000000 3.011949 
5501.00 1252.60 94.448114 1.158650 59.002858 0.000000 21.081192 10.219219 0.000000 2.986196 
5401.00 1251.75 94.231782 1.166043 59.128169 0.000000 20.928138 10.050410 0.000000 2.959023 
5301.00 1250.87 94.005797 1.173929 59.260631 0.000000 20.765829 9.875067 0.000000 2.930342 
5201.00 1249.95 93.769564 1.182317 59.400718 0.000000 20.593647 9.692820 0.000000 2.900063 
5101.00 1249.01 93.522472 1.191211 59.548921 0.000000 20.410949 9.503299 0.000000 2.868093 
5001.00 1248.03 93.263900 1.200601 59.705741 0.000000 20.217077 9.306144 0.000000 2.834339 
4901.00 1247.02 92.993232 1.210461 59.871681 0.000000 20.011369 9.101009 0.000000 2.798711 
4801.00 1245.96 92.709869 1.220747 60.047234 0.000000 19.793175 8.887587 0.000000 2.761127 
4701.00 1244.87 92.413255 1.231385 60.232861 0.000000 19.561881 8.665617 0.000000 2.721510 
4601.00 1243.74 92.102899 1.242271 60.428978 0.000000 19.316934 8.434915 0.000000 2.679802 
4501.00 1242.56 91.778412 1.253265 60.635921 0.000000 19.057875 8.195390 0.000000 2.635961 
4401.00 1241.34 91.439543 1.264184 60.853924 0.000000 18.784384 7.947077 0.000000 2.589974 
4301.00 1240.09 91.086221 1.274803 61.083082 0.000000 18.496314 7.690163 0.000000 2.541860 
4201.00 1238.79 90.718604 1.284858 61.323317 0.000000 18.193741 7.425011 0.000000 2.491677 
4101.00 1237.45 90.337117 1.294049 61.574351 0.000000 17.877005 7.152183 0.000000 2.439529 
4001.00 1236.07 89.942493 1.302055 61.835680 0.000000 17.546739 6.872452 0.000000 2.385567 
3901.00 1234.67 89.535796 1.308553 62.106559 0.000000 17.203890 6.586800 0.000000 2.329994 
3801.00 1233.23 89.118427 1.313239 62.386005 0.000000 16.849720 6.296406 0.000000 2.273058 
3701.00 1231.78 88.692109 1.315848 62.672813 0.000000 16.485784 6.002614 0.000000 2.215050 
3601.00 1230.31 88.258849 1.316184 62.965588 0.000000 16.113891 5.706890 0.000000 2.156296 
3501.00 1228.83 87.820875 1.314123 63.262792 0.000000 15.736043 5.410773 0.000000 2.097143 
3401.00 1227.34 87.380557 1.309632 63.562796 0.000000 15.354365 5.115816 0.000000 2.037948 
3301.00 1225.87 86.940328 1.302759 63.863936 0.000000 14.971035 4.823531 0.000000 1.979067 
3201.00 1224.40 86.502595 1.293627 64.164570 0.000000 14.588212 4.535346 0.000000 1.920841 
3101.00 1222.96 86.069665 1.282420 64.463117 0.000000 14.207971 4.252566 0.000000 1.863591 
3001.00 1221.54 85.643682 1.269364 64.758101 0.000000 13.832263 3.976347 0.000000 1.807608 
2901.00 1220.14 85.226584 1.254710 65.048170 0.000000 13.462870 3.707684 0.000000 1.753150 
2801.00 1218.79 84.820075 1.238722 65.332121 0.000000 13.101387 3.447404 0.000000 1.700439 
2701.00 1217.46 84.425608 1.221665 65.608903 0.000000 12.749210 3.196168 0.000000 1.649663 
2601.00 1216.19 84.044388 1.203793 65.877623 0.000000 12.407523 2.954479 0.000000 1.600969 
2501.00 1214.95 83.677368 1.185352 66.137547 0.000000 12.077305 2.722691 0.000000 1.554473 
2401.00 1213.76 83.325268 1.166569 66.388094 0.000000 11.759331 2.501018 0.000000 1.510256 
2301.00 1212.61 82.988585 1.147655 66.628837 0.000000 11.454177 2.289551 0.000000 1.468365 
2201.00 1211.51 82.667606 1.128804 66.859489 0.000000 11.162230 2.088265 0.000000 1.428819 
2101.00 1210.46 82.362426 1.110189 67.079901 0.000000 10.883695 1.897033 0.000000 1.391608 
2001.00 1209.45 82.072967 1.091964 67.290049 0.000000 10.618614 1.715642 0.000000 1.356699 
1901.00 1208.49 81.798993 1.074260 67.490025 0.000000 10.366875 1.543800 0.000000 1.324033 
1801.00 1207.57 81.540134 1.057189 67.680019 0.000000 10.128236 1.381156 0.000000 1.293535 
1701.00 1206.69 81.295904 1.040837 67.860309 0.000000 9.902337 1.227307 0.000000 1.265114 
1601.00 1205.85 81.065725 1.025268 68.031243 0.000000 9.688729 1.081817 0.000000 1.238667 
1501.00 1205.05 80.848946 1.010527 68.193222 0.000000 9.486886 0.944227 0.000000 1.214084 
1401.00 1204.28 80.644868 0.996634 68.346688 0.000000 9.296233 0.814064 0.000000 1.191248 
1301.00 1203.55 80.452761 0.983597 68.492105 0.000000 9.116159 0.690856 0.000000 1.170044 
1201.00 1202.85 80.271883 0.971404 68.629951 0.000000 8.946038 0.574137 0.000000 1.150354 
1101.00 1202.18 80.101494 0.960036 68.760706 0.000000 8.785237 0.463452 0.000000 1.132064 
1001.00 1201.53 79.940867 0.949460 68.884841 0.000000 8.633133 0.358368 0.000000 1.115065 
901.00 1200.91 79.789300 0.939640 69.002816 0.000000 8.489119 0.258470 0.000000 1.099255 
801.00 1200.31 79.646121 0.930535 69.115071 0.000000 8.352610 0.163369 0.000000 1.084535 
701.00 1199.74 79.510692 0.922102 69.222027 0.000000 8.223049 0.072700 0.000000 1.070815 
601.00 1199.21 79.382415 0.907025 69.318757 0.000000 8.098027 0.000000 0.000000 1.058606 
501.00 1198.86 79.268070 0.864972 69.385304 0.000000 7.967764 0.000000 0.000000 1.050031 
401.00 1198.51 79.195049 0.863006 69.451202 0.000000 7.839087 0.000000 0.000000 1.041754 
301.00 1198.17 79.123276 0.861107 69.516481 0.000000 7.711926 0.000000 0.000000 1.033761 
201.00 1197.83 78.987898 0.793517 69.579880 0.000000 7.588427 0.000000 0.000000 1.026074 
101.00 1197.49 78.984223 0.857528 69.644019 0.000000 7.464064 0.000000 0.000000 1.018612 
1.00 1197.15 78.915854 0.855809 69.707615 0.000000 7.341031 0.000000 0.000000 1.011400 
