Title: Depleted MORB Mantle of Workmann & Hart 2005

System Thermodynamic Data:
Pressure Temperature mass F phi S H V Cp dVdP*10^6 dVdT*10^6 fO2(absolute) fO2(absolute) rhol rhos viscosity aH2O chisqr
44001.00 1472.66 100.138999 0.0000000000000000 0.000000 258.483157 -1142444.755152 30.304959 125.400090 -19.926756 1479.323381 -5.512 -5.512 0.000000 3.304377 0.000 0 0.000
43901.00 1472.44 100.138999 0.0000000000000000 0.000000 258.483157 -1142747.814527 30.306917 125.407270 -19.933960 1479.252183 -5.517 -5.517 0.000000 3.304163 0.000 0 0.000
43801.00 1472.21 100.138999 0.0000000000000000 0.000000 258.483157 -1143050.893492 30.308877 125.414452 -19.941170 1479.181180 -5.522 -5.522 0.000000 3.303950 0.000 0 0.000
43701.00 1471.98 100.138999 0.0000000000000000 0.000000 258.483157 -1143353.992072 30.310840 125.421634 -19.948386 1479.110376 -5.527 -5.527 0.000000 3.303736 0.000 0 0.000
43601.00 1471.76 100.138999 0.0000000000000000 0.000000 258.483157 -1143657.110296 30.312805 125.428818 -19.955608 1479.039772 -5.532 -5.532 0.000000 3.303521 0.000 0 0.000
43501.00 1471.53 100.138999 0.0000000000000000 0.000000 258.483157 -1143960.248191 30.314774 125.436002 -19.962837 1478.969369 -5.536 -5.536 0.000000 3.303307 0.000 0 0.000
43401.00 1471.31 100.138999 0.0000000000000000 0.000000 258.483157 -1144263.405786 30.316745 125.443188 -19.970072 1478.899169 -5.541 -5.541 0.000000 3.303092 0.000 0 0.000
43301.00 1471.08 100.138999 0.0000000000000000 0.000000 258.483157 -1144566.583109 30.318720 125.450375 -19.977313 1478.829175 -5.546 -5.546 0.000000 3.302877 0.000 0 0.000
43201.00 1470.86 100.138999 0.0000000000000000 0.000000 258.483157 -1144869.780188 30.320697 125.457562 -19.984561 1478.759389 -5.551 -5.551 0.000000 3.302662 0.000 0 0.000
43101.00 1470.63 100.138999 0.0000000000000000 0.000000 258.483157 -1145172.997052 30.322677 125.464751 -19.991816 1478.689811 -5.556 -5.556 0.000000 3.302446 0.000 0 0.000
43001.00 1470.40 100.138999 0.0000000000000000 0.000000 258.483157 -1145476.233730 30.324659 125.471941 -19.999077 1478.620445 -5.561 -5.561 0.000000 3.302230 0.000 0 0.000
42901.00 1470.18 100.138999 0.0000000000000000 0.000000 258.483157 -1145779.490251 30.326645 125.479133 -20.006345 1478.551291 -5.567 -5.567 0.000000 3.302014 0.000 0 0.000
42801.00 1469.95 100.138999 0.0000000000000000 0.000000 258.483157 -1146082.766644 30.328634 125.486325 -20.013620 1478.482353 -5.572 -5.572 0.000000 3.301797 0.000 0 0.000
42701.00 1469.72 100.138999 0.0000000000000000 0.000000 258.483157 -1146386.062940 30.330626 125.493519 -20.020902 1478.413632 -5.577 -5.577 0.000000 3.301580 0.000 0 0.000
42601.00 1469.50 100.138999 0.0000000000000000 0.000000 258.483157 -1146689.379167 30.332620 125.500714 -20.028191 1478.345131 -5.582 -5.582 0.000000 3.301363 0.000 0 0.000
42501.00 1469.27 100.138999 0.0000000000000000 0.000000 258.483157 -1146992.715356 30.334618 125.507910 -20.035486 1478.276851 -5.587 -5.587 0.000000 3.301146 0.000 0 0.000
42401.00 1469.05 100.138999 0.0000000000000000 0.000000 258.483157 -1147296.071538 30.336619 125.515108 -20.042789 1478.208795 -5.592 -5.592 0.000000 3.300928 0.000 0 0.000
42301.00 1468.82 100.138999 0.0000000000000000 0.000000 258.483157 -1147599.447742 30.338623 125.522308 -20.050099 1478.140964 -5.597 -5.597 0.000000 3.300710 0.000 0 0.000
42201.00 1468.59 100.138999 0.0000000000000000 0.000000 258.483157 -1147902.844000 30.340629 125.529508 -20.057416 1478.073361 -5.602 -5.602 0.000000 3.300492 0.000 0 0.000
42101.00 1468.37 100.138999 0.0000000000000000 0.000000 258.483157 -1148206.260342 30.342639 125.536710 -20.064740 1478.005989 -5.608 -5.608 0.000000 3.300273 0.000 0 0.000
42001.00 1468.14 100.138999 0.0000000000000000 0.000000 258.483157 -1148509.696800 30.344653 125.543914 -20.072072 1477.938849 -5.613 -5.613 0.000000 3.300054 0.000 0 0.000
41901.00 1467.91 100.138999 0.0000000000000000 0.000000 258.483157 -1148813.153405 30.346669 125.551120 -20.079411 1477.871944 -5.618 -5.618 0.000000 3.299835 0.000 0 0.000
41801.00 1467.69 100.138999 0.0000000000000000 0.000000 258.483157 -1149116.630189 30.348688 125.558326 -20.086758 1477.805276 -5.623 -5.623 0.000000 3.299615 0.000 0 0.000
41701.00 1467.46 100.138999 0.0000000000000000 0.000000 258.483157 -1149420.127184 30.350711 125.565535 -20.094112 1477.738847 -5.628 -5.628 0.000000 3.299395 0.000 0 0.000
41601.00 1467.23 100.138999 0.0000000000000000 0.000000 258.483157 -1149723.644423 30.352737 125.572745 -20.101474 1477.672661 -5.634 -5.634 0.000000 3.299175 0.000 0 0.000
41501.00 1467.01 100.138999 0.0000000000000000 0.000000 258.483157 -1150027.181937 30.354766 125.579957 -20.108843 1477.606719 -5.639 -5.639 0.000000 3.298955 0.000 0 0.000
41401.00 1466.78 100.138999 0.0000000000000000 0.000000 258.483157 -1150330.739761 30.356799 125.587171 -20.116220 1477.541024 -5.644 -5.644 0.000000 3.298734 0.000 0 0.000
41301.00 1466.55 100.138999 0.0000000000000000 0.000000 258.483157 -1150634.317926 30.358835 125.594387 -20.123606 1477.475578 -5.649 -5.649 0.000000 3.298513 0.000 0 0.000
41201.00 1466.33 100.138999 0.0000000000000000 0.000000 258.483157 -1150937.916467 30.360874 125.601604 -20.130999 1477.410385 -5.655 -5.655 0.000000 3.298291 0.000 0 0.000
41101.00 1466.10 100.138999 0.0000000000000000 0.000000 258.483157 -1151241.535417 30.362917 125.608824 -20.138400 1477.345446 -5.660 -5.660 0.000000 3.298069 0.000 0 0.000
41001.00 1465.87 100.138999 0.0000000000000000 0.000000 258.483157 -1151545.174809 30.364963 125.616045 -20.145809 1477.280764 -5.666 -5.666 0.000000 3.297847 0.000 0 0.000
40901.00 1465.64 100.138999 0.0000000000000000 0.000000 258.483157 -1151848.834679 30.367012 125.623269 -20.153227 1477.216342 -5.671 -5.671 0.000000 3.297624 0.000 0 0.000
40801.00 1465.42 100.138999 0.0000000000000000 0.000000 258.483157 -1152152.515061 30.369065 125.630494 -20.160653 1477.152184 -5.676 -5.676 0.000000 3.297401 0.000 0 0.000
40701.00 1465.19 100.138999 0.0000000000000000 0.000000 258.483157 -1152456.215990 30.371121 125.637722 -20.168087 1477.088290 -5.682 -5.682 0.000000 3.297178 0.000 0 0.000
40601.00 1464.96 100.138999 0.0000000000000000 0.000000 258.483157 -1152759.937501 30.373181 125.644951 -20.175530 1477.024665 -5.687 -5.687 0.000000 3.296955 0.000 0 0.000
40501.00 1464.73 100.138999 0.0000000000000000 0.000000 258.483157 -1153063.679629 30.375245 125.652183 -20.182981 1476.961312 -5.693 -5.693 0.000000 3.296731 0.000 0 0.000
40401.00 1464.51 100.138999 0.0000000000000000 0.000000 258.483157 -1153367.442410 30.377312 125.659418 -20.190441 1476.898232 -5.698 -5.698 0.000000 3.296506 0.000 0 0.000
40301.00 1464.28 100.138999 0.0000000000000000 0.000000 258.483157 -1153671.225881 30.379383 125.666654 -20.197910 1476.835430 -5.703 -5.703 0.000000 3.296282 0.000 0 0.000
40201.00 1464.05 100.138999 0.0000000000000000 0.000000 258.483157 -1153975.030077 30.381457 125.673893 -20.205388 1476.772908 -5.709 -5.709 0.000000 3.296056 0.000 0 0.000
40101.00 1463.82 100.138999 0.0000000000000000 0.000000 258.483157 -1154278.855036 30.383535 125.681134 -20.212874 1476.710669 -5.715 -5.715 0.000000 3.295831 0.000 0 0.000
40001.00 1463.59 100.138999 0.0000000000000000 0.000000 258.483157 -1154582.700795 30.385617 125.688378 -20.220370 1476.648717 -5.720 -5.720 0.000000 3.295605 0.000 0 0.000
39901.00 1463.37 100.138999 0.0000000000000000 0.000000 258.483157 -1154886.567392 30.387703 125.695624 -20.227874 1476.587054 -5.726 -5.726 0.000000 3.295379 0.000 0 0.000
39801.00 1463.14 100.138999 0.0000000000000000 0.000000 258.483157 -1155190.454864 30.389792 125.702873 -20.235388 1476.525684 -5.731 -5.731 0.000000 3.295152 0.000 0 0.000
39701.00 1462.91 100.138999 0.0000000000000000 0.000000 258.483157 -1155494.363249 30.391885 125.710124 -20.242912 1476.464610 -5.737 -5.737 0.000000 3.294926 0.000 0 0.000
39601.00 1462.68 100.138999 0.0000000000000000 0.000000 258.483157 -1155798.292586 30.393983 125.717378 -20.250445 1476.403835 -5.742 -5.742 0.000000 3.294698 0.000 0 0.000
39501.00 1462.45 100.138999 0.0000000000000000 0.000000 258.483157 -1156102.242913 30.396084 125.724635 -20.257987 1476.343363 -5.748 -5.748 0.000000 3.294470 0.000 0 0.000
39401.00 1462.23 100.138999 0.0000000000000000 0.000000 258.483157 -1156406.214271 30.398189 125.731895 -20.265539 1476.283198 -5.754 -5.754 0.000000 3.294242 0.000 0 0.000
39301.00 1462.00 100.138999 0.0000000000000000 0.000000 258.483157 -1156710.206699 30.400298 125.739157 -20.273101 1476.223342 -5.759 -5.759 0.000000 3.294014 0.000 0 0.000
39201.00 1461.77 100.138999 0.0000000000000000 0.000000 258.483157 -1157014.220237 30.402411 125.746423 -20.280672 1476.163799 -5.765 -5.765 0.000000 3.293785 0.000 0 0.000
39101.00 1461.54 100.138999 0.0000000000000000 0.000000 258.483157 -1157318.254925 30.404528 125.753691 -20.288254 1476.104574 -5.771 -5.771 0.000000 3.293555 0.000 0 0.000
39001.00 1461.31 100.138999 0.0000000000000000 0.000000 258.483157 -1157622.310805 30.406649 125.760963 -20.295845 1476.045669 -5.776 -5.776 0.000000 3.293326 0.000 0 0.000
38901.00 1461.08 100.138999 0.0000000000000000 0.000000 258.483157 -1157926.387917 30.408774 125.768238 -20.303447 1475.987089 -5.782 -5.782 0.000000 3.293096 0.000 0 0.000
38801.00 1460.85 100.138999 0.0000000000000000 0.000000 258.483157 -1158230.486303 30.410904 125.775515 -20.311060 1475.928837 -5.788 -5.788 0.000000 3.292865 0.000 0 0.000
38701.00 1460.62 100.138999 0.0000000000000000 0.000000 258.483157 -1158534.606006 30.413038 125.782796 -20.318682 1475.870917 -5.794 -5.794 0.000000 3.292634 0.000 0 0.000
38601.00 1460.39 100.138999 0.0000000000000000 0.000000 258.483157 -1158838.747068 30.415176 125.790081 -20.326316 1475.813333 -5.800 -5.800 0.000000 3.292402 0.000 0 0.000
38501.00 1460.16 100.138999 0.0000000000000000 0.000000 258.483157 -1159142.909531 30.417318 125.797369 -20.333960 1475.756090 -5.805 -5.805 0.000000 3.292171 0.000 0 0.000
38401.00 1459.94 100.138999 0.0000000000000000 0.000000 258.483157 -1159447.093440 30.419465 125.804660 -20.341615 1475.699191 -5.811 -5.811 0.000000 3.291938 0.000 0 0.000
38301.00 1459.71 100.138999 0.0000000000000000 0.000000 258.483157 -1159751.298838 30.421616 125.811955 -20.349280 1475.642640 -5.817 -5.817 0.000000 3.291705 0.000 0 0.000
38201.00 1459.48 100.138999 0.0000000000000000 0.000000 258.483157 -1160055.525769 30.423771 125.819253 -20.356957 1475.586442 -5.823 -5.823 0.000000 3.291472 0.000 0 0.000
38101.00 1459.25 100.138999 0.0000000000000000 0.000000 258.483157 -1160359.774279 30.425931 125.826555 -20.364645 1475.530601 -5.829 -5.829 0.000000 3.291239 0.000 0 0.000
38001.00 1459.02 100.138999 0.0000000000000000 0.000000 258.483157 -1160664.044412 30.428096 125.833861 -20.372345 1475.475121 -5.835 -5.835 0.000000 3.291004 0.000 0 0.000
37901.00 1458.79 100.138999 0.0000000000000000 0.000000 258.483157 -1160968.336215 30.430265 125.841171 -20.380055 1475.420008 -5.841 -5.841 0.000000 3.290770 0.000 0 0.000
37801.00 1458.56 100.138999 0.0000000000000000 0.000000 258.483157 -1161272.649733 30.432439 125.848485 -20.387778 1475.365265 -5.847 -5.847 0.000000 3.290535 0.000 0 0.000
37701.00 1458.33 100.138999 0.0000000000000000 0.000000 258.483157 -1161576.985013 30.434618 125.855802 -20.395512 1475.310897 -5.853 -5.853 0.000000 3.290299 0.000 0 0.000
37601.00 1458.10 100.138999 0.0000000000000000 0.000000 258.483157 -1161881.342103 30.436801 125.863124 -20.403258 1475.256909 -5.859 -5.859 0.000000 3.290063 0.000 0 0.000
37501.00 1457.87 100.138999 0.0000000000000000 0.000000 258.483157 -1162185.721051 30.438989 125.870450 -20.411017 1475.203306 -5.865 -5.865 0.000000 3.289827 0.000 0 0.000
37401.00 1457.63 100.138999 0.0000000000000000 0.000000 258.483157 -1162490.121904 30.441182 125.877780 -20.418787 1475.150093 -5.871 -5.871 0.000000 3.289590 0.000 0 0.000
37301.00 1457.40 100.138999 0.0000000000000000 0.000000 258.483157 -1162794.544711 30.443380 125.885114 -20.426570 1475.097274 -5.877 -5.877 0.000000 3.289352 0.000 0 0.000
37201.00 1457.17 100.138999 0.0000000000000000 0.000000 258.483157 -1163098.989522 30.445583 125.892453 -20.434365 1475.044855 -5.883 -5.883 0.000000 3.289114 0.000 0 0.000
37101.00 1456.94 100.138999 0.0000000000000000 0.000000 258.483157 -1163403.456387 30.447791 125.899797 -20.442173 1474.992842 -5.889 -5.889 0.000000 3.288876 0.000 0 0.000
37001.00 1456.71 100.138999 0.0000000000000000 0.000000 258.483157 -1163707.945357 30.450004 125.907145 -20.449994 1474.941238 -5.895 -5.895 0.000000 3.288637 0.000 0 0.000
36901.00 1456.48 100.138999 0.0000000000000000 0.000000 258.483157 -1164012.456482 30.452222 125.914498 -20.457827 1474.890051 -5.901 -5.901 0.000000 3.288397 0.000 0 0.000
36801.00 1456.25 100.138999 0.0000000000000000 0.000000 258.483157 -1164316.989814 30.454445 125.921855 -20.465674 1474.839285 -5.908 -5.908 0.000000 3.288157 0.000 0 0.000
36701.00 1456.02 100.138999 0.0000000000000000 0.000000 258.483157 -1164621.545405 30.456674 125.929218 -20.473534 1474.788945 -5.914 -5.914 0.000000 3.287916 0.000 0 0.000
36601.00 1455.79 100.138999 0.0000000000000000 0.000000 258.483157 -1164926.123309 30.458908 125.936585 -20.481408 1474.739039 -5.920 -5.920 0.000000 3.287675 0.000 0 0.000
36501.00 1455.55 100.138999 0.0000000000000000 0.000000 258.483157 -1165230.723578 30.461147 125.943958 -20.489295 1474.689571 -5.926 -5.926 0.000000 3.287434 0.000 0 0.000
36401.00 1455.32 100.138999 0.0000000000000000 0.000000 258.483157 -1165535.346268 30.463392 125.951336 -20.497197 1474.640547 -5.933 -5.933 0.000000 3.287191 0.000 0 0.000
36301.00 1455.09 100.138999 0.0000000000000000 0.000000 258.483157 -1165839.991432 30.465642 125.958719 -20.505112 1474.591974 -5.939 -5.939 0.000000 3.286949 0.000 0 0.000
36201.00 1454.86 100.138999 0.0000000000000000 0.000000 258.483157 -1166144.659127 30.467898 125.966108 -20.513041 1474.543857 -5.945 -5.945 0.000000 3.286705 0.000 0 0.000
36101.00 1454.63 100.138999 0.0000000000000000 0.000000 258.483157 -1166449.349408 30.470159 125.973502 -20.520985 1474.496204 -5.952 -5.952 0.000000 3.286461 0.000 0 0.000
36001.00 1454.39 100.138999 0.0000000000000000 0.000000 258.483157 -1166754.062332 30.472427 125.980902 -20.528943 1474.449020 -5.958 -5.958 0.000000 3.286217 0.000 0 0.000
35901.00 1454.16 100.138999 0.0000000000000000 0.000000 258.483157 -1167058.797957 30.474699 125.988307 -20.536916 1474.402312 -5.965 -5.965 0.000000 3.285972 0.000 0 0.000
35801.00 1453.93 100.138999 0.0000000000000000 0.000000 258.483157 -1167363.556341 30.476978 125.995719 -20.544904 1474.356087 -5.971 -5.971 0.000000 3.285726 0.000 0 0.000
35701.00 1453.69 100.138999 0.0000000000000000 0.000000 258.483157 -1167668.337543 30.479263 126.003137 -20.552907 1474.310352 -5.978 -5.978 0.000000 3.285480 0.000 0 0.000
35601.00 1453.46 100.138999 0.0000000000000000 0.000000 258.483157 -1167973.141623 30.481554 126.010560 -20.560926 1474.265113 -5.984 -5.984 0.000000 3.285233 0.000 0 0.000
35501.00 1453.23 100.138999 0.0000000000000000 0.000000 258.483157 -1168277.968641 30.483851 126.017990 -20.568960 1474.220378 -5.991 -5.991 0.000000 3.284985 0.000 0 0.000
35401.00 1453.00 100.138999 0.0000000000000000 0.000000 258.483157 -1168582.818659 30.486154 126.025426 -20.577009 1474.176154 -5.997 -5.997 0.000000 3.284737 0.000 0 0.000
35301.00 1452.76 100.138999 0.0000000000000000 0.000000 258.483157 -1168887.691737 30.488463 126.032869 -20.585075 1474.132448 -6.004 -6.004 0.000000 3.284488 0.000 0 0.000
35201.00 1452.53 100.138999 0.0000000000000000 0.000000 258.483157 -1169192.587941 30.490779 126.040319 -20.593157 1474.089269 -6.010 -6.010 0.000000 3.284239 0.000 0 0.000
35101.00 1452.29 100.138999 0.0000000000000000 0.000000 258.483157 -1169497.507332 30.493101 126.047775 -20.601256 1474.046623 -6.017 -6.017 0.000000 3.283989 0.000 0 0.000
35001.00 1452.06 100.138999 0.0000000000000000 0.000000 258.483157 -1169802.449975 30.495429 126.055238 -20.609371 1474.004519 -6.024 -6.024 0.000000 3.283738 0.000 0 0.000
34901.00 1451.83 100.138999 0.0000000000000000 0.000000 258.483157 -1170107.415937 30.497764 126.062709 -20.617503 1473.962964 -6.030 -6.030 0.000000 3.283487 0.000 0 0.000
34801.00 1451.59 100.138999 0.0000000000000000 0.000000 258.483157 -1170412.405282 30.500106 126.070186 -20.625652 1473.921967 -6.037 -6.037 0.000000 3.283234 0.000 0 0.000
34701.00 1451.36 100.138999 0.0000000000000000 0.000000 258.483157 -1170717.418079 30.502454 126.077671 -20.633819 1473.881536 -6.044 -6.044 0.000000 3.282982 0.000 0 0.000
34601.00 1451.12 100.138999 0.0000000000000000 0.000000 258.483157 -1171022.454394 30.504810 126.085163 -20.642003 1473.841681 -6.051 -6.051 0.000000 3.282728 0.000 0 0.000
34501.00 1450.89 100.138999 0.0000000000000000 0.000000 258.483157 -1171327.514298 30.507172 126.092663 -20.650206 1473.802409 -6.057 -6.057 0.000000 3.282474 0.000 0 0.000
34401.00 1450.65 100.138999 0.0000000000000000 0.000000 258.483157 -1171632.597859 30.509541 126.100171 -20.658426 1473.763729 -6.064 -6.064 0.000000 3.282219 0.000 0 0.000
34301.00 1450.42 100.138999 0.0000000000000000 0.000000 258.483157 -1171937.705149 30.511918 126.107687 -20.666665 1473.725652 -6.071 -6.071 0.000000 3.281963 0.000 0 0.000
34201.00 1450.18 100.138999 0.0000000000000000 0.000000 258.483157 -1172242.836240 30.514302 126.115211 -20.674922 1473.688185 -6.078 -6.078 0.000000 3.281707 0.000 0 0.000
34101.00 1449.95 100.138999 0.0000000000000000 0.000000 258.483157 -1172547.991204 30.516693 126.122744 -20.683198 1473.651339 -6.085 -6.085 0.000000 3.281450 0.000 0 0.000
34001.00 1449.71 100.138999 0.0000000000000000 0.000000 258.483157 -1172853.170116 30.519091 126.130285 -20.691494 1473.615123 -6.092 -6.092 0.000000 3.281192 0.000 0 0.000
33901.00 1449.47 100.138999 0.0000000000000000 0.000000 258.483157 -1173158.373050 30.521497 126.137834 -20.699809 1473.579547 -6.099 -6.099 0.000000 3.280933 0.000 0 0.000
33801.00 1449.24 100.138999 0.0000000000000000 0.000000 258.483157 -1173463.600081 30.523911 126.145393 -20.708144 1473.544622 -6.106 -6.106 0.000000 3.280674 0.000 0 0.000
33701.00 1449.00 100.138999 0.0000000000000000 0.000000 258.483157 -1173768.851288 30.526332 126.152960 -20.716499 1473.510358 -6.113 -6.113 0.000000 3.280414 0.000 0 0.000
33601.00 1448.76 100.138999 0.0000000000000000 0.000000 258.483157 -1174074.126749 30.528761 126.160537 -20.724874 1473.476766 -6.120 -6.120 0.000000 3.280153 0.000 0 0.000
33501.00 1448.53 100.138999 0.0000000000000000 0.000000 258.483157 -1174379.426542 30.531199 126.168123 -20.733271 1473.443855 -6.127 -6.127 0.000000 3.279891 0.000 0 0.000
33401.00 1448.29 100.138999 0.0000000000000000 0.000000 258.483157 -1174684.750749 30.533644 126.175719 -20.741688 1473.411639 -6.135 -6.135 0.000000 3.279628 0.000 0 0.000
33301.00 1448.05 100.138999 0.0000000000000000 0.000000 258.483157 -1174990.099450 30.536098 126.183325 -20.750126 1473.380127 -6.142 -6.142 0.000000 3.279365 0.000 0 0.000
33201.00 1447.81 100.138999 0.0000000000000000 0.000000 258.483157 -1175295.472730 30.538560 126.190940 -20.758587 1473.349332 -6.149 -6.149 0.000000 3.279100 0.000 0 0.000
33101.00 1447.58 100.138999 0.0000000000000000 0.000000 258.483157 -1175600.870671 30.541030 126.198566 -20.767069 1473.319265 -6.156 -6.156 0.000000 3.278835 0.000 0 0.000
33001.00 1447.34 100.138999 0.0000000000000000 0.000000 258.483157 -1175906.293360 30.543509 126.206203 -20.775574 1473.289938 -6.164 -6.164 0.000000 3.278569 0.000 0 0.000
32901.00 1447.10 100.138999 0.0000000000000000 0.000000 258.483157 -1176211.740884 30.545997 126.213850 -20.784101 1473.261365 -6.171 -6.171 0.000000 3.278302 0.000 0 0.000
32801.00 1446.86 100.138999 0.0000000000000000 0.000000 258.483157 -1176517.213329 30.548494 126.221508 -20.792651 1473.233557 -6.178 -6.178 0.000000 3.278034 0.000 0 0.000
32701.00 1446.62 100.138999 0.0000000000000000 0.000000 258.483157 -1176822.710787 30.550999 126.229177 -20.801225 1473.206529 -6.186 -6.186 0.000000 3.277765 0.000 0 0.000
32601.00 1446.38 100.138999 0.0000000000000000 0.000000 258.483157 -1177128.233347 30.553514 126.236857 -20.809823 1473.180292 -6.193 -6.193 0.000000 3.277495 0.000 0 0.000
32501.00 1446.14 100.138999 0.0000000000000000 0.000000 258.483157 -1177433.781101 30.556038 126.244550 -20.818445 1473.154861 -6.201 -6.201 0.000000 3.277225 0.000 0 0.000
32401.00 1445.91 100.138999 0.0000000000000000 0.000000 258.483157 -1177739.354144 30.558572 126.252254 -20.827091 1473.130249 -6.208 -6.208 0.000000 3.276953 0.000 0 0.000
32301.00 1445.67 100.138999 0.0000000000000000 0.000000 258.483157 -1178044.952571 30.561115 126.259970 -20.835763 1473.106471 -6.216 -6.216 0.000000 3.276680 0.000 0 0.000
32201.00 1445.43 100.138999 0.0000000000000000 0.000000 258.483157 -1178350.576479 30.563668 126.267698 -20.844460 1473.083542 -6.224 -6.224 0.000000 3.276406 0.000 0 0.000
32101.00 1445.19 100.138999 0.0000000000000000 0.000000 258.483157 -1178656.225965 30.566231 126.275440 -20.853183 1473.061477 -6.231 -6.231 0.000000 3.276132 0.000 0 0.000
32001.00 1444.94 100.138999 0.0000000000000000 0.000000 258.483157 -1178961.901130 30.568804 126.283194 -20.861931 1473.040290 -6.239 -6.239 0.000000 3.275856 0.000 0 0.000
31901.00 1444.70 100.138999 0.0000000000000000 0.000000 258.483157 -1179267.602075 30.571387 126.290961 -20.870707 1473.019997 -6.247 -6.247 0.000000 3.275579 0.000 0 0.000
31801.00 1444.46 100.138999 0.0000000000000000 0.000000 258.483157 -1179573.328903 30.573980 126.298742 -20.879510 1473.000615 -6.255 -6.255 0.000000 3.275301 0.000 0 0.000
31701.00 1444.22 100.138999 0.0000000000000000 0.000000 258.483157 -1179879.081720 30.576585 126.306537 -20.888340 1472.982161 -6.262 -6.262 0.000000 3.275022 0.000 0 0.000
31601.00 1443.98 100.138999 0.0000000000000000 0.000000 258.483157 -1180184.860631 30.579199 126.314345 -20.897199 1472.964649 -6.270 -6.270 0.000000 3.274742 0.000 0 0.000
31501.00 1443.74 100.138999 0.0000000000000000 0.000000 258.483157 -1180490.665746 30.581825 126.322169 -20.906086 1472.948100 -6.278 -6.278 0.000000 3.274461 0.000 0 0.000
31401.00 1443.49 100.138999 0.0000000000000000 0.000000 258.483157 -1180796.497174 30.584462 126.330007 -20.915002 1472.932528 -6.286 -6.286 0.000000 3.274179 0.000 0 0.000
31301.00 1443.25 100.138999 0.0000000000000000 0.000000 258.483157 -1181102.355028 30.587110 126.337860 -20.923948 1472.917954 -6.294 -6.294 0.000000 3.273895 0.000 0 0.000
31201.00 1443.01 100.138999 0.0000000000000000 0.000000 258.483157 -1181408.239422 30.589770 126.345728 -20.932923 1472.904395 -6.302 -6.302 0.000000 3.273611 0.000 0 0.000
31101.00 1442.77 100.138999 0.0000000000000000 0.000000 258.483157 -1181714.150471 30.592442 126.353612 -20.941930 1472.891871 -6.310 -6.310 0.000000 3.273325 0.000 0 0.000
31001.00 1442.52 100.138999 0.0000000000000000 0.000000 258.483157 -1182020.088295 30.595125 126.361512 -20.950967 1472.880401 -6.318 -6.318 0.000000 3.273038 0.000 0 0.000
30901.00 1442.28 100.138999 0.0000000000000000 0.000000 258.483157 -1182326.053013 30.597821 126.369429 -20.960036 1472.870004 -6.327 -6.327 0.000000 3.272749 0.000 0 0.000
30801.00 1442.03 100.138999 0.0000000000000000 0.000000 258.483157 -1182632.044747 30.600528 126.377362 -20.969137 1472.860702 -6.335 -6.335 0.000000 3.272460 0.000 0 0.000
30701.00 1441.79 100.138999 0.0000000000000000 0.000000 258.483157 -1182938.063622 30.603249 126.385313 -20.978271 1472.852516 -6.343 -6.343 0.000000 3.272169 0.000 0 0.000
30601.00 1441.54 100.138999 0.0000000000000000 0.000000 258.483157 -1183244.109765 30.605982 126.393281 -20.987439 1472.845467 -6.351 -6.351 0.000000 3.271877 0.000 0 0.000
30501.00 1441.30 100.138999 0.0000000000000000 0.000000 258.483157 -1183550.183304 30.608728 126.401267 -20.996641 1472.839577 -6.360 -6.360 0.000000 3.271583 0.000 0 0.000
30401.00 1441.05 100.138999 0.0000000000000000 0.000000 258.483157 -1183856.284372 30.611488 126.409272 -21.005877 1472.834869 -6.368 -6.368 0.000000 3.271288 0.000 0 0.000
30301.00 1440.81 100.138999 0.0000000000000000 0.000000 258.483157 -1184162.413100 30.614260 126.417295 -21.015148 1472.831366 -6.377 -6.377 0.000000 3.270992 0.000 0 0.000
30201.00 1440.56 100.138999 0.0000000000000000 0.000000 258.483157 -1184468.569627 30.617047 126.425338 -21.024456 1472.829092 -6.385 -6.385 0.000000 3.270694 0.000 0 0.000
30101.00 1440.31 100.138999 0.0000000000000000 0.000000 258.483157 -1184774.754090 30.619848 126.433400 -21.033800 1472.828071 -6.394 -6.394 0.000000 3.270395 0.000 0 0.000
30001.00 1440.07 100.138999 0.0000000000000000 0.000000 258.483157 -1185080.966631 30.622663 126.441482 -21.043181 1472.828330 -6.403 -6.403 0.000000 3.270094 0.000 0 0.000
29901.00 1439.82 100.138999 0.0000000000000000 0.000000 258.483157 -1185387.207394 30.625492 126.449585 -21.052600 1472.829893 -6.411 -6.411 0.000000 3.269792 0.000 0 0.000
29801.00 1439.57 100.138999 0.0000000000000000 0.000000 258.483157 -1185693.476525 30.628337 126.457709 -21.062058 1472.832787 -6.420 -6.420 0.000000 3.269489 0.000 0 0.000
29701.00 1439.32 100.138999 0.0000000000000000 0.000000 258.483157 -1185999.774174 30.631196 126.465854 -21.071556 1472.837039 -6.429 -6.429 0.000000 3.269183 0.000 0 0.000
29601.00 1439.07 100.138999 0.0000000000000000 0.000000 258.483157 -1186306.100494 30.634071 126.474022 -21.081094 1472.842678 -6.438 -6.438 0.000000 3.268877 0.000 0 0.000
29501.00 1438.82 100.138999 0.0000000000000000 0.000000 258.483157 -1186612.455639 30.636961 126.482212 -21.090672 1472.849732 -6.447 -6.447 0.000000 3.268568 0.000 0 0.000
29401.00 1438.57 100.138999 0.0000000000000000 0.000000 258.483157 -1186918.839768 30.639868 126.490425 -21.100293 1472.858230 -6.456 -6.456 0.000000 3.268258 0.000 0 0.000
29301.00 1438.32 100.138999 0.0000000000000000 0.000000 258.483157 -1187225.253044 30.642790 126.498662 -21.109956 1472.868203 -6.465 -6.465 0.000000 3.267946 0.000 0 0.000
29201.00 1438.07 100.138999 0.0000000000000000 0.000000 258.483157 -1187531.695629 30.645730 126.506923 -21.119663 1472.879682 -6.474 -6.474 0.000000 3.267633 0.000 0 0.000
29101.00 1437.82 100.138999 0.0000000000000000 0.000000 258.483157 -1187838.167693 30.648686 126.515209 -21.129414 1472.892699 -6.483 -6.483 0.000000 3.267318 0.000 0 0.000
29001.00 1437.57 100.138999 0.0000000000000000 0.000000 258.483157 -1188144.669407 30.651660 126.523521 -21.139211 1472.907287 -6.492 -6.492 0.000000 3.267001 0.000 0 0.000
28901.00 1437.32 100.138999 0.0000000000000000 0.000000 258.483157 -1188451.200945 30.654651 126.531858 -21.149053 1472.923481 -6.502 -6.502 0.000000 3.266682 0.000 0 0.000
28801.00 1437.06 100.138999 0.0000000000000000 0.000000 258.483157 -1188757.762486 30.657660 126.540222 -21.158943 1472.941314 -6.511 -6.511 0.000000 3.266361 0.000 0 0.000
28701.00 1436.81 100.138999 0.0000000000000000 0.000000 258.483157 -1189064.354213 30.660688 126.548613 -21.168881 1472.960822 -6.521 -6.521 0.000000 3.266039 0.000 0 0.000
28601.00 1436.56 100.138999 0.0000000000000000 0.000000 258.483157 -1189370.976310 30.663735 126.557033 -21.178867 1472.982044 -6.530 -6.530 0.000000 3.265714 0.000 0 0.000
28501.00 1436.30 100.138999 0.0000000000000000 0.000000 258.483157 -1189677.628969 30.666800 126.565480 -21.188904 1473.005015 -6.540 -6.540 0.000000 3.265388 0.000 0 0.000
28401.00 1436.05 100.138999 0.0000000000000000 0.000000 258.483157 -1189984.312382 30.669886 126.573958 -21.198993 1473.029777 -6.549 -6.549 0.000000 3.265059 0.000 0 0.000
28301.00 1435.79 100.138999 0.0000000000000000 0.000000 258.483157 -1190291.026747 30.672991 126.582465 -21.209133 1473.056368 -6.559 -6.559 0.000000 3.264729 0.000 0 0.000
28201.00 1435.54 100.138999 0.0000000000000000 0.000000 258.483157 -1190597.772267 30.676117 126.591003 -21.219327 1473.084830 -6.569 -6.569 0.000000 3.264396 0.000 0 0.000
28101.00 1435.28 100.138999 0.0000000000000000 0.000000 258.483157 -1190904.549148 30.679263 126.599573 -21.229575 1473.115207 -6.579 -6.579 0.000000 3.264061 0.000 0 0.000
28001.00 1435.02 100.138999 0.0000000000000000 0.000000 258.483157 -1191211.357602 30.682431 126.608175 -21.239879 1473.147541 -6.589 -6.589 0.000000 3.263724 0.000 0 0.000
27901.00 1434.77 100.138999 0.0000000000000000 0.000000 258.483157 -1191518.197843 30.685621 126.616810 -21.250240 1473.181879 -6.599 -6.599 0.000000 3.263385 0.000 0 0.000
27801.00 1434.51 100.138999 0.0000000000000000 0.000000 258.483157 -1191825.070092 30.688833 126.625480 -21.260659 1473.218266 -6.609 -6.609 0.000000 3.263044 0.000 0 0.000
27701.00 1434.25 100.138999 0.0000000000000000 0.000000 258.483157 -1192131.974575 30.692068 126.634184 -21.271138 1473.256752 -6.619 -6.619 0.000000 3.262700 0.000 0 0.000
27601.00 1433.99 100.138999 0.0000000000000000 0.000000 258.483157 -1192438.911521 30.695326 126.642924 -21.281677 1473.297385 -6.629 -6.629 0.000000 3.262353 0.000 0 0.000
27501.00 1433.73 100.138999 0.0000000000000000 0.000000 258.483157 -1192745.881167 30.698608 126.651701 -21.292279 1473.340217 -6.640 -6.640 0.000000 3.262005 0.000 0 0.000
27401.00 1433.47 100.138999 0.0000000000000000 0.000000 258.483157 -1193052.883753 30.701914 126.660516 -21.302944 1473.385301 -6.650 -6.650 0.000000 3.261653 0.000 0 0.000
27301.00 1433.21 100.138999 0.0000000000000000 0.000000 258.483157 -1193359.919527 30.705245 126.669370 -21.313675 1473.432692 -6.661 -6.661 0.000000 3.261299 0.000 0 0.000
27201.00 1432.95 100.138999 0.0000000000000000 0.000000 258.483157 -1193666.988739 30.708602 126.678263 -21.324472 1473.482445 -6.672 -6.672 0.000000 3.260943 0.000 0 0.000
27101.00 1432.68 100.138999 0.0000000000000000 0.000000 258.483157 -1193974.091649 30.711985 126.687197 -21.335337 1473.534619 -6.682 -6.682 0.000000 3.260584 0.000 0 0.000
27001.00 1432.42 100.138999 0.0000000000000000 0.000000 258.483157 -1194281.228521 30.715394 126.696173 -21.346272 1473.589274 -6.693 -6.693 0.000000 3.260222 0.000 0 0.000
26901.00 1432.16 100.138999 0.0000000000000000 0.000000 258.483157 -1194588.399625 30.718831 126.705192 -21.357278 1473.646472 -6.704 -6.704 0.000000 3.259857 0.000 0 0.000
26801.00 1431.89 100.138999 0.0000000000000000 0.000000 258.483157 -1194895.605239 30.722296 126.714256 -21.368357 1473.706277 -6.715 -6.715 0.000000 3.259489 0.000 0 0.000
26701.00 1431.63 100.138999 0.0000000000000000 0.000000 258.483157 -1195202.845646 30.725790 126.723364 -21.379511 1473.768755 -6.726 -6.726 0.000000 3.259119 0.000 0 0.000
26601.00 1431.36 100.138999 0.0000000000000000 0.000000 258.483157 -1195510.121138 30.729313 126.732520 -21.390742 1473.833975 -6.737 -6.737 0.000000 3.258745 0.000 0 0.000
26501.00 1431.09 100.138999 0.0000000000000000 0.000000 258.483157 -1195817.432012 30.732867 126.741723 -21.402052 1473.902008 -6.749 -6.749 0.000000 3.258368 0.000 0 0.000
26401.00 1430.82 100.138999 0.0000000000000000 0.000000 258.483157 -1196124.778574 30.736451 126.750976 -21.413442 1473.972927 -6.760 -6.760 0.000000 3.257988 0.000 0 0.000
26301.00 1430.56 100.138999 0.0000000000000000 0.000000 258.483157 -1196432.161137 30.740067 126.760280 -21.424915 1474.046808 -6.772 -6.772 0.000000 3.257605 0.000 0 0.000
26201.00 1430.29 100.138999 0.0000000000000000 0.000000 258.483157 -1196739.580023 30.743716 126.769635 -21.436473 1474.123729 -6.783 -6.783 0.000000 3.257218 0.000 0 0.000
26101.00 1430.02 100.138999 0.0000000000000000 0.000000 258.483157 -1197047.035561 30.747398 126.779045 -21.448117 1474.203773 -6.795 -6.795 0.000000 3.256828 0.000 0 0.000
26001.00 1429.74 100.138999 0.0000000000000000 0.000000 258.483157 -1197354.528089 30.751114 126.788509 -21.459850 1474.287022 -6.807 -6.807 0.000000 3.256435 0.000 0 0.000
25901.00 1429.47 100.138999 0.0000000000000000 0.000000 258.483157 -1197662.057954 30.754865 126.798031 -21.471675 1474.373566 -6.819 -6.819 0.000000 3.256038 0.000 0 0.000
25801.00 1429.20 100.138999 0.0000000000000000 0.000000 258.483157 -1197969.625512 30.758653 126.807610 -21.483594 1474.463493 -6.831 -6.831 0.000000 3.255637 0.000 0 0.000
25701.00 1428.92 100.138999 0.0000000000000000 0.000000 258.483157 -1198277.231128 30.762477 126.817250 -21.495609 1474.556899 -6.843 -6.843 0.000000 3.255232 0.000 0 0.000
25601.00 1428.65 100.138999 0.0000000000000000 0.000000 258.483157 -1198584.875179 30.766340 126.826952 -21.507724 1474.653881 -6.855 -6.855 0.000000 3.254823 0.000 0 0.000
25501.00 1428.37 100.138999 0.0000000000000000 0.000000 258.483157 -1198892.558051 30.770241 126.836718 -21.519939 1474.754539 -6.868 -6.868 0.000000 3.254411 0.000 0 0.000
25401.00 1428.09 100.138999 0.0000000000000000 0.000000 258.483157 -1199200.280138 30.774183 126.846550 -21.532260 1474.858978 -6.880 -6.880 0.000000 3.253994 0.000 0 0.000
25301.00 1427.82 100.138999 0.0000000000000000 0.000000 258.483157 -1199508.041850 30.778166 126.856449 -21.544687 1474.967308 -6.893 -6.893 0.000000 3.253573 0.000 0 0.000
25201.00 1427.54 100.138999 0.0000000000000000 0.000000 258.483157 -1199815.843604 30.782192 126.866418 -21.557225 1475.079642 -6.906 -6.906 0.000000 3.253147 0.000 0 0.000
25101.00 1427.26 100.138999 0.0000000000000000 0.000000 258.483157 -1200123.685832 30.786261 126.876460 -21.569877 1475.196097 -6.919 -6.919 0.000000 3.252717 0.000 0 0.000
25001.00 1426.97 100.138999 0.0000000000000000 0.000000 258.483157 -1200431.568978 30.790375 126.886575 -21.582645 1475.316796 -6.932 -6.932 0.000000 3.252282 0.000 0 0.000
24901.00 1426.69 100.138999 0.0000000000000000 0.000000 258.483157 -1200739.493496 30.794536 126.896767 -21.595533 1475.441866 -6.945 -6.945 0.000000 3.251843 0.000 0 0.000
24801.00 1426.41 100.138999 0.0000000000000000 0.000000 258.483157 -1201047.459857 30.798744 126.907039 -21.608545 1475.571438 -6.959 -6.959 0.000000 3.251399 0.000 0 0.000
24701.00 1426.12 100.138999 0.0000000000000000 0.000000 258.483157 -1201355.468545 30.803002 126.917392 -21.621684 1475.705651 -6.972 -6.972 0.000000 3.250949 0.000 0 0.000
24601.00 1425.83 100.138999 0.0000000000000000 0.000000 258.483157 -1201663.520056 30.807309 126.927829 -21.634955 1475.844647 -6.986 -6.986 0.000000 3.250495 0.000 0 0.000
24501.00 1425.55 100.138999 0.0000000000000000 0.000000 258.483157 -1201971.614905 30.811669 126.938353 -21.648360 1475.988577 -7.000 -7.000 0.000000 3.250035 0.000 0 0.000
24401.00 1425.26 100.138999 0.0000000000000000 0.000000 258.483157 -1202279.753620 30.816083 126.948967 -21.661904 1476.137594 -7.014 -7.014 0.000000 3.249569 0.000 0 0.000
24301.00 1424.97 100.138999 0.0000000000000000 0.000000 258.483157 -1202587.936746 30.820552 126.959674 -21.675592 1476.291862 -7.028 -7.028 0.000000 3.249098 0.000 0 0.000
24201.00 1424.67 100.138999 0.0000000000000000 0.000000 258.483157 -1202896.164845 30.825078 126.970477 -21.689428 1476.451549 -7.043 -7.043 0.000000 3.248621 0.000 0 0.000
24101.00 1424.38 100.138999 0.0000000000000000 0.000000 258.483157 -1203204.438499 30.829663 126.981380 -21.703417 1476.616831 -7.057 -7.057 0.000000 3.248138 0.000 0 0.000
24001.00 1424.08 100.138999 0.0000000000000000 0.000000 258.483157 -1203512.758304 30.834309 126.992385 -21.717563 1476.787891 -7.072 -7.072 0.000000 3.247649 0.000 0 0.000
23901.00 1423.79 100.138999 0.0000000000000000 0.000000 258.483157 -1203821.124881 30.839017 127.003496 -21.731872 1476.964922 -7.087 -7.087 0.000000 3.247153 0.000 0 0.000
23801.00 1423.49 100.138999 0.0000000000000000 0.000000 258.483157 -1204129.538866 30.843791 127.014718 -21.746349 1477.148123 -7.102 -7.102 0.000000 3.246650 0.000 0 0.000
23701.00 1423.19 100.138999 0.0000000000000000 0.000000 258.483157 -1204438.000920 30.848631 127.026053 -21.760999 1477.337704 -7.117 -7.117 0.000000 3.246141 0.000 0 0.000
23601.00 1422.88 100.138999 0.0000000000000000 0.000000 258.483157 -1204746.511724 30.853541 127.037507 -21.775828 1477.533883 -7.133 -7.133 0.000000 3.245624 0.000 0 0.000
23501.00 1422.58 100.138999 0.0000000000000000 0.000000 258.483157 -1205055.071983 30.858523 127.049082 -21.790843 1477.736888 -7.148 -7.148 0.000000 3.245100 0.000 0 0.000
23401.00 1422.27 100.138999 0.0000000000000000 0.000000 258.483157 -1205363.682427 30.863578 127.060784 -21.806050 1477.946959 -7.164 -7.164 0.000000 3.244569 0.000 0 0.000
23301.00 1421.97 100.138999 0.0000000000000000 0.000000 258.483157 -1205672.343809 30.868711 127.072618 -21.821455 1478.164345 -7.181 -7.181 0.000000 3.244029 0.000 0 0.000
23201.00 1421.66 100.138999 0.0000000000000000 0.000000 258.483157 -1205981.056910 30.873923 127.084588 -21.837065 1478.389308 -7.197 -7.197 0.000000 3.243482 0.000 0 0.000
23101.00 1421.34 100.138999 0.0000000000000000 0.000000 258.483157 -1206289.822540 30.879217 127.096699 -21.852888 1478.622121 -7.214 -7.214 0.000000 3.242925 0.000 0 0.000
23001.00 1421.03 100.138999 0.0000000000000000 0.000000 258.483157 -1206598.641535 30.884596 127.108957 -21.868931 1478.863071 -7.230 -7.230 0.000000 3.242361 0.000 0 0.000
22901.00 1420.71 100.138999 0.0000000000000000 0.000000 258.483157 -1206907.514764 30.890064 127.121367 -21.885202 1479.112458 -7.247 -7.247 0.000000 3.241787 0.000 0 0.000
22801.00 1420.40 100.138999 0.0000000000000000 0.000000 258.483157 -1207216.443127 30.895624 127.133936 -21.901710 1479.370598 -7.265 -7.265 0.000000 3.241203 0.000 0 0.000
22701.00 1420.07 100.138999 0.0000000000000000 0.000000 258.483157 -1207525.427558 30.901278 127.146669 -21.918464 1479.637821 -7.282 -7.282 0.000000 3.240610 0.000 0 0.000
22601.00 1419.75 100.138999 0.0000000000000000 0.000000 258.483157 -1207834.469024 30.907032 127.159572 -21.935472 1479.914473 -7.300 -7.300 0.000000 3.240007 0.000 0 0.000
22501.00 1419.43 100.138999 0.0000000000000000 0.000000 258.483157 -1208143.568533 30.912887 127.172654 -21.952744 1480.200918 -7.318 -7.318 0.000000 3.239393 0.000 0 0.000
22401.00 1419.10 100.138999 0.0000000000000000 0.000000 258.483157 -1208452.727127 30.918850 127.185920 -21.970291 1480.497536 -7.337 -7.337 0.000000 3.238769 0.000 0 0.000
22301.00 1418.77 100.138999 0.0000000000000000 0.000000 258.483157 -1208761.945892 30.924922 127.199379 -21.988123 1480.804730 -7.355 -7.355 0.000000 3.238133 0.000 0 0.000
22201.00 1418.43 100.138999 0.0000000000000000 0.000000 258.483157 -1209071.225956 30.931110 127.213038 -22.006252 1481.122920 -7.374 -7.374 0.000000 3.237485 0.000 0 0.000
22101.00 1418.09 100.138999 0.0000000000000000 0.000000 258.483157 -1209380.568492 30.937417 127.226906 -22.024689 1481.452549 -7.394 -7.394 0.000000 3.236825 0.000 0 0.000
22001.00 1417.75 100.138999 0.0000000000000000 0.000000 258.483157 -1209689.974719 30.943849 127.240992 -22.043447 1481.794081 -7.413 -7.413 0.000000 3.236152 0.000 0 0.000
21901.00 1417.41 100.138999 0.0000000000000000 0.000000 258.483157 -1209999.445908 30.950411 127.255304 -22.062539 1482.148007 -7.433 -7.433 0.000000 3.235466 0.000 0 0.000
21801.00 1417.06 100.138999 0.0000000000000000 0.000000 258.483157 -1210308.983381 30.957107 127.269853 -22.081978 1482.514840 -7.454 -7.454 0.000000 3.234766 0.000 0 0.000
21701.00 1416.71 100.138999 0.0000000000000000 0.000000 258.483157 -1210618.588516 30.963944 127.284648 -22.101780 1482.895123 -7.474 -7.474 0.000000 3.234052 0.000 0 0.000
21601.00 1416.36 100.138999 0.0000000000000000 0.000000 258.483157 -1210928.262747 30.970927 127.299700 -22.121959 1483.289427 -7.495 -7.495 0.000000 3.233323 0.000 0 0.000
21501.00 1416.12 100.138999 0.0000000000000000 0.000000 258.483157 -1211237.989059 30.973715 127.307293 -22.130548 1483.263587 -7.502 -7.502 0.000000 3.233032 0.000 0 0.000
21401.00 1415.90 100.138999 0.0000000000000000 0.000000 258.483157 -1211547.736534 30.975780 127.313592 -22.137138 1483.165085 -7.507 -7.507 0.000000 3.232816 0.000 0 0.000
21301.00 1415.69 100.138999 0.0000000000000000 0.000000 258.483157 -1211857.504667 30.977847 127.319887 -22.143730 1483.066462 -7.512 -7.512 0.000000 3.232600 0.000 0 0.000
21201.00 1415.47 100.138999 0.0000000000000000 0.000000 258.483157 -1212167.293482 30.979916 127.326178 -22.150322 1482.967713 -7.517 -7.517 0.000000 3.232384 0.000 0 0.000
21101.00 1415.25 100.138999 0.0000000000000000 0.000000 258.483157 -1212477.103002 30.981988 127.332464 -22.156915 1482.868836 -7.522 -7.522 0.000000 3.232168 0.000 0 0.000
21001.00 1415.03 100.138999 0.0000000000000000 0.000000 258.483157 -1212786.933251 30.984062 127.338746 -22.163510 1482.769824 -7.526 -7.526 0.000000 3.231952 0.000 0 0.000
20901.00 1414.81 100.138999 0.0000000000000000 0.000000 258.483157 -1213096.784252 30.986139 127.345023 -22.170106 1482.670675 -7.531 -7.531 0.000000 3.231735 0.000 0 0.000
20801.00 1414.59 100.138999 0.0000000000000000 0.000000 258.483157 -1213406.656031 30.988218 127.351295 -22.176703 1482.571384 -7.536 -7.536 0.000000 3.231519 0.000 0 0.000
20701.00 1414.38 100.138999 0.0000000000000000 0.000000 258.483157 -1213716.548613 30.990299 127.357563 -22.183301 1482.471945 -7.541 -7.541 0.000000 3.231301 0.000 0 0.000
20601.00 1414.10 100.138999 0.0001213791274226 0.000136 258.483157 -1214026.462895 30.992848 127.367536 -22.201504 1482.493133 -9.800 -9.800 2.889432 3.231082 0.662 0 0.000
20501.00 1413.75 100.138999 0.0004470943301395 0.000500 258.483157 -1214336.408037 30.996185 127.383746 -22.239322 1482.719200 -9.781 -9.781 2.888519 3.230859 0.668 0 0.000
20401.00 1413.39 100.138999 0.0007774680107304 0.000870 258.483157 -1214646.386670 30.999546 127.400089 -22.277701 1482.952228 -9.763 -9.763 2.887610 3.230636 0.675 0 0.000
20301.00 1413.03 100.138999 0.0011126322363862 0.001245 258.483157 -1214956.399046 31.002933 127.416570 -22.316656 1483.192355 -9.744 -9.744 2.886706 3.230413 0.681 0 0.000
20201.00 1412.67 100.138999 0.0014527234321929 0.001626 258.483157 -1215266.445422 31.006346 127.433193 -22.356203 1483.439721 -9.725 -9.725 2.885806 3.230189 0.687 0 0.000
20101.00 1412.30 100.138999 0.0017978825279578 0.002012 258.483157 -1215576.526062 31.009786 127.449961 -22.396357 1483.694469 -9.707 -9.707 2.884910 3.229965 0.694 0 0.000
20001.00 1411.94 100.138999 0.0021482551220339 0.002405 258.483157 -1215886.641238 31.013253 127.466879 -22.437136 1483.956750 -9.688 -9.688 2.884019 3.229741 0.700 0 0.000
19901.00 1411.57 100.138999 0.0025039916425243 0.002804 258.483157 -1216196.791225 31.016749 127.483951 -22.478557 1484.226719 -9.669 -9.669 2.883133 3.229517 0.707 0 0.000
19801.00 1411.21 100.138999 0.0028652475171834 0.003209 258.483157 -1216506.976308 31.020273 127.501181 -22.520638 1484.504534 -9.650 -9.650 2.882251 3.229293 0.713 0 0.000
19701.00 1410.84 100.138999 0.0032321833451619 0.003621 258.483157 -1216817.196778 31.023826 127.518576 -22.563396 1484.790361 -9.630 -9.630 2.881373 3.229068 0.720 0 0.000
19601.00 1410.46 100.138999 0.0036049650809757 0.004039 258.483157 -1217127.452934 31.027410 127.536139 -22.606853 1485.084369 -9.611 -9.611 2.880500 3.228844 0.726 0 0.000
19501.00 1410.09 100.138999 0.0039837642131783 0.004464 258.483157 -1217437.745080 31.031025 127.553876 -22.651026 1485.386734 -9.592 -9.592 2.879631 3.228619 0.733 0 0.000
19401.00 1409.71 100.138999 0.0043687579576025 0.004897 258.483157 -1217748.073531 31.034671 127.571791 -22.695937 1485.697638 -9.572 -9.572 2.878767 3.228394 0.740 0 0.000
19301.00 1409.34 100.138999 0.0047601294508655 0.005336 258.483157 -1218058.438609 31.038350 127.589891 -22.741607 1486.017268 -9.553 -9.553 2.877907 3.228168 0.746 0 0.000
19201.00 1408.96 100.138999 0.0051580679505381 0.005784 258.483157 -1218368.840645 31.042063 127.608180 -22.788058 1486.345817 -9.533 -9.533 2.877051 3.227943 0.753 0 0.000
19101.00 1408.58 100.138999 0.0055627690401693 0.006238 258.483157 -1218679.279976 31.045810 127.626666 -22.835312 1486.683487 -9.513 -9.513 2.876200 3.227717 0.759 0 0.000
19001.00 1408.19 100.138999 0.0059744348394162 0.006701 258.483157 -1218989.756952 31.049592 127.645352 -22.883393 1487.030482 -9.493 -9.493 2.875352 3.227491 0.766 0 0.000
18901.00 1407.81 100.138999 0.0063932742190440 0.007172 258.483157 -1219300.271930 31.053410 127.664247 -22.932325 1487.387018 -9.473 -9.473 2.874510 3.227264 0.772 0 0.000
18801.00 1407.42 100.138999 0.0068195030207265 0.007652 258.483157 -1219610.825277 31.057266 127.683356 -22.982134 1487.753315 -9.453 -9.453 2.873671 3.227038 0.779 0 0.000
18701.00 1407.03 100.138999 0.0072533442814305 0.008140 258.483157 -1219921.417370 31.061159 127.702685 -23.032844 1488.129601 -9.433 -9.433 2.872836 3.226811 0.786 0 0.000
18601.00 1406.63 100.138999 0.0076950284621999 0.008637 258.483157 -1220232.048597 31.065093 127.722242 -23.084484 1488.516111 -9.413 -9.413 2.872006 3.226584 0.792 0 0.000
18501.00 1406.24 100.138999 0.0081447936809869 0.009143 258.483157 -1220542.719355 31.069066 127.742034 -23.137081 1488.913088 -9.393 -9.393 2.871179 3.226357 0.799 0 0.000
18401.00 1405.84 100.138999 0.0086028859492960 0.009659 258.483157 -1220853.430055 31.073081 127.762068 -23.190663 1489.320784 -9.372 -9.372 2.870356 3.226129 0.806 0 0.000
18301.00 1405.44 100.138999 0.0090695594127924 0.010184 258.483157 -1221164.181117 31.077139 127.782351 -23.245261 1489.739458 -9.352 -9.352 2.869537 3.225902 0.812 0 0.000
18201.00 1405.03 100.138999 0.0095450765906829 0.010720 258.483157 -1221474.972974 31.081240 127.802892 -23.300906 1490.169379 -9.331 -9.331 2.868722 3.225673 0.819 0 0.000
18101.00 1404.63 100.138999 0.0100297086317602 0.011266 258.483157 -1221785.806071 31.085387 127.823697 -23.357629 1490.610822 -9.311 -9.311 2.867911 3.225445 0.826 0 0.000
18001.00 1404.22 100.135994 0.0104937507184310 0.011789 258.474417 -1222062.577648 31.088531 127.840084 -23.411747 1490.990066 -9.290 -9.290 2.867103 3.225217 0.832 0 0.000
17901.00 1403.81 100.086052 0.0104987846385561 0.011797 258.329224 -1221806.303088 31.075326 127.783457 -23.408826 1490.224012 -9.270 -9.270 2.866302 3.224988 0.839 0 0.000
17801.00 1403.39 100.035627 0.0105039289491670 0.011805 258.182680 -1221543.986149 31.061972 127.726211 -23.405785 1489.450953 -9.249 -9.249 2.865509 3.224759 0.846 0 0.000
17701.00 1402.98 99.984707 0.0105091871265434 0.011814 258.034759 -1221275.499720 31.048463 127.668335 -23.402623 1488.670745 -9.228 -9.228 2.864723 3.224529 0.852 0 0.000
17601.00 1402.56 99.933282 0.0105145627791684 0.011822 257.885429 -1221000.712779 31.034798 127.609813 -23.399336 1487.883240 -9.207 -9.207 2.863945 3.224300 0.859 0 0.000
17501.00 1402.15 99.881340 0.0105200596525641 0.011830 257.734662 -1220719.490250 31.020972 127.550633 -23.395922 1487.088283 -9.186 -9.186 2.863174 3.224070 0.866 0 0.000
17401.00 1401.73 99.828871 0.0105256816404437 0.011839 257.582424 -1220431.692848 31.006982 127.490780 -23.392379 1486.285717 -9.164 -9.164 2.862411 3.223840 0.872 0 0.000
17301.00 1401.31 99.775863 0.0105314327781500 0.011848 257.428685 -1220137.176921 30.992824 127.430240 -23.388705 1485.475380 -9.143 -9.143 2.861655 3.223610 0.879 0 0.000
17201.00 1400.89 99.722303 0.0105373172666796 0.011857 257.273410 -1219835.794288 30.978495 127.368997 -23.384897 1484.657104 -9.122 -9.122 2.860907 3.223379 0.886 0 0.000
17101.00 1400.46 99.668179 0.0105433394664332 0.011866 257.116565 -1219527.392061 30.963991 127.307036 -23.380951 1483.830718 -9.100 -9.100 2.860166 3.223148 0.892 0 0.000
17001.00 1400.04 99.613479 0.0105495039098837 0.011875 256.958115 -1219211.812471 30.949308 127.244340 -23.376865 1482.996043 -9.078 -9.078 2.859433 3.222917 0.899 0 0.000
16901.00 1399.61 99.558188 0.0105558153083000 0.011884 256.798024 -1218888.892675 30.934441 127.180893 -23.372637 1482.152896 -9.057 -9.057 2.858708 3.222686 0.906 0 0.000
16801.00 1399.18 99.502293 0.0105622785598887 0.011893 256.636252 -1218558.464565 30.919387 127.116677 -23.368264 1481.301088 -9.035 -9.035 2.857991 3.222455 0.912 0 0.000
16701.00 1398.75 99.445780 0.0105688987579709 0.011903 256.472761 -1218220.354558 30.904140 127.051676 -23.363742 1480.440424 -9.013 -9.013 2.857281 3.222223 0.919 0 0.000
16601.00 1398.31 99.388634 0.0105756812001967 0.011912 256.307512 -1217874.383389 30.888697 126.985869 -23.359068 1479.570705 -8.991 -8.991 2.856578 3.221991 0.926 0 0.000
16501.00 1397.88 99.330840 0.0105826313976142 0.011922 256.140461 -1217520.365884 30.873053 126.919239 -23.354239 1478.691722 -8.969 -8.969 2.855884 3.221758 0.932 0 0.000
16401.00 1397.44 99.272382 0.0105897550844773 0.011932 255.971567 -1217158.110726 30.857202 126.851766 -23.349252 1477.803261 -8.947 -8.947 2.855197 3.221525 0.939 0 0.000
16301.00 1397.00 99.213244 0.0105970582285705 0.011942 255.800784 -1216787.420219 30.841141 126.783429 -23.344104 1476.905101 -8.924 -8.924 2.854518 3.221292 0.945 0 0.000
16201.00 1396.56 99.153410 0.0106045470451647 0.011953 255.628067 -1216408.090025 30.824863 126.714208 -23.338791 1475.997016 -8.902 -8.902 2.853846 3.221059 0.952 0 0.000
16101.00 1396.11 99.092861 0.0106122279890552 0.011963 255.453369 -1216019.908901 30.808363 126.644081 -23.333309 1475.078769 -8.880 -8.880 2.853182 3.220826 0.958 0 0.000
16001.00 1395.67 99.031581 0.0106201078140548 0.011974 255.276640 -1215622.658441 30.791636 126.573025 -23.327655 1474.150117 -8.857 -8.857 2.852526 3.220592 0.965 0 0.000
15901.00 1395.22 98.969550 0.0106281935244021 0.011985 255.097829 -1215216.112746 30.774677 126.501018 -23.321825 1473.210810 -8.835 -8.835 2.851877 3.220357 0.971 0 0.000
15801.00 1394.77 98.906750 0.0106364924290574 0.011996 254.916885 -1214800.038158 30.757478 126.428035 -23.315815 1472.260587 -8.812 -8.812 2.851235 3.220123 0.978 0 0.000
15701.00 1394.31 98.843161 0.0106450121476590 0.012007 254.733752 -1214374.192929 30.740035 126.354051 -23.309621 1471.299181 -8.790 -8.790 2.850601 3.219888 0.984 0 0.000
15601.00 1393.85 98.778762 0.0106537606057644 0.012019 254.548375 -1213938.326888 30.722340 126.279042 -23.303240 1470.326314 -8.767 -8.767 2.849973 3.219653 0.991 0 0.000
15501.00 1393.39 98.713532 0.0106627460932272 0.012031 254.360696 -1213492.181111 30.704387 126.202980 -23.296666 1469.341699 -8.744 -8.744 2.849354 3.219417 0.997 0 0.000
15401.00 1392.93 98.647449 0.0106719772255998 0.012043 254.170655 -1213035.487527 30.686170 126.125838 -23.289896 1468.345041 -8.722 -8.722 2.848741 3.219181 1.004 0 0.000
15301.00 1392.47 98.580491 0.0106814630017412 0.012055 253.978189 -1212567.968574 30.667681 126.047588 -23.282924 1467.336032 -8.699 -8.699 2.848135 3.218945 1.010 0 0.000
15201.00 1392.00 98.512633 0.0106912128052061 0.012068 253.783233 -1212089.336784 30.648914 125.968200 -23.275747 1466.314355 -8.676 -8.676 2.847535 3.218708 1.017 0 0.000
15101.00 1391.53 98.443852 0.0107012364235788 0.012081 253.585723 -1211599.294374 30.629860 125.887644 -23.268360 1465.279682 -8.653 -8.653 2.846943 3.218471 1.023 0 0.000
15001.00 1391.06 98.374123 0.0107115440804812 0.012094 253.385587 -1211097.532816 30.610512 125.805887 -23.260757 1464.231672 -8.630 -8.630 2.846357 3.218234 1.030 0 0.000
14901.00 1390.58 98.303418 0.0107221464250955 0.012108 253.182756 -1210583.732369 30.590862 125.722898 -23.252933 1463.169974 -8.608 -8.608 2.845777 3.217996 1.036 0 0.000
14801.00 1390.10 98.231712 0.0107330545957368 0.012121 252.977154 -1210057.561632 30.570901 125.638642 -23.244884 1462.094222 -8.585 -8.585 2.845203 3.217758 1.043 0 0.000
14701.00 1389.61 98.158975 0.0107442802087895 0.012136 252.768705 -1209518.677020 30.550620 125.553085 -23.236604 1461.004041 -8.562 -8.562 2.844635 3.217520 1.049 0 0.000
14601.00 1389.13 98.085179 0.0107558354022191 0.012150 252.557329 -1208966.722262 30.530012 125.466189 -23.228087 1459.899037 -8.539 -8.539 2.844073 3.217281 1.055 0 0.000
14501.00 1388.64 98.010294 0.0107677328462473 0.012165 252.342944 -1208401.327850 30.509066 125.377917 -23.219327 1458.778806 -8.516 -8.516 2.843516 3.217041 1.062 0 0.000
14401.00 1388.14 97.934288 0.0107799857851443 0.012180 252.125465 -1207822.110476 30.487773 125.288230 -23.210319 1457.642927 -8.494 -8.494 2.842964 3.216801 1.068 0 0.000
14301.00 1387.65 97.857129 0.0107926080503832 0.012196 251.904802 -1207228.672429 30.466122 125.197087 -23.201057 1456.490965 -8.471 -8.471 2.842417 3.216561 1.075 0 0.000
14201.00 1387.14 97.778784 0.0108056140985061 0.012212 251.680864 -1206620.600983 30.444104 125.104446 -23.191534 1455.322468 -8.448 -8.448 2.841874 3.216320 1.081 0 0.000
14101.00 1386.64 97.699216 0.0108190190385230 0.012228 251.453555 -1205997.467739 30.421708 125.010262 -23.181743 1454.136966 -8.426 -8.426 2.841336 3.216079 1.088 0 0.000
14001.00 1386.13 97.618390 0.0108328386625571 0.012245 251.222776 -1205358.827947 30.398922 124.914492 -23.171678 1452.933975 -8.403 -8.403 2.840801 3.215838 1.094 0 0.000
13901.00 1385.61 97.536269 0.0108470894858213 0.012263 250.988425 -1204704.219794 30.375735 124.817087 -23.161333 1451.712988 -8.381 -8.381 2.840270 3.215595 1.100 0 0.000
13801.00 1385.10 97.452812 0.0108617887647425 0.012281 250.750395 -1204033.163656 30.352134 124.717998 -23.150698 1450.473484 -8.358 -8.358 2.839742 3.215353 1.107 0 0.000
13701.00 1384.57 97.367980 0.0108769545550005 0.012299 250.508575 -1203345.161331 30.328108 124.617175 -23.139768 1449.214917 -8.336 -8.336 2.839217 3.215110 1.113 0 0.000
13601.00 1384.05 97.281730 0.0108926057326932 0.012318 250.262851 -1202639.695213 30.303643 124.514564 -23.128534 1447.936724 -8.314 -8.314 2.838694 3.214866 1.120 0 0.000
13501.00 1383.51 97.194019 0.0109087620400675 0.012338 250.013102 -1201916.227454 30.278726 124.410111 -23.116989 1446.638318 -8.292 -8.292 2.838173 3.214622 1.126 0 0.000
13401.00 1382.98 97.104800 0.0109254441250777 0.012358 249.759205 -1201174.199072 30.253343 124.303759 -23.105124 1445.319091 -8.270 -8.270 2.837652 3.214377 1.132 0 0.000
13301.00 1382.44 97.014028 0.0109426735822303 0.012379 249.501032 -1200413.029034 30.227479 124.195449 -23.092931 1443.978411 -8.248 -8.248 2.837133 3.214132 1.139 0 0.000
13201.00 1381.89 96.921651 0.0109604730008560 0.012400 249.238449 -1199632.113289 30.201119 124.085118 -23.080400 1442.615621 -8.226 -8.226 2.836613 3.213886 1.145 0 0.000
13101.00 1381.34 96.827620 0.0109788659983321 0.012422 248.971316 -1198830.823765 30.174247 123.972703 -23.067523 1441.230037 -8.205 -8.205 2.836093 3.213639 1.152 0 0.000
13001.00 1380.78 96.731882 0.0109978772803246 0.012445 248.699490 -1198008.507332 30.146847 123.858138 -23.054290 1439.820951 -8.183 -8.183 2.835572 3.213392 1.158 0 0.000
12901.00 1380.21 96.634380 0.0110175326766154 0.012469 248.422820 -1197164.484717 30.118902 123.741352 -23.040691 1438.387624 -8.162 -8.162 2.835049 3.213144 1.165 0 0.000
12801.00 1379.64 96.535058 0.0110378591909727 0.012493 248.141151 -1196298.049375 30.090395 123.622275 -23.026717 1436.929291 -8.141 -8.141 2.834524 3.212896 1.172 0 0.000
12701.00 1379.07 96.433856 0.0110588850537054 0.012518 247.854320 -1195408.466336 30.061306 123.500831 -23.012355 1435.445155 -8.121 -8.121 2.833996 3.212646 1.178 0 0.000
12601.00 1378.48 96.330713 0.0110806397553822 0.012544 247.562160 -1194494.970988 30.031617 123.376943 -22.997597 1433.934387 -8.100 -8.100 2.833463 3.212396 1.185 0 0.000
12501.00 1377.90 96.225562 0.0111031541103983 0.012571 247.264495 -1193556.767849 30.001308 123.250529 -22.982429 1432.396125 -8.080 -8.080 2.832926 3.212146 1.191 0 0.000
12401.00 1377.30 96.118339 0.0111264602890209 0.012599 246.961143 -1192593.029281 29.970359 123.121505 -22.966841 1430.829475 -8.060 -8.060 2.832384 3.211895 1.198 0 0.000
12301.00 1376.70 96.008971 0.0111505918651947 0.012627 246.651916 -1191602.894185 29.938747 122.989784 -22.950820 1429.233503 -8.041 -8.041 2.831835 3.211643 1.205 0 0.000
12201.00 1376.09 95.897388 0.0111755838547775 0.012657 246.336616 -1190585.466658 29.906451 122.855276 -22.934353 1427.607243 -8.021 -8.021 2.831278 3.211390 1.212 0 0.000
12101.00 1375.47 95.783514 0.0112014727504549 0.012688 246.015040 -1189539.814634 29.873448 122.717884 -22.917428 1425.949688 -8.002 -8.002 2.830713 3.211136 1.219 0 0.000
12001.00 1374.84 95.667271 0.0112282965497760 0.012720 245.686975 -1188464.968506 29.839712 122.577511 -22.900030 1424.259791 -7.983 -7.983 2.830139 3.210882 1.226 0 0.000
11901.00 1374.21 95.548576 0.0112560947761570 0.012753 245.352201 -1187359.919739 29.805220 122.434055 -22.882145 1422.536463 -7.965 -7.965 2.829555 3.210626 1.233 0 0.000
11801.00 1373.56 95.427345 0.0112849084885116 0.012787 245.010490 -1186223.619487 29.769945 122.287409 -22.863759 1420.778576 -7.947 -7.947 2.828959 3.210370 1.240 0 0.000
11701.00 1372.91 95.303491 0.0113147802790968 0.012822 244.661602 -1185054.977230 29.733859 122.137462 -22.844857 1418.984953 -7.929 -7.929 2.828351 3.210113 1.247 0 0.000
11601.00 1372.25 95.176923 0.0113457542533299 0.012859 244.305292 -1183852.859444 29.696936 121.984101 -22.825422 1417.154376 -7.912 -7.912 2.827729 3.209855 1.254 0 0.000
11501.00 1371.58 95.047544 0.0113778759915663 0.012897 243.941304 -1182616.088318 29.659145 121.827204 -22.805437 1415.285577 -7.895 -7.895 2.827092 3.209596 1.262 0 0.000
11401.00 1370.90 94.915257 0.0114111924847558 0.012937 243.569371 -1181343.440569 29.620456 121.666649 -22.784887 1413.377241 -7.879 -7.879 2.826439 3.209336 1.269 0 0.000
11301.00 1370.21 94.779961 0.0114457520401974 0.012978 243.189219 -1180033.646343 29.580838 121.502308 -22.763752 1411.428007 -7.863 -7.863 2.825768 3.209074 1.277 0 0.000
11201.00 1369.51 94.641548 0.0114816041507348 0.013021 242.800562 -1178685.388284 29.540259 121.334046 -22.742015 1409.436459 -7.847 -7.847 2.825079 3.208812 1.285 0 0.000
11101.00 1368.80 94.499911 0.0115187993242535 0.013065 242.403106 -1177297.300782 29.498684 121.161726 -22.719656 1407.401134 -7.832 -7.832 2.824369 3.208549 1.292 0 0.000
11001.00 1368.08 94.354935 0.0115573888295017 0.013111 241.996545 -1175867.969455 29.456079 120.985206 -22.696655 1405.320517 -7.818 -7.818 2.823637 3.208285 1.300 0 0.000
10901.00 1367.34 94.206503 0.0115974244691865 0.013159 241.580564 -1174395.930976 29.412407 120.804336 -22.672991 1403.193041 -7.804 -7.804 2.822883 3.208019 1.308 0 0.000
10801.00 1366.60 94.054495 0.0116389581310899 0.013208 241.154839 -1172879.673193 29.367631 120.618966 -22.648643 1401.017090 -7.790 -7.790 2.822103 3.207752 1.317 0 0.000
10701.00 1365.84 93.898787 0.0116820413872417 0.013260 240.719034 -1171317.635807 29.321713 120.428937 -22.623589 1398.790997 -7.777 -7.777 2.821297 3.207484 1.325 0 0.000
10601.00 1365.06 93.739250 0.0117267249225314 0.013313 240.272807 -1169708.211553 29.274613 120.234087 -22.597804 1396.513045 -7.765 -7.765 2.820463 3.207215 1.334 0 0.000
10501.00 1364.28 93.575753 0.0117730578475093 0.013369 239.815805 -1168049.748070 29.226290 120.034251 -22.571265 1394.181471 -7.754 -7.754 2.819600 3.206945 1.343 0 0.000
10401.00 1363.48 93.408162 0.0118210868788800 0.013426 239.347666 -1166340.550593 29.176703 119.829257 -22.543946 1391.794468 -7.743 -7.743 2.818705 3.206673 1.352 0 0.000
10301.00 1362.66 93.236339 0.0118708553633882 0.013486 238.868025 -1164578.885608 29.125810 119.618931 -22.515822 1389.350190 -7.732 -7.732 2.817776 3.206400 1.361 0 0.000
10201.00 1361.83 93.060145 0.0119224020850571 0.013548 238.376506 -1162762.985646 29.073567 119.403096 -22.486865 1386.846754 -7.722 -7.722 2.816813 3.206125 1.370 0 0.000
10101.00 1360.99 92.879439 0.0119757599167803 0.013612 237.872732 -1160891.055441 29.019930 119.181570 -22.457047 1384.282249 -7.713 -7.713 2.815812 3.205849 1.380 0 0.000
10001.00 1360.13 92.694078 0.0120309541879470 0.013678 237.356323 -1158961.279625 28.964854 118.954172 -22.426339 1381.654745 -7.705 -7.705 2.814773 3.205571 1.390 0 0.000
9901.00 1359.25 92.503919 0.0120880008156359 0.013747 236.826897 -1156971.832253 28.908296 118.720719 -22.394711 1378.962300 -7.698 -7.698 2.813692 3.205293 1.400 0 0.000
9801.00 1358.35 92.308820 0.0121469041661379 0.013818 236.284075 -1154920.888414 28.850210 118.481027 -22.362131 1376.202972 -7.691 -7.691 2.812569 3.205012 1.410 0 0.000
9701.00 1357.44 92.108640 0.0122076546067947 0.013892 235.727484 -1152806.638185 28.790554 118.234916 -22.328567 1373.374837 -7.685 -7.685 2.811402 3.204730 1.421 0 0.000
9601.00 1356.51 91.903242 0.0122702257621352 0.013968 235.156761 -1150627.303264 28.729283 117.982207 -22.293987 1370.476003 -7.679 -7.679 2.810188 3.204447 1.432 0 0.000
9501.00 1355.56 91.692493 0.0123345714741605 0.014046 234.571556 -1148381.156549 28.666355 117.722727 -22.258355 1367.504632 -7.675 -7.675 2.808925 3.204161 1.443 0 0.000
9401.00 1354.59 91.476268 0.0124006224746401 0.014126 233.971538 -1146066.544956 28.601732 117.456311 -22.221636 1364.458963 -7.671 -7.671 2.807612 3.203875 1.454 0 0.000
9301.00 1353.61 91.254450 0.0124682828281689 0.014209 233.356400 -1143681.915739 28.535376 117.182805 -22.183795 1361.337338 -7.668 -7.668 2.806247 3.203587 1.466 0 0.000
9201.00 1352.60 91.026933 0.0125374262010172 0.014293 232.725868 -1141225.846490 28.467252 116.902068 -22.144795 1358.138238 -7.666 -7.666 2.804829 3.203297 1.479 0 0.000
9101.00 1351.57 90.793626 0.0126078920760872 0.014379 232.079708 -1138697.078934 28.397332 116.613973 -22.104600 1354.860312 -7.665 -7.665 2.803354 3.203006 1.491 0 0.000
9001.00 1350.52 90.554454 0.0126794820326823 0.014467 231.417732 -1136094.556498 28.325590 116.318417 -22.063171 1351.502424 -7.664 -7.664 2.801823 3.202713 1.504 0 0.000
8901.00 1349.45 90.309364 0.0127519563046614 0.014557 230.739809 -1133417.465471 28.252008 116.015321 -22.020473 1348.063690 -7.665 -7.665 2.800234 3.202419 1.517 0 0.000
8801.00 1348.36 90.058327 0.0128250308301371 0.014647 230.045874 -1130665.279351 28.176575 115.704633 -21.976469 1344.543531 -7.666 -7.666 2.798585 3.202123 1.531 0 0.000
8701.00 1347.25 89.801339 0.0128983751056601 0.014738 229.335939 -1127837.805727 28.099287 115.386338 -21.931125 1340.941721 -7.668 -7.668 2.796876 3.201827 1.545 0 0.000
8601.00 1346.12 89.538432 0.0129716111121589 0.014830 228.610104 -1124935.234697 28.020152 115.060458 -21.884409 1337.258438 -7.671 -7.671 2.795105 3.201528 1.559 0 0.000
8501.00 1344.97 89.269671 0.0130443135988383 0.014921 227.868564 -1121958.187554 27.939187 114.727060 -21.836291 1333.494326 -7.675 -7.675 2.793274 3.201229 1.574 0 0.000
8401.00 1343.80 88.995161 0.0131160122380884 0.015011 227.111624 -1118907.764164 27.856421 114.386258 -21.786747 1329.650538 -7.679 -7.679 2.791381 3.200929 1.589 0 0.000
8301.00 1342.61 88.715050 0.0131861956302641 0.015101 226.339705 -1115785.586936 27.771897 114.038222 -21.735757 1325.728797 -7.685 -7.685 2.789426 3.200628 1.605 0 0.000
8201.00 1341.40 88.429531 0.0132543175891693 0.015188 225.553350 -1112593.839344 27.685671 113.683177 -21.683307 1321.731434 -7.691 -7.691 2.787412 3.200325 1.621 0 0.000
8101.00 1340.17 88.138847 0.0133198056498314 0.015273 224.753237 -1109335.296549 27.597814 113.321410 -21.629393 1317.661429 -7.697 -7.697 2.785337 3.200023 1.637 0 0.000
8001.00 1338.93 87.843287 0.0133820717290996 0.015354 223.940175 -1106013.345792 27.508413 112.953271 -21.574019 1313.522441 -7.705 -7.705 2.783205 3.199720 1.654 0 0.000
7901.00 1337.67 87.543194 0.0134405246305241 0.015431 223.115108 -1102631.994376 27.417570 112.579173 -21.517201 1309.318819 -7.712 -7.712 2.781016 3.199416 1.671 0 0.000
7801.00 1336.39 87.238957 0.0134945838915862 0.015504 222.279115 -1099195.863465 27.325403 112.199593 -21.458967 1305.055602 -7.721 -7.721 2.778774 3.199113 1.689 0 0.000
7701.00 1335.11 86.931014 0.0135436943307827 0.015572 221.433400 -1095710.166529 27.232042 111.815068 -21.399358 1300.738502 -7.730 -7.730 2.776480 3.198809 1.706 0 0.000
7601.00 1333.81 86.619845 0.0135873404552005 0.015633 220.579284 -1092180.672036 27.137636 111.426195 -21.338430 1296.373865 -7.739 -7.739 2.774137 3.198506 1.725 0 0.000
7501.00 1332.50 86.305972 0.0136250598283021 0.015688 219.718196 -1088613.650900 27.042340 111.033619 -21.276253 1291.968620 -7.749 -7.749 2.771749 3.198203 1.743 0 0.000
7401.00 1331.19 85.989947 0.0136564546765952 0.015737 218.851653 -1085015.810220 26.946326 110.638035 -21.212912 1287.530204 -7.760 -7.760 2.769318 3.197901 1.762 0 0.000
7301.00 1329.87 85.672353 0.0136812009919883 0.015778 217.981242 -1081394.215565 26.849772 110.240172 -21.148506 1283.066478 -7.770 -7.770 2.766849 3.197600 1.781 0 0.000
7201.00 1328.55 85.353790 0.0136990545005622 0.015811 217.108606 -1077756.204829 26.752861 109.840789 -21.083148 1278.585632 -7.781 -7.781 2.764346 3.197300 1.800 0 0.000
7101.00 1327.23 85.034873 0.0137098535216484 0.015836 216.235416 -1074109.297297 26.655784 109.440662 -21.016961 1274.096075 -7.792 -7.792 2.761810 3.197001 1.819 0 0.000
7001.00 1325.91 84.716219 0.0137135185965047 0.015853 215.363358 -1070461.101421 26.558731 109.040578 -20.950081 1269.606334 -7.803 -7.803 2.759248 3.196704 1.838 0 0.000
6901.00 1324.60 84.398446 0.0137100492351498 0.015862 214.494104 -1066819.224854 26.461895 108.641323 -20.882649 1265.124944 -7.814 -7.814 2.756661 3.196409 1.858 0 0.000
6801.00 1323.29 84.082161 0.0136995183639450 0.015864 213.629305 -1063191.189819 26.365464 108.243675 -20.814814 1260.660350 -7.826 -7.826 2.754054 3.196115 1.878 0 0.000
6701.00 1321.98 83.767955 0.0136820650736071 0.015857 212.770563 -1059584.356173 26.269623 107.848393 -20.746729 1256.220814 -7.837 -7.837 2.751430 3.195823 1.898 0 0.000
6601.00 1320.69 83.456401 0.0136578864079088 0.015842 211.919424 -1056005.853820 26.174549 107.456212 -20.678547 1251.814336 -7.849 -7.849 2.748791 3.195534 1.918 0 0.000
6501.00 1319.41 83.148043 0.0136272289145390 0.015821 211.077363 -1052462.525300 26.080415 107.067839 -20.610422 1247.448583 -7.860 -7.860 2.746142 3.195246 1.937 0 0.000
6401.00 1318.14 82.843400 0.0135903803908878 0.015792 210.245775 -1048960.878558 25.987382 106.683941 -20.542506 1243.130835 -7.872 -7.872 2.743485 3.194961 1.957 0 0.000
6301.00 1316.89 82.542956 0.0135476625243924 0.015756 209.425967 -1045507.049477 25.895605 106.305151 -20.474948 1238.867940 -7.883 -7.883 2.740822 3.194678 1.977 0 0.000
6201.00 1315.65 82.247163 0.0134994244175296 0.015713 208.619152 -1042106.772981 25.805224 105.932055 -20.407889 1234.666282 -7.895 -7.895 2.738156 3.194398 1.997 0 0.000
6101.00 1314.43 81.956438 0.0134460373880172 0.015665 207.826447 -1038765.361581 25.716373 105.565199 -20.341470 1230.531757 -7.906 -7.906 2.735489 3.194121 2.017 0 0.000
6001.00 1313.23 81.671161 0.0133878907955560 0.015611 207.048867 -1035487.689828 25.629172 105.205080 -20.275821 1226.469756 -7.917 -7.917 2.732822 3.193845 2.036 0 0.000
5901.00 1312.54 81.391673 0.0118736654071802 0.013862 206.287326 -1032278.157073 25.536981 104.818986 -20.053936 1221.443213 -7.911 -7.911 2.730074 3.193634 2.053 0 0.000
5801.00 1311.99 81.237632 0.0114475741153025 0.013378 205.867563 -1030621.947001 25.488675 104.617078 -19.982697 1218.962100 -7.898 -7.898 2.727292 3.193441 2.069 0 0.000
5701.00 1311.44 81.118846 0.0114442810797859 0.013387 205.543806 -1029401.728429 25.453249 104.469455 -19.966713 1217.278638 -7.885 -7.885 2.724499 3.193249 2.084 0 0.000
5601.00 1310.89 81.000504 0.0114416099554662 0.013397 205.221189 -1028185.626166 25.417953 104.322273 -19.950972 1215.602801 -7.872 -7.872 2.721695 3.193058 2.100 0 0.000
5501.00 1310.34 80.882554 0.0114395329447825 0.013407 204.899569 -1026973.000841 25.382771 104.175463 -19.935457 1213.933781 -7.859 -7.859 2.718879 3.192869 2.116 0 0.000
5401.00 1309.80 80.764945 0.0114380197628304 0.013418 204.578810 -1025763.243647 25.347688 104.028961 -19.920153 1212.270805 -7.846 -7.846 2.716052 3.192680 2.132 0 0.000
5301.00 1309.25 80.647630 0.0114370375978053 0.013430 204.258783 -1024555.778762 25.312688 103.882707 -19.905046 1210.613137 -7.832 -7.832 2.713214 3.192492 2.147 0 0.000
5201.00 1308.71 80.530566 0.0114365508870424 0.013443 203.939366 -1023350.065787 25.277759 103.736642 -19.890121 1208.960079 -7.818 -7.818 2.710365 3.192306 2.163 0 0.000
5101.00 1308.16 80.413711 0.0114365212447638 0.013456 203.620449 -1022145.602416 25.242886 103.590714 -19.875362 1207.310974 -7.804 -7.804 2.707504 3.192120 2.179 0 0.000
5001.00 1307.62 80.297028 0.0114369072913658 0.013470 203.301927 -1020941.927166 25.208058 103.444873 -19.860756 1205.665209 -7.790 -7.790 2.704633 3.191935 2.195 0 0.000
4901.00 1307.08 80.180483 0.0114376645187522 0.013484 202.983708 -1019738.622263 25.173265 103.299075 -19.846289 1204.022218 -7.775 -7.775 2.701751 3.191752 2.211 0 0.000
4801.00 1306.53 80.064046 0.0114387451777792 0.013499 202.665708 -1018535.316661 25.138496 103.153279 -19.831947 1202.381480 -7.761 -7.761 2.698859 3.191569 2.226 0 0.000
4701.00 1305.99 79.947691 0.0114400981749111 0.013514 202.347856 -1017331.689151 25.103743 103.007451 -19.817717 1200.742530 -7.747 -7.747 2.695956 3.191387 2.242 0 0.000
4601.00 1305.45 79.831395 0.0114416690350858 0.013530 202.030092 -1016127.471571 25.069000 102.861561 -19.803585 1199.104955 -7.733 -7.733 2.693043 3.191207 2.258 0 0.000
4501.00 1304.90 79.715142 0.0114433998969826 0.013545 201.712368 -1014922.452023 25.034260 102.715585 -19.789539 1197.468401 -7.719 -7.719 2.690121 3.191027 2.273 0 0.000
4401.00 1304.36 79.598919 0.0114452295892172 0.013561 201.394650 -1013716.478088 24.999520 102.569507 -19.775566 1195.832574 -7.705 -7.705 2.687189 3.190848 2.289 0 0.000
4301.00 1303.81 79.482719 0.0114470937859283 0.013577 201.076916 -1012509.459938 24.964776 102.423315 -19.761655 1194.197244 -7.691 -7.691 2.684248 3.190670 2.305 0 0.000
4201.00 1303.27 79.366538 0.0114489252601581 0.013594 200.759161 -1011301.373277 24.930028 102.277006 -19.747795 1192.562249 -7.677 -7.677 2.681298 3.190494 2.320 0 0.000
4101.00 1302.73 79.250380 0.0114506542526329 0.013610 200.441392 -1010092.262005 24.895276 102.130581 -19.733975 1190.927497 -7.664 -7.664 2.678340 3.190318 2.336 0 0.000
4001.00 1302.18 79.134254 0.0114522089546191 0.013626 200.123634 -1008882.240487 24.860523 101.984052 -19.720185 1189.292965 -7.651 -7.651 2.675374 3.190143 2.351 0 0.000
3901.00 1301.64 79.018174 0.0114535161315611 0.013641 199.805926 -1007671.495333 24.825773 101.837436 -19.706417 1187.658708 -7.639 -7.639 2.672401 3.189969 2.367 0 0.000
3801.00 1301.09 78.902159 0.0114545018853814 0.013657 199.488323 -1006460.286515 24.791032 101.690758 -19.692662 1186.024855 -7.626 -7.626 2.669421 3.189796 2.382 0 0.000
3701.00 1300.54 78.786237 0.0114550925433023 0.013672 199.170897 -1005248.947726 24.756307 101.544052 -19.678914 1184.391612 -7.615 -7.615 2.666435 3.189624 2.398 0 0.000
3601.00 1300.00 78.670437 0.0114552156861472 0.013687 198.853735 -1004037.885826 24.721608 101.397359 -19.665167 1182.759264 -7.603 -7.603 2.663443 3.189453 2.413 0 0.000
3501.00 1299.45 78.554799 0.0114548012937385 0.013701 198.536938 -1002827.579256 24.686947 101.250726 -19.651417 1181.128167 -7.593 -7.593 2.660447 3.189283 2.428 0 0.000
3401.00 1298.91 78.439363 0.0114537829653952 0.013714 198.220625 -1001618.575308 24.652336 101.104210 -19.637662 1179.498757 -7.583 -7.583 2.657446 3.189114 2.443 0 0.000
3301.00 1298.36 78.324177 0.0114520992521396 0.013726 197.904926 -1000411.486180 24.617791 100.957872 -19.623899 1177.871535 -7.573 -7.573 2.654441 3.188946 2.458 0 0.000
3201.00 1297.82 78.209294 0.0114496949525287 0.013738 197.589986 -999206.983719 24.583326 100.811783 -19.610131 1176.247071 -7.565 -7.565 2.651434 3.188778 2.473 0 0.000
3101.00 1297.28 77.994887 0.0101585570191208 0.012205 197.002072 -996743.759519 24.511141 100.510919 -19.405655 1172.507183 -7.556 -7.556 2.648435 3.188611 2.487 0 0.000
3001.00 1296.74 77.982396 0.0114433443016801 0.013760 196.967813 -996830.985731 24.515264 100.523039 -19.583127 1173.031330 -7.549 -7.549 2.645423 3.188445 2.502 0 0.000
2901.00 1296.19 77.868703 0.0114384826637522 0.013769 196.655935 -995637.941994 24.481131 100.378073 -19.569343 1171.418242 -7.543 -7.543 2.642412 3.188280 2.516 0 0.000
2801.00 1295.65 77.755559 0.0114327709200265 0.013777 196.345495 -994450.666902 24.447156 100.233684 -19.555575 1169.810767 -7.537 -7.537 2.639401 3.188116 2.530 0 0.000
2701.00 1295.11 77.643028 0.0114262025409685 0.013784 196.036674 -993270.004510 24.413359 100.089962 -19.541832 1168.209684 -7.533 -7.533 2.636392 3.187953 2.544 0 0.000
2601.00 1294.57 77.531175 0.0114187832557026 0.013790 195.729651 -992096.802607 24.379761 99.946994 -19.528127 1166.615790 -7.529 -7.529 2.633385 3.187790 2.558 0 0.000
2501.00 1294.04 77.420064 0.0114105313310022 0.013795 195.424605 -990931.900500 24.346382 99.804868 -19.514473 1165.029877 -7.527 -7.527 2.630382 3.187628 2.571 0 0.000
2401.00 1293.50 77.309757 0.0114014775470102 0.013798 195.121708 -989776.116590 24.313242 99.663671 -19.500885 1163.452727 -7.525 -7.525 2.627383 3.187467 2.584 0 0.000
2301.00 1292.97 77.200315 0.0113916649001120 0.013801 194.821128 -988630.236054 24.280359 99.523486 -19.487377 1161.885097 -7.525 -7.525 2.624389 3.187307 2.597 0 0.000
2201.00 1292.44 77.091793 0.0113811480468691 0.013804 194.523019 -987494.998880 24.247753 99.384392 -19.473969 1160.327705 -7.525 -7.525 2.621401 3.187147 2.610 0 0.000
2101.00 1291.91 76.984242 0.0113699925108019 0.013805 194.227524 -986371.088539 24.215438 99.246460 -19.460676 1158.781220 -7.527 -7.527 2.618420 3.186988 2.623 0 0.000
2001.00 1291.38 76.877709 0.0113582737243778 0.013805 193.934774 -985259.121486 24.183431 99.109758 -19.447518 1157.246248 -7.529 -7.529 2.615447 3.186830 2.635 0 0.000
1901.00 1290.86 76.772233 0.0113460758737325 0.013805 193.644878 -984159.637692 24.151744 98.974343 -19.434512 1155.723324 -7.533 -7.533 2.612483 3.186672 2.647 0 0.000
1801.00 1290.34 76.667848 0.0113334907551277 0.013805 193.357930 -983073.092349 24.120388 98.840265 -19.421677 1154.212904 -7.538 -7.538 2.609529 3.186515 2.658 0 0.000
1701.00 1289.82 76.564579 0.0113206165129387 0.013804 193.074005 -981999.848763 24.089372 98.707564 -19.409029 1152.715351 -7.544 -7.544 2.606584 3.186358 2.669 0 0.000
1601.00 1289.30 76.462446 0.0113075564651837 0.013803 192.793153 -980940.172525 24.058702 98.576269 -19.396586 1151.230937 -7.551 -7.551 2.603651 3.186202 2.680 0 0.000
1501.00 1288.79 76.361457 0.0112944179963752 0.013801 192.515405 -979894.226869 24.028382 98.446401 -19.384363 1149.759830 -7.560 -7.560 2.600731 3.186047 2.690 0 0.000
1401.00 1288.28 76.261615 0.0112813115812872 0.013800 192.240768 -978862.069143 23.998413 98.317967 -19.372375 1148.302094 -7.569 -7.569 2.597823 3.185893 2.700 0 0.000
1301.00 1287.77 76.162913 0.0112683499841258 0.013799 191.969225 -977843.648263 23.968793 98.190964 -19.360634 1146.857683 -7.580 -7.580 2.594929 3.185739 2.709 0 0.000
1201.00 1287.26 76.065336 0.0112556476540444 0.013797 191.700736 -976838.802955 23.939518 98.065378 -19.349153 1145.426443 -7.592 -7.592 2.592049 3.185586 2.718 0 0.000
1101.00 1286.76 75.968860 0.0112433203704972 0.013797 191.435237 -975847.260610 23.910581 97.941182 -19.337940 1144.008105 -7.605 -7.605 2.589184 3.185433 2.726 0 0.000
1001.00 1286.26 75.873452 0.0112314851096210 0.013797 191.172639 -974868.636489 23.881973 97.818339 -19.327004 1142.602289 -7.620 -7.620 2.586336 3.185281 2.734 0 0.000
901.00 1285.76 75.779071 0.0112202602061816 0.013797 190.912830 -973902.433061 23.853680 97.696798 -19.316351 1141.208500 -7.635 -7.635 2.583504 3.185130 2.741 0 0.000
801.00 1285.26 75.685667 0.0112097657876630 0.013798 190.655673 -972948.039199 23.825688 97.576499 -19.305985 1139.826127 -7.652 -7.652 2.580690 3.184980 2.747 0 0.000
701.00 1284.77 75.593180 0.0112001245068557 0.013801 190.401006 -972004.728959 23.797977 97.457367 -19.295909 1138.454444 -7.671 -7.671 2.577895 3.184830 2.753 0 0.000
601.00 1284.27 75.501543 0.0111914625994543 0.013804 190.148643 -971071.659660 23.770528 97.339317 -19.286125 1137.092605 -7.690 -7.690 2.575118 3.184681 2.759 0 0.000
501.00 1283.78 75.410677 0.0111839112859786 0.013809 189.898370 -970147.868957 23.743315 97.222251 -19.276632 1135.739643 -7.711 -7.711 2.572362 3.184534 2.763 0 0.000
401.00 1283.28 75.320495 0.0111776085601066 0.013815 189.649949 -969232.270589 23.716312 97.106056 -19.267429 1134.394465 -7.734 -7.734 2.569627 3.184387 2.767 0 0.000
301.00 1282.79 75.230901 0.0111727014136840 0.013823 189.403114 -968323.648430 23.689488 96.990609 -19.258512 1133.055847 -7.757 -7.757 2.566913 3.184241 2.770 0 0.000
201.00 1282.30 75.141787 0.0111693485684537 0.013832 189.157566 -967420.648440 23.662809 96.875771 -19.249877 1131.722423 -7.783 -7.783 2.564223 3.184097 2.772 0 0.000
101.00 1281.81 75.053032 0.0111677238282081 0.013844 188.912978 -966521.768056 23.636239 96.761386 -19.241521 1130.392678 -7.810 -7.810 2.561556 3.183954 2.773 0 0.000
1.00 1281.31 74.964506 0.0111680199635288 0.013858 188.668987 -965625.342432 23.609737 96.647284 -19.233514 1129.064257 -7.838 -7.838 2.558900 3.183812 2.774 0 0.000
