Title: Depleted MORB Mantle of Workmann & Hart 2005

System Thermodynamic Data:
Pressure Temperature mass F phi S H V Cp dVdP*10^6 dVdT*10^6 fO2(absolute) fO2(absolute) rhol rhos viscosity aH2O chisqr
44001.00 1198.12 100.138999 0.0000000000000000 0.000000 236.820037 -1177217.498773 29.878849 123.214352 -19.843084 1351.156769 -7.438 -7.438 0.000000 3.351501 0.000 0 0.000
43901.00 1197.95 100.138999 0.0000000000000000 0.000000 236.820037 -1177516.296806 29.880757 123.219908 -19.849941 1351.095078 -7.442 -7.442 0.000000 3.351287 0.000 0 0.000
43801.00 1197.78 100.138999 0.0000000000000000 0.000000 236.820037 -1177815.113928 29.882667 123.225463 -19.856802 1351.033493 -7.447 -7.447 0.000000 3.351073 0.000 0 0.000
43701.00 1197.61 100.138999 0.0000000000000000 0.000000 236.820037 -1178113.950155 29.884579 123.231018 -19.863666 1350.972015 -7.451 -7.451 0.000000 3.350859 0.000 0 0.000
43601.00 1197.44 100.138999 0.0000000000000000 0.000000 236.820037 -1178412.805506 29.886492 123.236573 -19.870534 1350.910646 -7.456 -7.456 0.000000 3.350644 0.000 0 0.000
43501.00 1197.27 100.138999 0.0000000000000000 0.000000 236.820037 -1178711.679999 29.888407 123.242127 -19.877405 1350.849385 -7.460 -7.460 0.000000 3.350429 0.000 0 0.000
43401.00 1197.09 100.138999 0.0000000000000000 0.000000 236.820037 -1179010.573649 29.890324 123.247681 -19.884280 1350.788233 -7.465 -7.465 0.000000 3.350215 0.000 0 0.000
43301.00 1196.92 100.138999 0.0000000000000000 0.000000 236.820037 -1179309.486475 29.892242 123.253235 -19.891158 1350.727192 -7.470 -7.470 0.000000 3.350000 0.000 0 0.000
43201.00 1196.75 100.138999 0.0000000000000000 0.000000 236.820037 -1179608.418496 29.894162 123.258788 -19.898041 1350.666263 -7.474 -7.474 0.000000 3.349784 0.000 0 0.000
43101.00 1196.58 100.138999 0.0000000000000000 0.000000 236.820037 -1179907.369727 29.896084 123.264341 -19.904927 1350.605445 -7.479 -7.479 0.000000 3.349569 0.000 0 0.000
43001.00 1196.41 100.138999 0.0000000000000000 0.000000 236.820037 -1180206.340189 29.898008 123.269893 -19.911816 1350.544741 -7.483 -7.483 0.000000 3.349354 0.000 0 0.000
42901.00 1196.24 100.138999 0.0000000000000000 0.000000 236.820037 -1180505.329897 29.899934 123.275446 -19.918710 1350.484150 -7.488 -7.488 0.000000 3.349138 0.000 0 0.000
42801.00 1196.07 100.138999 0.0000000000000000 0.000000 236.820037 -1180804.338872 29.901861 123.280997 -19.925607 1350.423674 -7.493 -7.493 0.000000 3.348922 0.000 0 0.000
42701.00 1195.89 100.138999 0.0000000000000000 0.000000 236.820037 -1181103.367130 29.903791 123.286549 -19.932508 1350.363314 -7.497 -7.497 0.000000 3.348706 0.000 0 0.000
42601.00 1195.72 100.138999 0.0000000000000000 0.000000 236.820037 -1181402.414690 29.905722 123.292101 -19.939413 1350.303070 -7.502 -7.502 0.000000 3.348490 0.000 0 0.000
42501.00 1195.55 100.138999 0.0000000000000000 0.000000 236.820037 -1181701.481571 29.907655 123.297652 -19.946322 1350.242944 -7.507 -7.507 0.000000 3.348273 0.000 0 0.000
42401.00 1195.38 100.138999 0.0000000000000000 0.000000 236.820037 -1182000.567791 29.909590 123.303203 -19.953235 1350.182936 -7.511 -7.511 0.000000 3.348057 0.000 0 0.000
42301.00 1195.21 100.138999 0.0000000000000000 0.000000 236.820037 -1182299.673368 29.911526 123.308753 -19.960151 1350.123048 -7.516 -7.516 0.000000 3.347840 0.000 0 0.000
42201.00 1195.04 100.138999 0.0000000000000000 0.000000 236.820037 -1182598.798322 29.913465 123.314304 -19.967072 1350.063280 -7.521 -7.521 0.000000 3.347623 0.000 0 0.000
42101.00 1194.86 100.138999 0.0000000000000000 0.000000 236.820037 -1182897.942672 29.915405 123.319854 -19.973997 1350.003633 -7.526 -7.526 0.000000 3.347406 0.000 0 0.000
42001.00 1194.69 100.138999 0.0000000000000000 0.000000 236.820037 -1183197.106435 29.917348 123.325404 -19.980926 1349.944109 -7.530 -7.530 0.000000 3.347188 0.000 0 0.000
41901.00 1194.52 100.138999 0.0000000000000000 0.000000 236.820037 -1183496.289632 29.919292 123.330954 -19.987859 1349.884708 -7.535 -7.535 0.000000 3.346971 0.000 0 0.000
41801.00 1194.35 100.138999 0.0000000000000000 0.000000 236.820037 -1183795.492281 29.921238 123.336504 -19.994796 1349.825431 -7.540 -7.540 0.000000 3.346753 0.000 0 0.000
41701.00 1194.18 100.138999 0.0000000000000000 0.000000 236.820037 -1184094.714402 29.923186 123.342053 -20.001737 1349.766279 -7.545 -7.545 0.000000 3.346535 0.000 0 0.000
41601.00 1194.01 100.138999 0.0000000000000000 0.000000 236.820037 -1184393.956014 29.925136 123.347602 -20.008683 1349.707254 -7.550 -7.550 0.000000 3.346317 0.000 0 0.000
41501.00 1193.83 100.138999 0.0000000000000000 0.000000 236.820037 -1184693.217136 29.927088 123.353152 -20.015632 1349.648357 -7.554 -7.554 0.000000 3.346099 0.000 0 0.000
41401.00 1193.66 100.138999 0.0000000000000000 0.000000 236.820037 -1184992.497789 29.929042 123.358701 -20.022586 1349.589587 -7.559 -7.559 0.000000 3.345880 0.000 0 0.000
41301.00 1193.49 100.138999 0.0000000000000000 0.000000 236.820037 -1185291.797992 29.930998 123.364250 -20.029545 1349.530948 -7.564 -7.564 0.000000 3.345662 0.000 0 0.000
41201.00 1193.32 100.138999 0.0000000000000000 0.000000 236.820037 -1185591.117765 29.932956 123.369799 -20.036508 1349.472438 -7.569 -7.569 0.000000 3.345443 0.000 0 0.000
41101.00 1193.15 100.138999 0.0000000000000000 0.000000 236.820037 -1185890.457128 29.934916 123.375348 -20.043475 1349.414061 -7.574 -7.574 0.000000 3.345224 0.000 0 0.000
41001.00 1192.98 100.138999 0.0000000000000000 0.000000 236.820037 -1186189.816101 29.936878 123.380897 -20.050447 1349.355816 -7.579 -7.579 0.000000 3.345005 0.000 0 0.000
40901.00 1192.80 100.138999 0.0000000000000000 0.000000 236.820037 -1186489.194704 29.938843 123.386445 -20.057423 1349.297706 -7.584 -7.584 0.000000 3.344785 0.000 0 0.000
40801.00 1192.63 100.138999 0.0000000000000000 0.000000 236.820037 -1186788.592958 29.940809 123.391994 -20.064404 1349.239730 -7.588 -7.588 0.000000 3.344566 0.000 0 0.000
40701.00 1192.46 100.138999 0.0000000000000000 0.000000 236.820037 -1187088.010884 29.942777 123.397543 -20.071389 1349.181891 -7.593 -7.593 0.000000 3.344346 0.000 0 0.000
40601.00 1192.29 100.138999 0.0000000000000000 0.000000 236.820037 -1187387.448501 29.944747 123.403092 -20.078379 1349.124190 -7.598 -7.598 0.000000 3.344126 0.000 0 0.000
40501.00 1192.12 100.138999 0.0000000000000000 0.000000 236.820037 -1187686.905831 29.946719 123.408641 -20.085374 1349.066626 -7.603 -7.603 0.000000 3.343905 0.000 0 0.000
40401.00 1191.94 100.138999 0.0000000000000000 0.000000 236.820037 -1187986.382894 29.948694 123.414190 -20.092373 1349.009203 -7.608 -7.608 0.000000 3.343685 0.000 0 0.000
40301.00 1191.77 100.138999 0.0000000000000000 0.000000 236.820037 -1188285.879712 29.950670 123.419738 -20.099377 1348.951921 -7.613 -7.613 0.000000 3.343464 0.000 0 0.000
40201.00 1191.60 100.138999 0.0000000000000000 0.000000 236.820037 -1188585.396306 29.952649 123.425287 -20.106386 1348.894781 -7.618 -7.618 0.000000 3.343244 0.000 0 0.000
40101.00 1191.43 100.138999 0.0000000000000000 0.000000 236.820037 -1188884.932697 29.954630 123.430837 -20.113400 1348.837785 -7.623 -7.623 0.000000 3.343022 0.000 0 0.000
40001.00 1191.26 100.138999 0.0000000000000000 0.000000 236.820037 -1189184.488907 29.956613 123.436386 -20.120419 1348.780934 -7.628 -7.628 0.000000 3.342801 0.000 0 0.000
39901.00 1191.08 100.138999 0.0000000000000000 0.000000 236.820037 -1189484.064957 29.958598 123.441935 -20.127443 1348.724228 -7.633 -7.633 0.000000 3.342580 0.000 0 0.000
39801.00 1190.91 100.138999 0.0000000000000000 0.000000 236.820037 -1189783.660868 29.960585 123.447485 -20.134471 1348.667671 -7.638 -7.638 0.000000 3.342358 0.000 0 0.000
39701.00 1190.74 100.138999 0.0000000000000000 0.000000 236.820037 -1190083.276664 29.962574 123.453034 -20.141505 1348.611262 -7.643 -7.643 0.000000 3.342136 0.000 0 0.000
39601.00 1190.57 100.138999 0.0000000000000000 0.000000 236.820037 -1190382.912366 29.964566 123.458584 -20.148544 1348.555003 -7.648 -7.648 0.000000 3.341914 0.000 0 0.000
39501.00 1190.40 100.138999 0.0000000000000000 0.000000 236.820037 -1190682.567996 29.966560 123.464134 -20.155588 1348.498895 -7.653 -7.653 0.000000 3.341691 0.000 0 0.000
39401.00 1190.22 100.138999 0.0000000000000000 0.000000 236.820037 -1190982.243576 29.968556 123.469685 -20.162637 1348.442941 -7.659 -7.659 0.000000 3.341469 0.000 0 0.000
39301.00 1190.05 100.138999 0.0000000000000000 0.000000 236.820037 -1191281.939129 29.970555 123.475235 -20.169691 1348.387141 -7.664 -7.664 0.000000 3.341246 0.000 0 0.000
39201.00 1189.88 100.138999 0.0000000000000000 0.000000 236.820037 -1191581.654678 29.972555 123.480786 -20.176751 1348.331496 -7.669 -7.669 0.000000 3.341023 0.000 0 0.000
39101.00 1189.71 100.138999 0.0000000000000000 0.000000 236.820037 -1191881.390246 29.974558 123.486337 -20.183816 1348.276009 -7.674 -7.674 0.000000 3.340800 0.000 0 0.000
39001.00 1189.53 100.138999 0.0000000000000000 0.000000 236.820037 -1192181.145855 29.976564 123.491888 -20.190886 1348.220680 -7.679 -7.679 0.000000 3.340576 0.000 0 0.000
38901.00 1189.36 100.138999 0.0000000000000000 0.000000 236.820037 -1192480.921529 29.978571 123.497440 -20.197962 1348.165512 -7.684 -7.684 0.000000 3.340353 0.000 0 0.000
38801.00 1189.19 100.138999 0.0000000000000000 0.000000 236.820037 -1192780.717291 29.980581 123.502992 -20.205044 1348.110505 -7.689 -7.689 0.000000 3.340129 0.000 0 0.000
38701.00 1189.02 100.138999 0.0000000000000000 0.000000 236.820037 -1193080.533164 29.982594 123.508545 -20.212131 1348.055661 -7.695 -7.695 0.000000 3.339904 0.000 0 0.000
38601.00 1188.84 100.138999 0.0000000000000000 0.000000 236.820037 -1193380.369173 29.984608 123.514097 -20.219223 1348.000982 -7.700 -7.700 0.000000 3.339680 0.000 0 0.000
38501.00 1188.67 100.138999 0.0000000000000000 0.000000 236.820037 -1193680.225341 29.986626 123.519651 -20.226321 1347.946469 -7.705 -7.705 0.000000 3.339455 0.000 0 0.000
38401.00 1188.50 100.138999 0.0000000000000000 0.000000 236.820037 -1193980.101692 29.988645 123.525204 -20.233425 1347.892124 -7.710 -7.710 0.000000 3.339231 0.000 0 0.000
38301.00 1188.33 100.138999 0.0000000000000000 0.000000 236.820037 -1194279.998250 29.990667 123.530759 -20.240535 1347.837948 -7.715 -7.715 0.000000 3.339005 0.000 0 0.000
38201.00 1188.15 100.138999 0.0000000000000000 0.000000 236.820037 -1194579.915040 29.992691 123.536313 -20.247651 1347.783944 -7.721 -7.721 0.000000 3.338780 0.000 0 0.000
38101.00 1187.98 100.138999 0.0000000000000000 0.000000 236.820037 -1194879.852086 29.994718 123.541868 -20.254772 1347.730113 -7.726 -7.726 0.000000 3.338554 0.000 0 0.000
38001.00 1187.81 100.138999 0.0000000000000000 0.000000 236.820037 -1195179.809414 29.996748 123.547424 -20.261899 1347.676455 -7.731 -7.731 0.000000 3.338329 0.000 0 0.000
37901.00 1187.64 100.138999 0.0000000000000000 0.000000 236.820037 -1195479.787047 29.998779 123.552980 -20.269033 1347.622975 -7.737 -7.737 0.000000 3.338102 0.000 0 0.000
37801.00 1187.46 100.138999 0.0000000000000000 0.000000 236.820037 -1195779.785012 30.000814 123.558537 -20.276172 1347.569672 -7.742 -7.742 0.000000 3.337876 0.000 0 0.000
37701.00 1187.29 100.138999 0.0000000000000000 0.000000 236.820037 -1196079.803333 30.002851 123.564095 -20.283318 1347.516549 -7.747 -7.747 0.000000 3.337649 0.000 0 0.000
37601.00 1187.12 100.138999 0.0000000000000000 0.000000 236.820037 -1196379.842036 30.004890 123.569653 -20.290470 1347.463607 -7.753 -7.753 0.000000 3.337423 0.000 0 0.000
37501.00 1186.94 100.138999 0.0000000000000000 0.000000 236.820037 -1196679.901147 30.006932 123.575211 -20.297628 1347.410849 -7.758 -7.758 0.000000 3.337195 0.000 0 0.000
37401.00 1186.77 100.138999 0.0000000000000000 0.000000 236.820037 -1196979.980692 30.008977 123.580771 -20.304793 1347.358276 -7.763 -7.763 0.000000 3.336968 0.000 0 0.000
37301.00 1186.60 100.138999 0.0000000000000000 0.000000 236.820037 -1197280.080696 30.011024 123.586331 -20.311964 1347.305890 -7.769 -7.769 0.000000 3.336740 0.000 0 0.000
37201.00 1186.43 100.138999 0.0000000000000000 0.000000 236.820037 -1197580.201188 30.013074 123.591892 -20.319141 1347.253693 -7.774 -7.774 0.000000 3.336513 0.000 0 0.000
37101.00 1186.25 100.138999 0.0000000000000000 0.000000 236.820037 -1197880.342191 30.015127 123.597454 -20.326325 1347.201687 -7.780 -7.780 0.000000 3.336284 0.000 0 0.000
37001.00 1186.08 100.138999 0.0000000000000000 0.000000 236.820037 -1198180.503735 30.017182 123.603016 -20.333516 1347.149874 -7.785 -7.785 0.000000 3.336056 0.000 0 0.000
36901.00 1185.91 100.138999 0.0000000000000000 0.000000 236.820037 -1198480.685846 30.019240 123.608579 -20.340713 1347.098256 -7.791 -7.791 0.000000 3.335827 0.000 0 0.000
36801.00 1185.73 100.138999 0.0000000000000000 0.000000 236.820037 -1198780.888550 30.021301 123.614144 -20.347917 1347.046835 -7.796 -7.796 0.000000 3.335598 0.000 0 0.000
36701.00 1185.56 100.138999 0.0000000000000000 0.000000 236.820037 -1199081.111876 30.023365 123.619709 -20.355128 1346.995613 -7.802 -7.802 0.000000 3.335369 0.000 0 0.000
36601.00 1185.39 100.138999 0.0000000000000000 0.000000 236.820037 -1199381.355852 30.025431 123.625275 -20.362346 1346.944592 -7.807 -7.807 0.000000 3.335139 0.000 0 0.000
36501.00 1185.21 100.138999 0.0000000000000000 0.000000 236.820037 -1199681.620504 30.027500 123.630842 -20.369570 1346.893774 -7.813 -7.813 0.000000 3.334910 0.000 0 0.000
36401.00 1185.04 100.138999 0.0000000000000000 0.000000 236.820037 -1199981.905862 30.029572 123.636410 -20.376802 1346.843162 -7.818 -7.818 0.000000 3.334680 0.000 0 0.000
36301.00 1184.87 100.138999 0.0000000000000000 0.000000 236.820037 -1200282.211954 30.031647 123.641979 -20.384041 1346.792758 -7.824 -7.824 0.000000 3.334449 0.000 0 0.000
36201.00 1184.69 100.138999 0.0000000000000000 0.000000 236.820037 -1200582.538808 30.033725 123.647549 -20.391287 1346.742563 -7.829 -7.829 0.000000 3.334218 0.000 0 0.000
36101.00 1184.52 100.138999 0.0000000000000000 0.000000 236.820037 -1200882.886454 30.035805 123.653120 -20.398541 1346.692581 -7.835 -7.835 0.000000 3.333988 0.000 0 0.000
36001.00 1184.35 100.138999 0.0000000000000000 0.000000 236.820037 -1201183.254921 30.037889 123.658692 -20.405801 1346.642813 -7.840 -7.840 0.000000 3.333756 0.000 0 0.000
35901.00 1184.17 100.138999 0.0000000000000000 0.000000 236.820037 -1201483.644238 30.039975 123.664265 -20.413070 1346.593262 -7.846 -7.846 0.000000 3.333525 0.000 0 0.000
35801.00 1184.00 100.138999 0.0000000000000000 0.000000 236.820037 -1201784.054435 30.042065 123.669840 -20.420345 1346.543931 -7.852 -7.852 0.000000 3.333293 0.000 0 0.000
35701.00 1183.83 100.138999 0.0000000000000000 0.000000 236.820037 -1202084.485542 30.044157 123.675416 -20.427629 1346.494821 -7.857 -7.857 0.000000 3.333061 0.000 0 0.000
35601.00 1183.65 100.138999 0.0000000000000000 0.000000 236.820037 -1202384.937589 30.046253 123.680993 -20.434920 1346.445935 -7.863 -7.863 0.000000 3.332828 0.000 0 0.000
35501.00 1183.48 100.138999 0.0000000000000000 0.000000 236.820037 -1202685.410607 30.048351 123.686572 -20.442219 1346.397276 -7.869 -7.869 0.000000 3.332595 0.000 0 0.000
35401.00 1183.31 100.138999 0.0000000000000000 0.000000 236.820037 -1202985.904626 30.050453 123.692151 -20.449525 1346.348847 -7.874 -7.874 0.000000 3.332362 0.000 0 0.000
35301.00 1183.13 100.138999 0.0000000000000000 0.000000 236.820037 -1203286.419679 30.052558 123.697733 -20.456840 1346.300649 -7.880 -7.880 0.000000 3.332129 0.000 0 0.000
35201.00 1182.96 100.138999 0.0000000000000000 0.000000 236.820037 -1203586.955795 30.054666 123.703315 -20.464163 1346.252686 -7.886 -7.886 0.000000 3.331895 0.000 0 0.000
35101.00 1182.78 100.138999 0.0000000000000000 0.000000 236.820037 -1203887.513008 30.056777 123.708899 -20.471494 1346.204960 -7.892 -7.892 0.000000 3.331661 0.000 0 0.000
35001.00 1182.61 100.138999 0.0000000000000000 0.000000 236.820037 -1204188.091349 30.058892 123.714485 -20.478833 1346.157474 -7.897 -7.897 0.000000 3.331427 0.000 0 0.000
34901.00 1182.44 100.138999 0.0000000000000000 0.000000 236.820037 -1204488.690850 30.061009 123.720072 -20.486180 1346.110231 -7.903 -7.903 0.000000 3.331192 0.000 0 0.000
34801.00 1182.26 100.138999 0.0000000000000000 0.000000 236.820037 -1204789.311544 30.063130 123.725661 -20.493536 1346.063233 -7.909 -7.909 0.000000 3.330957 0.000 0 0.000
34701.00 1182.09 100.138999 0.0000000000000000 0.000000 236.820037 -1205089.953464 30.065254 123.731251 -20.500901 1346.016484 -7.915 -7.915 0.000000 3.330722 0.000 0 0.000
34601.00 1181.91 100.138999 0.0000000000000000 0.000000 236.820037 -1205390.616643 30.067382 123.736844 -20.508274 1345.969987 -7.921 -7.921 0.000000 3.330486 0.000 0 0.000
34501.00 1181.74 100.138999 0.0000000000000000 0.000000 236.820037 -1205691.301116 30.069513 123.742438 -20.515656 1345.923744 -7.927 -7.927 0.000000 3.330250 0.000 0 0.000
34401.00 1181.57 100.138999 0.0000000000000000 0.000000 236.820037 -1205992.006916 30.071647 123.748033 -20.523046 1345.877759 -7.933 -7.933 0.000000 3.330014 0.000 0 0.000
34301.00 1181.39 100.138999 0.0000000000000000 0.000000 236.820037 -1206292.734076 30.073785 123.753631 -20.530446 1345.832035 -7.938 -7.938 0.000000 3.329777 0.000 0 0.000
34201.00 1181.22 100.138999 0.0000000000000000 0.000000 236.820037 -1206593.482633 30.075927 123.759230 -20.537855 1345.786575 -7.944 -7.944 0.000000 3.329540 0.000 0 0.000
34101.00 1181.04 100.138999 0.0000000000000000 0.000000 236.820037 -1206894.252622 30.078072 123.764832 -20.545273 1345.741381 -7.950 -7.950 0.000000 3.329303 0.000 0 0.000
34001.00 1180.87 100.138999 0.0000000000000000 0.000000 236.820037 -1207195.044076 30.080220 123.770435 -20.552700 1345.696459 -7.956 -7.956 0.000000 3.329065 0.000 0 0.000
33901.00 1180.69 100.138999 0.0000000000000000 0.000000 236.820037 -1207495.857033 30.082372 123.776041 -20.560136 1345.651810 -7.962 -7.962 0.000000 3.328827 0.000 0 0.000
33801.00 1180.52 100.138999 0.0000000000000000 0.000000 236.820037 -1207796.691529 30.084528 123.781648 -20.567582 1345.607438 -7.968 -7.968 0.000000 3.328588 0.000 0 0.000
33701.00 1180.34 100.138999 0.0000000000000000 0.000000 236.820037 -1208097.547599 30.086687 123.787258 -20.575038 1345.563347 -7.974 -7.974 0.000000 3.328349 0.000 0 0.000
33601.00 1180.17 100.138999 0.0000000000000000 0.000000 236.820037 -1208398.425282 30.088850 123.792870 -20.582504 1345.519541 -7.980 -7.980 0.000000 3.328110 0.000 0 0.000
33501.00 1179.99 100.138999 0.0000000000000000 0.000000 236.820037 -1208699.324614 30.091017 123.798484 -20.589979 1345.476022 -7.986 -7.986 0.000000 3.327870 0.000 0 0.000
33401.00 1179.82 100.138999 0.0000000000000000 0.000000 236.820037 -1209000.245633 30.093188 123.804101 -20.597464 1345.432795 -7.993 -7.993 0.000000 3.327630 0.000 0 0.000
33301.00 1179.64 100.138999 0.0000000000000000 0.000000 236.820037 -1209301.188378 30.095362 123.809720 -20.604960 1345.389864 -7.999 -7.999 0.000000 3.327390 0.000 0 0.000
33201.00 1179.47 100.138999 0.0000000000000000 0.000000 236.820037 -1209602.152887 30.097540 123.815341 -20.612465 1345.347232 -8.005 -8.005 0.000000 3.327149 0.000 0 0.000
33101.00 1179.29 100.138999 0.0000000000000000 0.000000 236.820037 -1209903.139198 30.099723 123.820965 -20.619981 1345.304903 -8.011 -8.011 0.000000 3.326908 0.000 0 0.000
33001.00 1179.12 100.138999 0.0000000000000000 0.000000 236.820037 -1210204.147353 30.101909 123.826592 -20.627508 1345.262881 -8.017 -8.017 0.000000 3.326666 0.000 0 0.000
32901.00 1178.94 100.138999 0.0000000000000000 0.000000 236.820037 -1210505.177390 30.104099 123.832221 -20.635045 1345.221171 -8.023 -8.023 0.000000 3.326424 0.000 0 0.000
32801.00 1178.77 100.138999 0.0000000000000000 0.000000 236.820037 -1210806.229350 30.106293 123.837853 -20.642593 1345.179776 -8.030 -8.030 0.000000 3.326182 0.000 0 0.000
32701.00 1178.59 100.138999 0.0000000000000000 0.000000 236.820037 -1211107.303273 30.108492 123.843488 -20.650152 1345.138701 -8.036 -8.036 0.000000 3.325939 0.000 0 0.000
32601.00 1178.42 100.138999 0.0000000000000000 0.000000 236.820037 -1211408.399202 30.110695 123.849126 -20.657722 1345.097951 -8.042 -8.042 0.000000 3.325695 0.000 0 0.000
32501.00 1178.24 100.138999 0.0000000000000000 0.000000 236.820037 -1211709.517179 30.112901 123.854766 -20.665303 1345.057528 -8.048 -8.048 0.000000 3.325452 0.000 0 0.000
32401.00 1178.06 100.138999 0.0000000000000000 0.000000 236.820037 -1212010.657244 30.115112 123.860410 -20.672896 1345.017439 -8.055 -8.055 0.000000 3.325208 0.000 0 0.000
32301.00 1177.89 100.138999 0.0000000000000000 0.000000 236.820037 -1212311.819442 30.117328 123.866057 -20.680500 1344.977688 -8.061 -8.061 0.000000 3.324963 0.000 0 0.000
32201.00 1177.71 100.138999 0.0000000000000000 0.000000 236.820037 -1212613.003816 30.119548 123.871707 -20.688116 1344.938279 -8.067 -8.067 0.000000 3.324718 0.000 0 0.000
32101.00 1177.54 100.138999 0.0000000000000000 0.000000 236.820037 -1212914.210410 30.121772 123.877360 -20.695743 1344.899217 -8.074 -8.074 0.000000 3.324472 0.000 0 0.000
32001.00 1177.36 100.138999 0.0000000000000000 0.000000 236.820037 -1213215.439268 30.124001 123.883017 -20.703383 1344.860508 -8.080 -8.080 0.000000 3.324226 0.000 0 0.000
31901.00 1177.18 100.138999 0.0000000000000000 0.000000 236.820037 -1213516.690436 30.126234 123.888677 -20.711035 1344.822156 -8.086 -8.086 0.000000 3.323980 0.000 0 0.000
31801.00 1177.01 100.138999 0.0000000000000000 0.000000 236.820037 -1213817.963958 30.128472 123.894340 -20.718699 1344.784167 -8.093 -8.093 0.000000 3.323733 0.000 0 0.000
31701.00 1176.83 100.138999 0.0000000000000000 0.000000 236.820037 -1214119.259882 30.130714 123.900007 -20.726375 1344.746545 -8.099 -8.099 0.000000 3.323486 0.000 0 0.000
31601.00 1176.66 100.138999 0.0000000000000000 0.000000 236.820037 -1214420.578254 30.132961 123.905678 -20.734065 1344.709296 -8.106 -8.106 0.000000 3.323238 0.000 0 0.000
31501.00 1176.48 100.138999 0.0000000000000000 0.000000 236.820037 -1214721.919121 30.135213 123.911353 -20.741767 1344.672426 -8.112 -8.112 0.000000 3.322990 0.000 0 0.000
31401.00 1176.30 100.138999 0.0000000000000000 0.000000 236.820037 -1215023.282532 30.137470 123.917031 -20.749482 1344.635940 -8.119 -8.119 0.000000 3.322741 0.000 0 0.000
31301.00 1176.13 100.138999 0.0000000000000000 0.000000 236.820037 -1215324.668535 30.139732 123.922714 -20.757210 1344.599844 -8.125 -8.125 0.000000 3.322491 0.000 0 0.000
31201.00 1175.95 100.138999 0.0000000000000000 0.000000 236.820037 -1215626.077180 30.141998 123.928401 -20.764952 1344.564144 -8.132 -8.132 0.000000 3.322242 0.000 0 0.000
31101.00 1175.77 100.138999 0.0000000000000000 0.000000 236.820037 -1215927.508516 30.144270 123.934091 -20.772708 1344.528846 -8.139 -8.139 0.000000 3.321991 0.000 0 0.000
31001.00 1175.59 100.138999 0.0000000000000000 0.000000 236.820037 -1216228.962595 30.146547 123.939787 -20.780477 1344.493956 -8.145 -8.145 0.000000 3.321740 0.000 0 0.000
30901.00 1175.42 100.138999 0.0000000000000000 0.000000 236.820037 -1216530.439467 30.148829 123.945486 -20.788260 1344.459481 -8.152 -8.152 0.000000 3.321489 0.000 0 0.000
30801.00 1175.24 100.138999 0.0000000000000000 0.000000 236.820037 -1216831.939186 30.151116 123.951190 -20.796058 1344.425426 -8.158 -8.158 0.000000 3.321237 0.000 0 0.000
30701.00 1175.06 100.138999 0.0000000000000000 0.000000 236.820037 -1217133.461803 30.153408 123.956899 -20.803870 1344.391799 -8.165 -8.165 0.000000 3.320984 0.000 0 0.000
30601.00 1174.89 100.138999 0.0000000000000000 0.000000 236.820037 -1217435.007373 30.155706 123.962613 -20.811696 1344.358606 -8.172 -8.172 0.000000 3.320731 0.000 0 0.000
30501.00 1174.71 100.138999 0.0000000000000000 0.000000 236.820037 -1217736.575949 30.158010 123.968331 -20.819538 1344.325854 -8.179 -8.179 0.000000 3.320478 0.000 0 0.000
30401.00 1174.53 100.138999 0.0000000000000000 0.000000 236.820037 -1218038.167587 30.160319 123.974054 -20.827394 1344.293551 -8.185 -8.185 0.000000 3.320223 0.000 0 0.000
30301.00 1174.35 100.138999 0.0000000000000000 0.000000 236.820037 -1218339.782343 30.162633 123.979783 -20.835266 1344.261703 -8.192 -8.192 0.000000 3.319969 0.000 0 0.000
30201.00 1174.17 100.138999 0.0000000000000000 0.000000 236.820037 -1218641.420274 30.164954 123.985517 -20.843154 1344.230318 -8.199 -8.199 0.000000 3.319713 0.000 0 0.000
30101.00 1174.00 100.138999 0.0000000000000000 0.000000 236.820037 -1218943.081437 30.167280 123.991256 -20.851057 1344.199404 -8.206 -8.206 0.000000 3.319457 0.000 0 0.000
30001.00 1173.82 100.138999 0.0000000000000000 0.000000 236.820037 -1219244.765891 30.169612 123.997001 -20.858976 1344.168968 -8.213 -8.213 0.000000 3.319201 0.000 0 0.000
29901.00 1173.64 100.138999 0.0000000000000000 0.000000 236.820037 -1219546.473696 30.171950 124.002751 -20.866912 1344.139019 -8.220 -8.220 0.000000 3.318944 0.000 0 0.000
29801.00 1173.46 100.138999 0.0000000000000000 0.000000 236.820037 -1219848.204911 30.174294 124.008507 -20.874864 1344.109564 -8.227 -8.227 0.000000 3.318686 0.000 0 0.000
29701.00 1173.28 100.138999 0.0000000000000000 0.000000 236.820037 -1220149.959598 30.176644 124.014270 -20.882833 1344.080612 -8.234 -8.234 0.000000 3.318427 0.000 0 0.000
29601.00 1173.10 100.138999 0.0000000000000000 0.000000 236.820037 -1220451.737819 30.179001 124.020038 -20.890819 1344.052173 -8.241 -8.241 0.000000 3.318168 0.000 0 0.000
29501.00 1172.92 100.138999 0.0000000000000000 0.000000 236.820037 -1220753.539637 30.181364 124.025813 -20.898823 1344.024254 -8.248 -8.248 0.000000 3.317908 0.000 0 0.000
29401.00 1172.75 100.138999 0.0000000000000000 0.000000 236.820037 -1221055.365117 30.183733 124.031594 -20.906844 1343.996864 -8.255 -8.255 0.000000 3.317648 0.000 0 0.000
29301.00 1172.57 100.138999 0.0000000000000000 0.000000 236.820037 -1221357.214324 30.186109 124.037382 -20.914883 1343.970014 -8.262 -8.262 0.000000 3.317387 0.000 0 0.000
29201.00 1172.39 100.138999 0.0000000000000000 0.000000 236.820037 -1221659.087324 30.188492 124.043177 -20.922941 1343.943712 -8.269 -8.269 0.000000 3.317125 0.000 0 0.000
29101.00 1172.21 100.138999 0.0000000000000000 0.000000 236.820037 -1221960.984184 30.190881 124.048978 -20.931017 1343.917968 -8.276 -8.276 0.000000 3.316862 0.000 0 0.000
29001.00 1172.03 100.138999 0.0000000000000000 0.000000 236.820037 -1222262.904973 30.193278 124.054787 -20.939112 1343.892794 -8.283 -8.283 0.000000 3.316599 0.000 0 0.000
28901.00 1171.85 100.138999 0.0000000000000000 0.000000 236.820037 -1222564.849761 30.195681 124.060603 -20.947226 1343.868198 -8.291 -8.291 0.000000 3.316335 0.000 0 0.000
28801.00 1171.67 100.138999 0.0000000000000000 0.000000 236.820037 -1222866.818618 30.198092 124.066427 -20.955360 1343.844191 -8.298 -8.298 0.000000 3.316070 0.000 0 0.000
28701.00 1171.49 100.138999 0.0000000000000000 0.000000 236.820037 -1223168.811617 30.200509 124.072258 -20.963513 1343.820785 -8.305 -8.305 0.000000 3.315805 0.000 0 0.000
28601.00 1171.31 100.138999 0.0000000000000000 0.000000 236.820037 -1223470.828830 30.202935 124.078098 -20.971687 1343.797990 -8.313 -8.313 0.000000 3.315539 0.000 0 0.000
28501.00 1171.13 100.138999 0.0000000000000000 0.000000 236.820037 -1223772.870333 30.205367 124.083946 -20.979881 1343.775818 -8.320 -8.320 0.000000 3.315272 0.000 0 0.000
28401.00 1170.95 100.138999 0.0000000000000000 0.000000 236.820037 -1224074.936201 30.207808 124.089802 -20.988096 1343.754282 -8.327 -8.327 0.000000 3.315004 0.000 0 0.000
28301.00 1170.77 100.138999 0.0000000000000000 0.000000 236.820037 -1224377.026511 30.210256 124.095666 -20.996333 1343.733392 -8.335 -8.335 0.000000 3.314735 0.000 0 0.000
28201.00 1170.59 100.138999 0.0000000000000000 0.000000 236.820037 -1224679.141343 30.212712 124.101540 -21.004591 1343.713162 -8.342 -8.342 0.000000 3.314466 0.000 0 0.000
28101.00 1170.41 100.138999 0.0000000000000000 0.000000 236.820037 -1224981.280775 30.215176 124.107422 -21.012872 1343.693604 -8.350 -8.350 0.000000 3.314195 0.000 0 0.000
28001.00 1170.22 100.138999 0.0000000000000000 0.000000 236.820037 -1225283.444890 30.217648 124.113314 -21.021174 1343.674732 -8.357 -8.357 0.000000 3.313924 0.000 0 0.000
27901.00 1170.04 100.138999 0.0000000000000000 0.000000 236.820037 -1225585.633770 30.220129 124.119215 -21.029500 1343.656558 -8.365 -8.365 0.000000 3.313652 0.000 0 0.000
27801.00 1169.86 100.138999 0.0000000000000000 0.000000 236.820037 -1225887.847500 30.222618 124.125127 -21.037849 1343.639098 -8.372 -8.372 0.000000 3.313379 0.000 0 0.000
27701.00 1169.68 100.138999 0.0000000000000000 0.000000 236.820037 -1226190.086166 30.225116 124.131048 -21.046222 1343.622364 -8.380 -8.380 0.000000 3.313106 0.000 0 0.000
27601.00 1169.50 100.138999 0.0000000000000000 0.000000 236.820037 -1226492.349856 30.227623 124.136980 -21.054619 1343.606373 -8.388 -8.388 0.000000 3.312831 0.000 0 0.000
27501.00 1169.32 100.138999 0.0000000000000000 0.000000 236.820037 -1226794.638658 30.230139 124.142922 -21.063041 1343.591139 -8.395 -8.395 0.000000 3.312555 0.000 0 0.000
27401.00 1169.13 100.138999 0.0000000000000000 0.000000 236.820037 -1227096.952665 30.232664 124.148875 -21.071488 1343.576678 -8.403 -8.403 0.000000 3.312278 0.000 0 0.000
27301.00 1168.95 100.138999 0.0000000000000000 0.000000 236.820037 -1227399.291969 30.235198 124.154840 -21.079960 1343.563005 -8.411 -8.411 0.000000 3.312001 0.000 0 0.000
27201.00 1168.77 100.138999 0.0000000000000000 0.000000 236.820037 -1227701.656664 30.237742 124.160816 -21.088459 1343.550137 -8.419 -8.419 0.000000 3.311722 0.000 0 0.000
27101.00 1168.58 100.138999 0.0000000000000000 0.000000 236.820037 -1228004.046848 30.240296 124.166804 -21.096984 1343.538092 -8.427 -8.427 0.000000 3.311442 0.000 0 0.000
27001.00 1168.40 100.138999 0.0000000000000000 0.000000 236.820037 -1228306.462618 30.242860 124.172805 -21.105536 1343.526886 -8.435 -8.435 0.000000 3.311162 0.000 0 0.000
26901.00 1168.22 100.138999 0.0000000000000000 0.000000 236.820037 -1228608.904076 30.245434 124.178817 -21.114116 1343.516537 -8.443 -8.443 0.000000 3.310880 0.000 0 0.000
26801.00 1168.03 100.138999 0.0000000000000000 0.000000 236.820037 -1228911.371323 30.248018 124.184843 -21.122724 1343.507065 -8.451 -8.451 0.000000 3.310597 0.000 0 0.000
26701.00 1167.85 100.138999 0.0000000000000000 0.000000 236.820037 -1229213.864464 30.250612 124.190882 -21.131362 1343.498487 -8.459 -8.459 0.000000 3.310313 0.000 0 0.000
26601.00 1167.67 100.138999 0.0000000000000000 0.000000 236.820037 -1229516.383606 30.253218 124.196934 -21.140028 1343.490824 -8.467 -8.467 0.000000 3.310028 0.000 0 0.000
26501.00 1167.48 100.138999 0.0000000000000000 0.000000 236.820037 -1229818.928858 30.255834 124.203001 -21.148725 1343.484095 -8.475 -8.475 0.000000 3.309742 0.000 0 0.000
26401.00 1167.30 100.138999 0.0000000000000000 0.000000 236.820037 -1230121.500331 30.258462 124.209082 -21.157452 1343.478322 -8.483 -8.483 0.000000 3.309454 0.000 0 0.000
26301.00 1167.11 100.138999 0.0000000000000000 0.000000 236.820037 -1230424.098139 30.261101 124.215178 -21.166210 1343.473525 -8.492 -8.492 0.000000 3.309166 0.000 0 0.000
26201.00 1166.93 100.138999 0.0000000000000000 0.000000 236.820037 -1230726.722397 30.263752 124.221289 -21.175000 1343.469728 -8.500 -8.500 0.000000 3.308876 0.000 0 0.000
26101.00 1166.74 100.138999 0.0000000000000000 0.000000 236.820037 -1231029.373224 30.266415 124.227415 -21.183823 1343.466951 -8.508 -8.508 0.000000 3.308585 0.000 0 0.000
26001.00 1166.56 100.138999 0.0000000000000000 0.000000 236.820037 -1231332.050741 30.269090 124.233558 -21.192679 1343.465219 -8.517 -8.517 0.000000 3.308292 0.000 0 0.000
25901.00 1166.37 100.138999 0.0000000000000000 0.000000 236.820037 -1231634.755072 30.271778 124.239717 -21.201569 1343.464555 -8.525 -8.525 0.000000 3.307999 0.000 0 0.000
25801.00 1166.19 100.138999 0.0000000000000000 0.000000 236.820037 -1231937.486343 30.274478 124.245894 -21.210494 1343.464984 -8.534 -8.534 0.000000 3.307704 0.000 0 0.000
25701.00 1166.00 100.138999 0.0000000000000000 0.000000 236.820037 -1232240.244683 30.277192 124.252087 -21.219454 1343.466533 -8.542 -8.542 0.000000 3.307407 0.000 0 0.000
25601.00 1165.81 100.138999 0.0000000000000000 0.000000 236.820037 -1232543.030224 30.279919 124.258299 -21.228450 1343.469225 -8.551 -8.551 0.000000 3.307109 0.000 0 0.000
25501.00 1165.63 100.138999 0.0000000000000000 0.000000 236.820037 -1232845.843102 30.282659 124.264530 -21.237484 1343.473090 -8.559 -8.559 0.000000 3.306810 0.000 0 0.000
25401.00 1165.44 100.138999 0.0000000000000000 0.000000 236.820037 -1233148.683453 30.285414 124.270779 -21.246555 1343.478154 -8.568 -8.568 0.000000 3.306509 0.000 0 0.000
25301.00 1165.25 100.138999 0.0000000000000000 0.000000 236.820037 -1233451.551420 30.288182 124.277048 -21.255665 1343.484446 -8.577 -8.577 0.000000 3.306207 0.000 0 0.000
25201.00 1165.06 100.138999 0.0000000000000000 0.000000 236.820037 -1233754.447146 30.290965 124.283337 -21.264814 1343.491995 -8.586 -8.586 0.000000 3.305903 0.000 0 0.000
25101.00 1164.88 100.138999 0.0000000000000000 0.000000 236.820037 -1234057.370779 30.293764 124.289647 -21.274004 1343.500832 -8.595 -8.595 0.000000 3.305598 0.000 0 0.000
25001.00 1164.69 100.138999 0.0000000000000000 0.000000 236.820037 -1234360.322470 30.296577 124.295978 -21.283235 1343.510988 -8.604 -8.604 0.000000 3.305291 0.000 0 0.000
24901.00 1164.50 100.138999 0.0000000000000000 0.000000 236.820037 -1234663.302375 30.299406 124.302331 -21.292508 1343.522496 -8.613 -8.613 0.000000 3.304982 0.000 0 0.000
24801.00 1164.31 100.138999 0.0000000000000000 0.000000 236.820037 -1234966.310650 30.302251 124.308707 -21.301824 1343.535387 -8.622 -8.622 0.000000 3.304672 0.000 0 0.000
24701.00 1164.12 100.138999 0.0000000000000000 0.000000 236.820037 -1235269.347457 30.305113 124.315105 -21.311185 1343.549697 -8.631 -8.631 0.000000 3.304360 0.000 0 0.000
24601.00 1163.93 100.138999 0.0000000000000000 0.000000 236.820037 -1235572.412964 30.307991 124.321528 -21.320590 1343.565461 -8.640 -8.640 0.000000 3.304046 0.000 0 0.000
24501.00 1163.74 100.138999 0.0000000000000000 0.000000 236.820037 -1235875.507338 30.310887 124.327976 -21.330042 1343.582714 -8.650 -8.650 0.000000 3.303730 0.000 0 0.000
24401.00 1163.55 100.138999 0.0000000000000000 0.000000 236.820037 -1236178.630755 30.313800 124.334448 -21.339542 1343.601494 -8.659 -8.659 0.000000 3.303413 0.000 0 0.000
24301.00 1163.36 100.138999 0.0000000000000000 0.000000 236.820037 -1236481.783391 30.316731 124.340947 -21.349089 1343.621839 -8.669 -8.669 0.000000 3.303094 0.000 0 0.000
24201.00 1163.17 100.138999 0.0000000000000000 0.000000 236.820037 -1236784.965428 30.319680 124.347473 -21.358687 1343.643789 -8.678 -8.678 0.000000 3.302772 0.000 0 0.000
24101.00 1162.98 100.138999 0.0000000000000000 0.000000 236.820037 -1237088.177055 30.322648 124.354026 -21.368335 1343.667385 -8.688 -8.688 0.000000 3.302449 0.000 0 0.000
24001.00 1162.78 100.138999 0.0000000000000000 0.000000 236.820037 -1237391.418460 30.325636 124.360607 -21.378035 1343.692669 -8.697 -8.697 0.000000 3.302124 0.000 0 0.000
23901.00 1162.59 100.138999 0.0000000000000000 0.000000 236.820037 -1237694.689842 30.328644 124.367218 -21.387788 1343.719683 -8.707 -8.707 0.000000 3.301796 0.000 0 0.000
23801.00 1162.40 100.138999 0.0000000000000000 0.000000 236.820037 -1237997.991399 30.331671 124.373859 -21.397595 1343.748472 -8.717 -8.717 0.000000 3.301467 0.000 0 0.000
23701.00 1162.21 100.138999 0.0000000000000000 0.000000 236.820037 -1238301.323337 30.334720 124.380530 -21.407459 1343.779083 -8.727 -8.727 0.000000 3.301135 0.000 0 0.000
23601.00 1162.01 100.138999 0.0000000000000000 0.000000 236.820037 -1238604.685868 30.337790 124.387234 -21.417379 1343.811562 -8.737 -8.737 0.000000 3.300801 0.000 0 0.000
23501.00 1161.82 100.138999 0.0000000000000000 0.000000 236.820037 -1238908.079207 30.340882 124.393970 -21.427358 1343.845959 -8.747 -8.747 0.000000 3.300464 0.000 0 0.000
23401.00 1161.62 100.138999 0.0000000000000000 0.000000 236.820037 -1239211.503576 30.343996 124.400740 -21.437397 1343.882323 -8.757 -8.757 0.000000 3.300126 0.000 0 0.000
23301.00 1161.43 100.138999 0.0000000000000000 0.000000 236.820037 -1239514.959202 30.347133 124.407545 -21.447497 1343.920706 -8.768 -8.768 0.000000 3.299784 0.000 0 0.000
23201.00 1161.23 100.138999 0.0000000000000000 0.000000 236.820037 -1239818.446316 30.350294 124.414386 -21.457661 1343.961162 -8.778 -8.778 0.000000 3.299441 0.000 0 0.000
23101.00 1161.04 100.138999 0.0000000000000000 0.000000 236.820037 -1240121.965159 30.353479 124.421263 -21.467888 1344.003745 -8.789 -8.789 0.000000 3.299095 0.000 0 0.000
23001.00 1160.84 100.138999 0.0000000000000000 0.000000 236.820037 -1240425.515974 30.356688 124.428178 -21.478182 1344.048512 -8.799 -8.799 0.000000 3.298746 0.000 0 0.000
22901.00 1160.64 100.138999 0.0000000000000000 0.000000 236.820037 -1240729.099013 30.359924 124.435132 -21.488544 1344.095522 -8.810 -8.810 0.000000 3.298394 0.000 0 0.000
22801.00 1160.45 100.138999 0.0000000000000000 0.000000 236.820037 -1241032.714532 30.363185 124.442127 -21.498975 1344.144835 -8.821 -8.821 0.000000 3.298040 0.000 0 0.000
22701.00 1160.25 100.138999 0.0000000000000000 0.000000 236.820037 -1241336.362798 30.366473 124.449162 -21.509478 1344.196514 -8.832 -8.832 0.000000 3.297683 0.000 0 0.000
22601.00 1160.05 100.138999 0.0000000000000000 0.000000 236.820037 -1241640.044079 30.369788 124.456241 -21.520053 1344.250622 -8.843 -8.843 0.000000 3.297323 0.000 0 0.000
22501.00 1159.85 100.138999 0.0000000000000000 0.000000 236.820037 -1241943.758655 30.373132 124.463363 -21.530703 1344.307226 -8.854 -8.854 0.000000 3.296960 0.000 0 0.000
22401.00 1159.65 100.138999 0.0000000000000000 0.000000 236.820037 -1242247.506811 30.376504 124.470530 -21.541431 1344.366394 -8.865 -8.865 0.000000 3.296594 0.000 0 0.000
22301.00 1159.45 100.138999 0.0000000000000000 0.000000 236.820037 -1242551.288840 30.379907 124.477744 -21.552237 1344.428197 -8.876 -8.876 0.000000 3.296225 0.000 0 0.000
22201.00 1159.25 100.138999 0.0000000000000000 0.000000 236.820037 -1242855.105043 30.383339 124.485006 -21.563124 1344.492709 -8.888 -8.888 0.000000 3.295852 0.000 0 0.000
22101.00 1159.05 100.138999 0.0000000000000000 0.000000 236.820037 -1243158.955728 30.386803 124.492317 -21.574094 1344.560003 -8.899 -8.899 0.000000 3.295477 0.000 0 0.000
22001.00 1158.85 100.138999 0.0000000000000000 0.000000 236.820037 -1243462.841214 30.390299 124.499679 -21.585150 1344.630160 -8.911 -8.911 0.000000 3.295097 0.000 0 0.000
21901.00 1158.65 100.138999 0.0000000000000000 0.000000 236.820037 -1243766.761825 30.393828 124.507093 -21.596293 1344.703259 -8.923 -8.923 0.000000 3.294715 0.000 0 0.000
21801.00 1158.44 100.138999 0.0000000000000000 0.000000 236.820037 -1244070.717897 30.397392 124.514561 -21.607526 1344.779383 -8.935 -8.935 0.000000 3.294329 0.000 0 0.000
21701.00 1158.24 100.138999 0.0000000000000000 0.000000 236.820037 -1244374.709773 30.400990 124.522085 -21.618852 1344.858620 -8.947 -8.947 0.000000 3.293939 0.000 0 0.000
21601.00 1158.04 100.138999 0.0000000000000000 0.000000 236.820037 -1244678.737807 30.404623 124.529667 -21.630272 1344.941058 -8.959 -8.959 0.000000 3.293545 0.000 0 0.000
21501.00 1157.83 100.138999 0.0000000000000000 0.000000 236.820037 -1244982.802362 30.408294 124.537307 -21.641790 1345.026791 -8.972 -8.972 0.000000 3.293148 0.000 0 0.000
21401.00 1157.63 100.138999 0.0000000000000000 0.000000 236.820037 -1245286.903812 30.412002 124.545008 -21.653408 1345.115914 -8.984 -8.984 0.000000 3.292746 0.000 0 0.000
21301.00 1157.42 100.138999 0.0000000000000000 0.000000 236.820037 -1245591.042540 30.415750 124.552773 -21.665129 1345.208527 -8.997 -8.997 0.000000 3.292340 0.000 0 0.000
21201.00 1157.21 100.138999 0.0000000000000000 0.000000 236.820037 -1245895.218942 30.419537 124.560602 -21.676956 1345.304733 -9.010 -9.010 0.000000 3.291930 0.000 0 0.000
21101.00 1157.01 100.138999 0.0000000000000000 0.000000 236.820037 -1246199.433424 30.423366 124.568498 -21.688892 1345.404639 -9.023 -9.023 0.000000 3.291516 0.000 0 0.000
21001.00 1156.80 100.138999 0.0000000000000000 0.000000 236.820037 -1246503.686404 30.427237 124.576463 -21.700940 1345.508358 -9.036 -9.036 0.000000 3.291097 0.000 0 0.000
20901.00 1156.59 100.138999 0.0000000000000000 0.000000 236.820037 -1246807.978313 30.431152 124.584500 -21.713103 1345.616003 -9.049 -9.049 0.000000 3.290674 0.000 0 0.000
20801.00 1156.38 100.138999 0.0000000000000000 0.000000 236.820037 -1247112.309593 30.435112 124.592610 -21.725385 1345.727695 -9.063 -9.063 0.000000 3.290246 0.000 0 0.000
20701.00 1156.17 100.138999 0.0000000000000000 0.000000 236.820037 -1247416.680702 30.439118 124.600796 -21.737789 1345.843560 -9.076 -9.076 0.000000 3.289813 0.000 0 0.000
20601.00 1155.95 100.138999 0.0000000000000000 0.000000 236.820037 -1247721.092108 30.443172 124.609060 -21.750319 1345.963727 -9.090 -9.090 0.000000 3.289375 0.000 0 0.000
20501.00 1155.74 100.138999 0.0000000000000000 0.000000 236.820037 -1248025.544297 30.447275 124.617406 -21.762979 1346.088331 -9.104 -9.104 0.000000 3.288931 0.000 0 0.000
20401.00 1155.53 100.138999 0.0000000000000000 0.000000 236.820037 -1248330.037768 30.451428 124.625836 -21.775773 1346.217514 -9.118 -9.118 0.000000 3.288483 0.000 0 0.000
20301.00 1155.31 100.138999 0.0000000000000000 0.000000 236.820037 -1248634.573035 30.455634 124.634352 -21.788704 1346.351421 -9.133 -9.133 0.000000 3.288029 0.000 0 0.000
20201.00 1155.10 100.138999 0.0000000000000000 0.000000 236.820037 -1248939.150629 30.459894 124.642958 -21.801777 1346.490206 -9.147 -9.147 0.000000 3.287569 0.000 0 0.000
20101.00 1154.88 100.138999 0.0000000000000000 0.000000 236.820037 -1249243.771099 30.464209 124.651656 -21.814997 1346.634029 -9.162 -9.162 0.000000 3.287103 0.000 0 0.000
20001.00 1154.67 100.138999 0.0000000000000000 0.000000 236.820037 -1249548.435009 30.468582 124.660451 -21.828369 1346.783056 -9.177 -9.177 0.000000 3.286631 0.000 0 0.000
19901.00 1154.45 100.138999 0.0000000000000000 0.000000 236.820037 -1249853.142944 30.473015 124.669345 -21.841896 1346.937460 -9.192 -9.192 0.000000 3.286153 0.000 0 0.000
19801.00 1154.23 100.138999 0.0000000000000000 0.000000 236.820037 -1250157.895505 30.477508 124.678341 -21.855585 1347.097424 -9.208 -9.208 0.000000 3.285669 0.000 0 0.000
19701.00 1154.01 100.138999 0.0000000000000000 0.000000 236.820037 -1250462.693317 30.482065 124.687445 -21.869440 1347.263137 -9.223 -9.223 0.000000 3.285178 0.000 0 0.000
19601.00 1153.79 100.138999 0.0000000000000000 0.000000 236.820037 -1250767.537023 30.486687 124.696659 -21.883468 1347.434797 -9.239 -9.239 0.000000 3.284680 0.000 0 0.000
19501.00 1153.56 100.138999 0.0000000000000000 0.000000 236.820037 -1251072.427288 30.491377 124.705987 -21.897673 1347.612612 -9.255 -9.255 0.000000 3.284174 0.000 0 0.000
19401.00 1153.34 100.138999 0.0000000000000000 0.000000 236.820037 -1251377.364802 30.496137 124.715434 -21.912063 1347.796800 -9.272 -9.272 0.000000 3.283662 0.000 0 0.000
19301.00 1153.12 100.138999 0.0000000000000000 0.000000 236.820037 -1251682.350277 30.500970 124.725003 -21.926644 1347.987587 -9.288 -9.288 0.000000 3.283141 0.000 0 0.000
19201.00 1152.89 100.138999 0.0000000000000000 0.000000 236.820037 -1251987.384450 30.505878 124.734701 -21.941422 1348.185213 -9.305 -9.305 0.000000 3.282613 0.000 0 0.000
19101.00 1152.66 100.138999 0.0000000000000000 0.000000 236.820037 -1252292.468087 30.510863 124.744532 -21.956404 1348.389925 -9.322 -9.322 0.000000 3.282077 0.000 0 0.000
19001.00 1152.43 100.138999 0.0000000000000000 0.000000 236.820037 -1252597.601979 30.515929 124.754500 -21.971598 1348.601987 -9.340 -9.340 0.000000 3.281532 0.000 0 0.000
18901.00 1152.20 100.138999 0.0000000000000000 0.000000 236.820037 -1252902.786947 30.521079 124.764611 -21.987012 1348.821673 -9.358 -9.358 0.000000 3.280978 0.000 0 0.000
18801.00 1151.97 100.138999 0.0000000000000000 0.000000 236.820037 -1253208.023841 30.526315 124.774871 -22.002653 1349.049270 -9.376 -9.376 0.000000 3.280416 0.000 0 0.000
18701.00 1151.74 100.138999 0.0000000000000000 0.000000 236.820037 -1253513.313546 30.531641 124.785286 -22.018531 1349.285082 -9.394 -9.394 0.000000 3.279843 0.000 0 0.000
18601.00 1151.50 100.138999 0.0000000000000000 0.000000 236.820037 -1253818.656978 30.537061 124.795862 -22.034653 1349.529425 -9.412 -9.412 0.000000 3.279261 0.000 0 0.000
18501.00 1151.27 100.138999 0.0000000000000000 0.000000 236.820037 -1254124.055089 30.542578 124.806606 -22.051031 1349.782634 -9.431 -9.431 0.000000 3.278669 0.000 0 0.000
18401.00 1151.03 100.138999 0.0000000000000000 0.000000 236.820037 -1254429.508868 30.548195 124.817524 -22.067673 1350.045057 -9.451 -9.451 0.000000 3.278066 0.000 0 0.000
18301.00 1150.79 100.138999 0.0000000000000000 0.000000 236.820037 -1254735.019343 30.553918 124.828624 -22.084590 1350.317065 -9.470 -9.470 0.000000 3.277452 0.000 0 0.000
18201.00 1150.55 100.138999 0.0000000000000000 0.000000 236.820037 -1255040.587583 30.559749 124.839913 -22.101793 1350.599043 -9.490 -9.490 0.000000 3.276827 0.000 0 0.000
18101.00 1150.30 100.138999 0.0000000000000000 0.000000 236.820037 -1255346.214699 30.565694 124.851400 -22.119294 1350.891400 -9.510 -9.510 0.000000 3.276189 0.000 0 0.000
18001.00 1150.06 100.138999 0.0000000000000000 0.000000 236.820037 -1255651.901850 30.571757 124.863092 -22.137104 1351.194564 -9.531 -9.531 0.000000 3.275540 0.000 0 0.000
17901.00 1149.81 100.138999 0.0000000000000000 0.000000 236.820037 -1255957.650241 30.577942 124.875000 -22.155237 1351.508986 -9.552 -9.552 0.000000 3.274877 0.000 0 0.000
17801.00 1149.56 100.138999 0.0000000000000000 0.000000 236.820037 -1256263.461127 30.584256 124.887131 -22.173706 1351.835139 -9.573 -9.573 0.000000 3.274201 0.000 0 0.000
17701.00 1149.31 100.138999 0.0000000000000000 0.000000 236.820037 -1256569.335816 30.590704 124.899497 -22.192526 1352.173525 -9.595 -9.595 0.000000 3.273511 0.000 0 0.000
17601.00 1149.06 100.138999 0.0000000000000000 0.000000 236.820037 -1256875.275674 30.597291 124.912108 -22.211711 1352.524670 -9.617 -9.617 0.000000 3.272806 0.000 0 0.000
17501.00 1148.80 100.138999 0.0000000000000000 0.000000 236.820037 -1257181.282122 30.604023 124.924974 -22.231277 1352.889126 -9.640 -9.640 0.000000 3.272086 0.000 0 0.000
17401.00 1148.54 100.138999 0.0000000000000000 0.000000 236.820037 -1257487.356646 30.610907 124.938107 -22.251240 1353.267478 -9.663 -9.663 0.000000 3.271350 0.000 0 0.000
17301.00 1148.28 100.138999 0.0000000000000000 0.000000 236.820037 -1257793.500797 30.617950 124.951520 -22.271620 1353.660341 -9.687 -9.687 0.000000 3.270598 0.000 0 0.000
17201.00 1148.02 100.138999 0.0000000000000000 0.000000 236.820037 -1258099.716193 30.625158 124.965226 -22.292433 1354.068361 -9.711 -9.711 0.000000 3.269828 0.000 0 0.000
17101.00 1147.75 100.138999 0.0000000000000000 0.000000 236.820037 -1258406.004527 30.632539 124.979237 -22.313699 1354.492221 -9.735 -9.735 0.000000 3.269040 0.000 0 0.000
17001.00 1147.48 100.138999 0.0000000000000000 0.000000 236.820037 -1258712.367568 30.640100 124.993569 -22.335440 1354.932640 -9.760 -9.760 0.000000 3.268233 0.000 0 0.000
16901.00 1147.21 100.138999 0.0000000000000000 0.000000 236.820037 -1259018.807163 30.647851 125.008237 -22.357677 1355.390373 -9.786 -9.786 0.000000 3.267407 0.000 0 0.000
16801.00 1146.93 100.138999 0.0000000000000000 0.000000 236.820037 -1259325.325248 30.655800 125.023256 -22.380432 1355.866218 -9.812 -9.812 0.000000 3.266560 0.000 0 0.000
16701.00 1146.65 100.138999 0.0000000000000000 0.000000 236.820037 -1259631.923846 30.663955 125.038644 -22.403731 1356.361013 -9.839 -9.839 0.000000 3.265691 0.000 0 0.000
16601.00 1146.37 100.138999 0.0000000000000000 0.000000 236.820037 -1259938.605075 30.672328 125.054418 -22.427598 1356.875642 -9.866 -9.866 0.000000 3.264799 0.000 0 0.000
16501.00 1146.13 100.138999 0.0000000000000000 0.000000 236.820037 -1260245.366189 30.678368 125.066178 -22.445019 1357.173653 -9.885 -9.885 0.000000 3.264157 0.000 0 0.000
16401.00 1145.97 100.138999 0.0000000000000000 0.000000 236.820037 -1260552.160334 30.680461 125.071121 -22.451563 1357.105270 -9.891 -9.891 0.000000 3.263934 0.000 0 0.000
16301.00 1145.81 100.138999 0.0000000000000000 0.000000 236.820037 -1260858.975412 30.682555 125.076063 -22.458108 1357.036893 -9.897 -9.897 0.000000 3.263711 0.000 0 0.000
16201.00 1145.65 100.138999 0.0000000000000000 0.000000 236.820037 -1261165.811433 30.684650 125.081003 -22.464653 1356.968523 -9.903 -9.903 0.000000 3.263488 0.000 0 0.000
16101.00 1145.50 100.138999 0.0000000000000000 0.000000 236.820037 -1261472.668406 30.686745 125.085941 -22.471199 1356.900160 -9.908 -9.908 0.000000 3.263266 0.000 0 0.000
16001.00 1145.34 100.138999 0.0000000000000000 0.000000 236.820037 -1261779.546341 30.688842 125.090878 -22.477746 1356.831803 -9.914 -9.914 0.000000 3.263043 0.000 0 0.000
15901.00 1145.18 100.138999 0.0000000000000000 0.000000 236.820037 -1262086.445247 30.690940 125.095813 -22.484293 1356.763452 -9.920 -9.920 0.000000 3.262820 0.000 0 0.000
15801.00 1145.02 100.138999 0.0000000000000000 0.000000 236.820037 -1262393.365135 30.693038 125.100746 -22.490841 1356.695107 -9.926 -9.926 0.000000 3.262597 0.000 0 0.000
15701.00 1144.86 100.138999 0.0000000000000000 0.000000 236.820037 -1262700.306013 30.695138 125.105678 -22.497390 1356.626768 -9.932 -9.932 0.000000 3.262373 0.000 0 0.000
15601.00 1144.70 100.138999 0.0000000000000000 0.000000 236.820037 -1263007.267893 30.697238 125.110608 -22.503939 1356.558435 -9.938 -9.938 0.000000 3.262150 0.000 0 0.000
15501.00 1144.54 100.138999 0.0000000000000000 0.000000 236.820037 -1263314.250782 30.699340 125.115536 -22.510488 1356.490108 -9.944 -9.944 0.000000 3.261927 0.000 0 0.000
15401.00 1144.38 100.138999 0.0000000000000000 0.000000 236.820037 -1263621.254691 30.701442 125.120462 -22.517039 1356.421786 -9.949 -9.949 0.000000 3.261703 0.000 0 0.000
15301.00 1144.22 100.138999 0.0000000000000000 0.000000 236.820037 -1263928.279630 30.703546 125.125387 -22.523590 1356.353471 -9.955 -9.955 0.000000 3.261480 0.000 0 0.000
15201.00 1144.06 100.138999 0.0000000000000000 0.000000 236.820037 -1264235.325608 30.705650 125.130311 -22.530141 1356.285160 -9.961 -9.961 0.000000 3.261256 0.000 0 0.000
15101.00 1143.90 100.138999 0.0000000000000000 0.000000 236.820037 -1264542.392636 30.707756 125.135232 -22.536693 1356.216855 -9.967 -9.967 0.000000 3.261033 0.000 0 0.000
15001.00 1143.74 100.138999 0.0000000000000000 0.000000 236.820037 -1264849.480722 30.709862 125.140152 -22.543246 1356.148555 -9.973 -9.973 0.000000 3.260809 0.000 0 0.000
14901.00 1143.59 100.138999 0.0000000000000000 0.000000 236.820037 -1265156.589877 30.711969 125.145071 -22.549799 1356.080260 -9.979 -9.979 0.000000 3.260585 0.000 0 0.000
14801.00 1143.43 100.138999 0.0000000000000000 0.000000 236.820037 -1265463.720111 30.714078 125.149987 -22.556353 1356.011970 -9.984 -9.984 0.000000 3.260362 0.000 0 0.000
14701.00 1143.27 100.138999 0.0000000000000000 0.000000 236.820037 -1265770.871433 30.716187 125.154902 -22.562908 1355.943684 -9.990 -9.990 0.000000 3.260138 0.000 0 0.000
14601.00 1143.11 100.138999 0.0000000000000000 0.000000 236.820037 -1266078.043853 30.718297 125.159815 -22.569463 1355.875404 -9.996 -9.996 0.000000 3.259914 0.000 0 0.000
14501.00 1142.95 100.138999 0.0000000000000000 0.000000 236.820037 -1266385.237381 30.720409 125.164727 -22.576019 1355.807128 -10.002 -10.002 0.000000 3.259690 0.000 0 0.000
14401.00 1142.79 100.138999 0.0000000000000000 0.000000 236.820037 -1266692.452027 30.722521 125.169637 -22.582575 1355.738856 -10.008 -10.008 0.000000 3.259466 0.000 0 0.000
14301.00 1142.63 100.138999 0.0000000000000000 0.000000 236.820037 -1266999.687800 30.724634 125.174545 -22.589133 1355.670589 -10.014 -10.014 0.000000 3.259241 0.000 0 0.000
14201.00 1142.47 100.138999 0.0000000000000000 0.000000 236.820037 -1267306.944711 30.726748 125.179452 -22.595690 1355.602326 -10.020 -10.020 0.000000 3.259017 0.000 0 0.000
14101.00 1142.31 100.138999 0.0000000000000000 0.000000 236.820037 -1267614.222770 30.728864 125.184357 -22.602249 1355.534067 -10.026 -10.026 0.000000 3.258793 0.000 0 0.000
14001.00 1142.15 100.138999 0.0000000000000000 0.000000 236.820037 -1267921.521986 30.730980 125.189260 -22.608808 1355.465812 -10.031 -10.031 0.000000 3.258568 0.000 0 0.000
13901.00 1142.00 100.138999 0.0000000000000000 0.000000 236.820037 -1268228.842369 30.733097 125.194162 -22.615367 1355.397561 -10.037 -10.037 0.000000 3.258344 0.000 0 0.000
13801.00 1141.84 100.138999 0.0000000000000000 0.000000 236.820037 -1268536.183930 30.735215 125.199061 -22.621927 1355.329314 -10.043 -10.043 0.000000 3.258119 0.000 0 0.000
13701.00 1141.68 100.138999 0.0000000000000000 0.000000 236.820037 -1268843.546677 30.737334 125.203960 -22.628488 1355.261070 -10.049 -10.049 0.000000 3.257895 0.000 0 0.000
13601.00 1141.52 100.138999 0.0000000000000000 0.000000 236.820037 -1269150.930622 30.739455 125.208856 -22.635050 1355.192830 -10.055 -10.055 0.000000 3.257670 0.000 0 0.000
13501.00 1141.36 100.138999 0.0000000000000000 0.000000 236.820037 -1269458.335775 30.741576 125.213751 -22.641612 1355.124593 -10.061 -10.061 0.000000 3.257445 0.000 0 0.000
13401.00 1141.20 100.138999 0.0000000000000000 0.000000 236.820037 -1269765.762144 30.743698 125.218644 -22.648174 1355.056359 -10.067 -10.067 0.000000 3.257220 0.000 0 0.000
13301.00 1141.04 100.138999 0.0000000000000000 0.000000 236.820037 -1270073.209741 30.745821 125.223536 -22.654738 1354.988128 -10.073 -10.073 0.000000 3.256995 0.000 0 0.000
13201.00 1140.88 100.138999 0.0000000000000000 0.000000 236.820037 -1270380.678574 30.747946 125.228426 -22.661302 1354.919900 -10.079 -10.079 0.000000 3.256770 0.000 0 0.000
13101.00 1140.72 100.138999 0.0000000000000000 0.000000 236.820037 -1270688.168655 30.750071 125.233314 -22.667866 1354.851675 -10.084 -10.084 0.000000 3.256545 0.000 0 0.000
13001.00 1140.56 100.138999 0.0000000000000000 0.000000 236.820037 -1270995.679994 30.752197 125.238201 -22.674431 1354.783453 -10.090 -10.090 0.000000 3.256320 0.000 0 0.000
12901.00 1140.41 100.138999 0.0000000000000000 0.000000 236.820037 -1271303.212600 30.754324 125.243086 -22.680997 1354.715233 -10.096 -10.096 0.000000 3.256095 0.000 0 0.000
12801.00 1140.25 100.138999 0.0000000000000000 0.000000 236.820037 -1271610.766484 30.756453 125.247969 -22.687564 1354.647015 -10.102 -10.102 0.000000 3.255870 0.000 0 0.000
12701.00 1140.09 100.138999 0.0000000000000000 0.000000 236.820037 -1271918.341655 30.758582 125.252850 -22.694131 1354.578800 -10.108 -10.108 0.000000 3.255644 0.000 0 0.000
12601.00 1139.93 100.138999 0.0000000000000000 0.000000 236.820037 -1272225.938124 30.760712 125.257730 -22.700698 1354.510587 -10.114 -10.114 0.000000 3.255419 0.000 0 0.000
12501.00 1139.77 100.138999 0.0000000000000000 0.000000 236.820037 -1272533.555901 30.762843 125.262608 -22.707267 1354.442376 -10.120 -10.120 0.000000 3.255193 0.000 0 0.000
12401.00 1139.61 100.138999 0.0000000000000000 0.000000 236.820037 -1272841.194997 30.764976 125.267485 -22.713836 1354.374167 -10.126 -10.126 0.000000 3.254968 0.000 0 0.000
12301.00 1139.45 100.138999 0.0000000000000000 0.000000 236.820037 -1273148.855420 30.767109 125.272360 -22.720406 1354.305959 -10.132 -10.132 0.000000 3.254742 0.000 0 0.000
12201.00 1139.29 100.138999 0.0000000000000000 0.000000 236.820037 -1273456.537183 30.769243 125.277233 -22.726976 1354.237754 -10.138 -10.138 0.000000 3.254516 0.000 0 0.000
12101.00 1139.13 100.138999 0.0000000000000000 0.000000 236.820037 -1273764.240294 30.771379 125.282104 -22.733547 1354.169549 -10.143 -10.143 0.000000 3.254290 0.000 0 0.000
12001.00 1138.98 100.138999 0.0000000000000000 0.000000 236.820037 -1274071.964764 30.773515 125.286974 -22.740118 1354.101346 -10.149 -10.149 0.000000 3.254064 0.000 0 0.000
11901.00 1138.82 100.138999 0.0000000000000000 0.000000 236.820037 -1274379.710603 30.775653 125.291842 -22.746691 1354.033145 -10.155 -10.155 0.000000 3.253838 0.000 0 0.000
11801.00 1138.66 100.138999 0.0000000000000000 0.000000 236.820037 -1274687.477822 30.777791 125.296709 -22.753263 1353.964944 -10.161 -10.161 0.000000 3.253612 0.000 0 0.000
11701.00 1138.50 100.138999 0.0000000000000000 0.000000 236.820037 -1274995.266431 30.779931 125.301574 -22.759837 1353.896744 -10.167 -10.167 0.000000 3.253386 0.000 0 0.000
11601.00 1138.34 100.138999 0.0000000000000000 0.000000 236.820037 -1275303.076440 30.782071 125.306437 -22.766411 1353.828545 -10.173 -10.173 0.000000 3.253160 0.000 0 0.000
11501.00 1138.18 100.138999 0.0000000000000000 0.000000 236.820037 -1275610.907860 30.784213 125.311298 -22.772986 1353.760347 -10.179 -10.179 0.000000 3.252934 0.000 0 0.000
11401.00 1138.02 100.138999 0.0000000000000000 0.000000 236.820037 -1275918.760700 30.786355 125.316158 -22.779561 1353.692149 -10.185 -10.185 0.000000 3.252707 0.000 0 0.000
11301.00 1137.86 100.138999 0.0000000000000000 0.000000 236.820037 -1276226.634971 30.788499 125.321016 -22.786137 1353.623952 -10.191 -10.191 0.000000 3.252481 0.000 0 0.000
11201.00 1137.71 100.138999 0.0000000000000000 0.000000 236.820037 -1276534.530685 30.790644 125.325873 -22.792714 1353.555754 -10.197 -10.197 0.000000 3.252254 0.000 0 0.000
11101.00 1137.55 100.138999 0.0000000000000000 0.000000 236.820037 -1276842.447850 30.792789 125.330727 -22.799292 1353.487557 -10.203 -10.203 0.000000 3.252028 0.000 0 0.000
11001.00 1137.39 100.138999 0.0000000000000000 0.000000 236.820037 -1277150.386477 30.794936 125.335580 -22.805870 1353.419360 -10.209 -10.209 0.000000 3.251801 0.000 0 0.000
10901.00 1137.23 100.138999 0.0000000000000000 0.000000 236.820037 -1277458.346578 30.797084 125.340432 -22.812448 1353.351163 -10.215 -10.215 0.000000 3.251574 0.000 0 0.000
10801.00 1137.07 100.138999 0.0000000000000000 0.000000 236.820037 -1277766.328161 30.799233 125.345282 -22.819028 1353.282965 -10.221 -10.221 0.000000 3.251347 0.000 0 0.000
10701.00 1136.91 100.138999 0.0000000000000000 0.000000 236.820037 -1278074.331239 30.801383 125.350130 -22.825608 1353.214767 -10.226 -10.226 0.000000 3.251120 0.000 0 0.000
10601.00 1136.75 100.138999 0.0000000000000000 0.000000 236.820037 -1278382.355821 30.803534 125.354976 -22.832188 1353.146568 -10.232 -10.232 0.000000 3.250893 0.000 0 0.000
10501.00 1136.59 100.138999 0.0000000000000000 0.000000 236.820037 -1278690.401917 30.805686 125.359821 -22.838770 1353.078368 -10.238 -10.238 0.000000 3.250666 0.000 0 0.000
10401.00 1136.43 100.138999 0.0000000000000000 0.000000 236.820037 -1278998.469539 30.807839 125.364664 -22.845352 1353.010168 -10.244 -10.244 0.000000 3.250439 0.000 0 0.000
10301.00 1136.28 100.138999 0.0000000000000000 0.000000 236.820037 -1279306.558697 30.809993 125.369505 -22.851934 1352.941966 -10.250 -10.250 0.000000 3.250212 0.000 0 0.000
10201.00 1136.12 100.138999 0.0000000000000000 0.000000 236.820037 -1279614.669401 30.812148 125.374345 -22.858518 1352.873763 -10.256 -10.256 0.000000 3.249984 0.000 0 0.000
10101.00 1135.96 100.138999 0.0000000000000000 0.000000 236.820037 -1279922.801662 30.814304 125.379183 -22.865102 1352.805559 -10.262 -10.262 0.000000 3.249757 0.000 0 0.000
10001.00 1135.80 100.138999 0.0000000000000000 0.000000 236.820037 -1280230.955491 30.816462 125.384019 -22.871686 1352.737353 -10.268 -10.268 0.000000 3.249529 0.000 0 0.000
9901.00 1135.64 100.138999 0.0000000000000000 0.000000 236.820037 -1280539.130898 30.818620 125.388854 -22.878271 1352.669146 -10.274 -10.274 0.000000 3.249302 0.000 0 0.000
9801.00 1135.48 100.138999 0.0000000000000000 0.000000 236.820037 -1280847.327894 30.820779 125.393687 -22.884857 1352.600937 -10.280 -10.280 0.000000 3.249074 0.000 0 0.000
9701.00 1135.32 100.138999 0.0000000000000000 0.000000 236.820037 -1281155.546489 30.822940 125.398518 -22.891444 1352.532726 -10.286 -10.286 0.000000 3.248846 0.000 0 0.000
9601.00 1135.16 100.138999 0.0000000000000000 0.000000 236.820037 -1281463.786695 30.825101 125.403348 -22.898031 1352.464513 -10.292 -10.292 0.000000 3.248619 0.000 0 0.000
9501.00 1135.01 100.138999 0.0000000000000000 0.000000 236.820037 -1281772.048522 30.827264 125.408176 -22.904619 1352.396297 -10.298 -10.298 0.000000 3.248391 0.000 0 0.000
9401.00 1134.85 100.138999 0.0000000000000000 0.000000 236.820037 -1282080.331981 30.829428 125.413002 -22.911208 1352.328079 -10.304 -10.304 0.000000 3.248163 0.000 0 0.000
9301.00 1134.69 100.138999 0.0000000000000000 0.000000 236.820037 -1282388.637081 30.831593 125.417827 -22.917797 1352.259859 -10.310 -10.310 0.000000 3.247935 0.000 0 0.000
9201.00 1134.53 100.138999 0.0000000000000000 0.000000 236.820037 -1282696.963836 30.833758 125.422650 -22.924387 1352.191635 -10.316 -10.316 0.000000 3.247707 0.000 0 0.000
9101.00 1134.32 100.138999 0.0000000000000000 0.000000 236.820037 -1283005.331188 30.841086 125.424937 -22.957675 1352.259003 -10.314 -10.314 0.000000 3.246935 0.000 0 0.000
9001.00 1134.10 100.138999 0.0000000000000000 0.000000 236.820037 -1283313.787795 30.850220 125.426360 -23.000197 1352.369218 -10.308 -10.308 0.000000 3.245974 0.000 0 0.000
8901.00 1133.88 100.138999 0.0000000000000000 0.000000 236.820037 -1283622.335304 30.859268 125.427851 -23.042149 1352.471843 -10.303 -10.303 0.000000 3.245022 0.000 0 0.000
8801.00 1133.65 100.138999 0.0000000000000000 0.000000 236.820037 -1283930.972876 30.868234 125.429407 -23.083559 1352.566980 -10.298 -10.298 0.000000 3.244079 0.000 0 0.000
8701.00 1133.43 100.138999 0.0000000000000000 0.000000 236.820037 -1284239.699725 30.877124 125.431026 -23.124450 1352.654725 -10.293 -10.293 0.000000 3.243145 0.000 0 0.000
8601.00 1133.21 100.138999 0.0000000000000000 0.000000 236.820037 -1284548.515116 30.885943 125.432705 -23.164849 1352.735161 -10.288 -10.288 0.000000 3.242219 0.000 0 0.000
8501.00 1132.99 100.138999 0.0000000000000000 0.000000 236.820037 -1284857.418363 30.894696 125.434442 -23.204781 1352.808361 -10.284 -10.284 0.000000 3.241301 0.000 0 0.000
8401.00 1132.77 100.138999 0.0000000000000000 0.000000 236.820037 -1285166.408835 30.903389 125.436234 -23.244270 1352.874389 -10.279 -10.279 0.000000 3.240389 0.000 0 0.000
8301.00 1132.56 100.138999 0.0000000000000000 0.000000 236.820037 -1285475.485949 30.912025 125.438078 -23.283342 1352.933300 -10.274 -10.274 0.000000 3.239484 0.000 0 0.000
8201.00 1132.34 100.138999 0.0000000000000000 0.000000 236.820037 -1285784.649175 30.920612 125.439973 -23.322021 1352.985136 -10.270 -10.270 0.000000 3.238584 0.000 0 0.000
8101.00 1132.12 100.138999 0.0000000000000000 0.000000 236.820037 -1286093.898034 30.929153 125.441916 -23.360331 1353.029931 -10.265 -10.265 0.000000 3.237690 0.000 0 0.000
8001.00 1131.91 100.138999 0.0000000000000000 0.000000 236.820037 -1286403.232100 30.937654 125.443905 -23.398297 1353.067707 -10.261 -10.261 0.000000 3.236800 0.000 0 0.000
7901.00 1131.69 100.138999 0.0000000000000000 0.000000 236.820037 -1286712.651001 30.946121 125.445936 -23.435945 1353.098475 -10.256 -10.256 0.000000 3.235914 0.000 0 0.000
7801.00 1131.47 100.138999 0.0000000000000000 0.000000 236.820037 -1287022.154416 30.954558 125.448009 -23.473298 1353.122235 -10.252 -10.252 0.000000 3.235032 0.000 0 0.000
7701.00 1131.26 100.138999 0.0000000000000000 0.000000 236.820037 -1287331.742081 30.962972 125.450121 -23.510381 1353.138975 -10.248 -10.248 0.000000 3.234153 0.000 0 0.000
7601.00 1131.04 100.138999 0.0000000000000000 0.000000 236.820037 -1287641.413788 30.971367 125.452270 -23.547220 1353.148673 -10.243 -10.243 0.000000 3.233277 0.000 0 0.000
7501.00 1130.83 100.138999 0.0000000000000000 0.000000 236.820037 -1287951.169385 30.979751 125.454453 -23.583841 1353.151291 -10.239 -10.239 0.000000 3.232402 0.000 0 0.000
7401.00 1130.61 100.138999 0.0000000000000000 0.000000 236.820037 -1288261.008779 30.988128 125.456668 -23.620269 1353.146783 -10.235 -10.235 0.000000 3.231528 0.000 0 0.000
7301.00 1130.40 100.138999 0.0000000000000000 0.000000 236.820037 -1288570.931935 30.996504 125.458914 -23.656530 1353.135085 -10.230 -10.230 0.000000 3.230655 0.000 0 0.000
7201.00 1130.18 100.138999 0.0000000000000000 0.000000 236.820037 -1288880.938883 31.004887 125.461187 -23.692652 1353.116122 -10.226 -10.226 0.000000 3.229781 0.000 0 0.000
7101.00 1129.97 100.138999 0.0000000000000000 0.000000 236.820037 -1289191.029714 31.013282 125.463487 -23.728661 1353.089804 -10.221 -10.221 0.000000 3.228907 0.000 0 0.000
7001.00 1129.75 100.138999 0.0000000000000000 0.000000 236.820037 -1289501.204586 31.021696 125.465810 -23.764586 1353.056027 -10.217 -10.217 0.000000 3.228031 0.000 0 0.000
6901.00 1129.54 100.138999 0.0000000000000000 0.000000 236.820037 -1289811.463724 31.030136 125.468155 -23.800455 1353.014671 -10.212 -10.212 0.000000 3.227153 0.000 0 0.000
6801.00 1129.32 100.138999 0.0000000000000000 0.000000 236.820037 -1290121.807423 31.038610 125.470519 -23.836297 1352.965600 -10.208 -10.208 0.000000 3.226272 0.000 0 0.000
6701.00 1129.11 100.138999 0.0000000000000000 0.000000 236.820037 -1290432.236050 31.047123 125.472900 -23.872143 1352.908662 -10.203 -10.203 0.000000 3.225387 0.000 0 0.000
6601.00 1128.89 100.138999 0.0000000000000000 0.000000 236.820037 -1290742.750049 31.055685 125.475296 -23.908024 1352.843690 -10.198 -10.198 0.000000 3.224498 0.000 0 0.000
6501.00 1128.67 100.138999 0.0000000000000000 0.000000 236.820037 -1291053.349941 31.064303 125.477705 -23.943971 1352.770497 -10.194 -10.194 0.000000 3.223604 0.000 0 0.000
6401.00 1128.46 100.138999 0.0000000000000000 0.000000 236.820037 -1291364.036326 31.072985 125.480125 -23.980016 1352.688881 -10.189 -10.189 0.000000 3.222703 0.000 0 0.000
6301.00 1128.24 100.138999 0.0000000000000000 0.000000 236.820037 -1291674.809889 31.081740 125.482554 -24.016194 1352.598624 -10.184 -10.184 0.000000 3.221795 0.000 0 0.000
6201.00 1128.02 100.138999 0.0000000000000000 0.000000 236.820037 -1291985.671400 31.090576 125.484988 -24.052538 1352.499488 -10.178 -10.178 0.000000 3.220879 0.000 0 0.000
6101.00 1127.80 100.138999 0.0000000000000000 0.000000 236.820037 -1292296.621720 31.099503 125.487427 -24.089083 1352.391222 -10.173 -10.173 0.000000 3.219955 0.000 0 0.000
6001.00 1127.58 100.138999 0.0000000000000000 0.000000 236.820037 -1292607.661797 31.108530 125.489868 -24.125865 1352.273557 -10.167 -10.167 0.000000 3.219021 0.000 0 0.000
5901.00 1127.36 100.138999 0.0000000000000000 0.000000 236.820037 -1292918.792676 31.117665 125.492310 -24.162919 1352.146213 -10.162 -10.162 0.000000 3.218076 0.000 0 0.000
5801.00 1127.14 100.138999 0.0000000000000000 0.000000 236.820037 -1293230.015494 31.126919 125.494749 -24.200283 1352.008897 -10.156 -10.156 0.000000 3.217119 0.000 0 0.000
5701.00 1126.92 100.138999 0.0000000000000000 0.000000 236.820037 -1293541.331485 31.136301 125.497184 -24.237991 1351.861308 -10.149 -10.149 0.000000 3.216149 0.000 0 0.000
5601.00 1126.70 100.138999 0.0000000000000000 0.000000 236.820037 -1293852.741979 31.145821 125.499614 -24.276081 1351.703139 -10.143 -10.143 0.000000 3.215166 0.000 0 0.000
5501.00 1126.47 100.138999 0.0000000000000000 0.000000 236.820037 -1294164.248398 31.155488 125.502037 -24.314587 1351.534084 -10.136 -10.136 0.000000 3.214169 0.000 0 0.000
5401.00 1126.25 100.138999 0.0000000000000000 0.000000 236.820037 -1294475.852261 31.165311 125.504450 -24.353543 1351.353842 -10.129 -10.129 0.000000 3.213156 0.000 0 0.000
5301.00 1126.02 100.138999 0.0000000000000000 0.000000 236.820037 -1294787.555172 31.175299 125.506854 -24.392980 1351.162126 -10.121 -10.121 0.000000 3.212126 0.000 0 0.000
5201.00 1125.79 100.138999 0.0000000000000000 0.000000 236.820037 -1295099.358819 31.185460 125.509247 -24.432927 1350.958671 -10.114 -10.114 0.000000 3.211080 0.000 0 0.000
5101.00 1125.57 100.138999 0.0000000000000000 0.000000 236.820037 -1295411.264963 31.195800 125.511628 -24.473410 1350.743243 -10.106 -10.106 0.000000 3.210015 0.000 0 0.000
5001.00 1125.34 100.138999 0.0000000000000000 0.000000 236.820037 -1295723.275433 31.206325 125.513998 -24.514449 1350.515651 -10.097 -10.097 0.000000 3.208933 0.000 0 0.000
4901.00 1125.11 100.138999 0.0000000000000000 0.000000 236.820037 -1296035.392103 31.217041 125.516356 -24.556058 1350.275759 -10.088 -10.088 0.000000 3.207831 0.000 0 0.000
4801.00 1124.87 100.138999 0.0000000000000000 0.000000 236.820037 -1296347.616885 31.227948 125.518703 -24.598247 1350.023503 -10.079 -10.079 0.000000 3.206711 0.000 0 0.000
4701.00 1124.64 100.138999 0.0000000000000000 0.000000 236.820037 -1296659.951702 31.239048 125.521041 -24.641014 1349.758899 -10.069 -10.069 0.000000 3.205571 0.000 0 0.000
4601.00 1124.41 100.138999 0.0000000000000000 0.000000 236.820037 -1296972.398471 31.250338 125.523372 -24.684352 1349.482060 -10.059 -10.059 0.000000 3.204413 0.000 0 0.000
4501.00 1124.17 100.138999 0.0000000000000000 0.000000 236.820037 -1297284.959072 31.261813 125.525697 -24.728241 1349.193208 -10.049 -10.049 0.000000 3.203237 0.000 0 0.000
4401.00 1123.94 100.138999 0.0000000000000000 0.000000 236.820037 -1297597.635324 31.273466 125.528021 -24.772651 1348.892684 -10.038 -10.038 0.000000 3.202043 0.000 0 0.000
4301.00 1123.70 100.138999 0.0000000000000000 0.000000 236.820037 -1297910.428952 31.285286 125.530347 -24.817542 1348.580958 -10.026 -10.026 0.000000 3.200834 0.000 0 0.000
4201.00 1123.47 100.138999 0.0000000000000000 0.000000 236.820037 -1298223.341560 31.297259 125.532680 -24.862862 1348.258626 -10.014 -10.014 0.000000 3.199609 0.000 0 0.000
4101.00 1123.23 100.138999 0.0000000000000000 0.000000 236.820037 -1298536.374595 31.309369 125.535025 -24.908549 1347.926419 -10.002 -10.002 0.000000 3.198372 0.000 0 0.000
4001.00 1122.99 100.138999 0.0000000000000000 0.000000 236.820037 -1298849.529320 31.321594 125.537387 -24.954529 1347.585188 -9.990 -9.990 0.000000 3.197123 0.000 0 0.000
3901.00 1122.76 100.138999 0.0000000000000000 0.000000 236.820037 -1299162.806788 31.333913 125.539772 -25.000720 1347.235897 -9.977 -9.977 0.000000 3.195866 0.000 0 0.000
3801.00 1122.52 100.138999 0.0000000000000000 0.000000 236.820037 -1299476.207819 31.346302 125.542188 -25.047035 1346.879606 -9.964 -9.964 0.000000 3.194603 0.000 0 0.000
3701.00 1122.29 100.138999 0.0000000000000000 0.000000 236.820037 -1299789.732978 31.358735 125.544639 -25.093378 1346.517452 -9.951 -9.951 0.000000 3.193337 0.000 0 0.000
3601.00 1122.05 100.138999 0.0000000000000000 0.000000 236.820037 -1300103.382565 31.371183 125.547132 -25.139653 1346.150622 -9.938 -9.938 0.000000 3.192070 0.000 0 0.000
3501.00 1121.82 100.138999 0.0000000000000000 0.000000 236.820037 -1300417.156609 31.383621 125.549672 -25.185760 1345.780333 -9.924 -9.924 0.000000 3.190804 0.000 0 0.000
3401.00 1121.59 100.138999 0.0000000000000000 0.000000 236.820037 -1300731.054862 31.396021 125.552267 -25.231604 1345.407801 -9.910 -9.910 0.000000 3.189544 0.000 0 0.000
3301.00 1121.36 100.138999 0.0000000000000000 0.000000 236.820037 -1301045.076812 31.408356 125.554920 -25.277089 1345.034223 -9.897 -9.897 0.000000 3.188292 0.000 0 0.000
3201.00 1121.14 100.138999 0.0000000000000000 0.000000 236.820037 -1301359.221685 31.420602 125.557637 -25.322128 1344.660751 -9.883 -9.883 0.000000 3.187049 0.000 0 0.000
3101.00 1120.91 100.138999 0.0000000000000000 0.000000 236.820037 -1301673.488465 31.432734 125.560421 -25.366638 1344.288473 -9.870 -9.870 0.000000 3.185819 0.000 0 0.000
3001.00 1120.69 100.138999 0.0000000000000000 0.000000 236.820037 -1301987.875912 31.444731 125.563276 -25.410545 1343.918405 -9.857 -9.857 0.000000 3.184603 0.000 0 0.000
2901.00 1120.47 100.138999 0.0000000000000000 0.000000 236.820037 -1302302.382581 31.456575 125.566205 -25.453781 1343.551472 -9.843 -9.843 0.000000 3.183404 0.000 0 0.000
2801.00 1120.25 100.138999 0.0000000000000000 0.000000 236.820037 -1302617.006845 31.468248 125.569209 -25.496291 1343.188506 -9.831 -9.831 0.000000 3.182224 0.000 0 0.000
2701.00 1120.03 100.138999 0.0000000000000000 0.000000 236.820037 -1302931.746921 31.479735 125.572291 -25.538023 1342.830243 -9.818 -9.818 0.000000 3.181062 0.000 0 0.000
2601.00 1119.82 100.138999 0.0000000000000000 0.000000 236.820037 -1303246.600893 31.491025 125.575450 -25.578939 1342.477322 -9.806 -9.806 0.000000 3.179922 0.000 0 0.000
2501.00 1119.61 100.138999 0.0000000000000000 0.000000 236.820037 -1303561.566731 31.502107 125.578687 -25.619006 1342.130285 -9.794 -9.794 0.000000 3.178803 0.000 0 0.000
2401.00 1119.40 100.138999 0.0000000000000000 0.000000 236.820037 -1303876.642318 31.512974 125.582002 -25.658199 1341.789587 -9.782 -9.782 0.000000 3.177707 0.000 0 0.000
2301.00 1119.20 100.138999 0.0000000000000000 0.000000 236.820037 -1304191.825468 31.523619 125.585394 -25.696502 1341.455593 -9.771 -9.771 0.000000 3.176634 0.000 0 0.000
2201.00 1119.00 100.138999 0.0000000000000000 0.000000 236.820037 -1304507.113946 31.534039 125.588863 -25.733903 1341.128593 -9.760 -9.760 0.000000 3.175584 0.000 0 0.000
2101.00 1118.79 100.138999 0.0000000000000000 0.000000 236.820037 -1304822.505483 31.544231 125.592406 -25.770398 1340.808802 -9.749 -9.749 0.000000 3.174558 0.000 0 0.000
2001.00 1118.60 100.138999 0.0000000000000000 0.000000 236.820037 -1305137.997795 31.554194 125.596023 -25.805987 1340.496371 -9.739 -9.739 0.000000 3.173556 0.000 0 0.000
1901.00 1118.40 100.138999 0.0000000000000000 0.000000 236.820037 -1305453.588595 31.563928 125.599710 -25.840675 1340.191391 -9.730 -9.730 0.000000 3.172577 0.000 0 0.000
1801.00 1118.21 100.138999 0.0000000000000000 0.000000 236.820037 -1305769.275605 31.573436 125.603467 -25.874472 1339.893901 -9.720 -9.720 0.000000 3.171622 0.000 0 0.000
1701.00 1118.02 100.138999 0.0000000000000000 0.000000 236.820037 -1306085.056567 31.582719 125.607291 -25.907391 1339.603893 -9.711 -9.711 0.000000 3.170690 0.000 0 0.000
1601.00 1117.83 100.138999 0.0000000000000000 0.000000 236.820037 -1306400.929255 31.591782 125.611179 -25.939446 1339.321319 -9.703 -9.703 0.000000 3.169780 0.000 0 0.000
1501.00 1117.64 100.138999 0.0000000000000000 0.000000 236.820037 -1306716.891478 31.600627 125.615129 -25.970658 1339.046096 -9.695 -9.695 0.000000 3.168893 0.000 0 0.000
1401.00 1117.45 100.138999 0.0000000000000000 0.000000 236.820037 -1307032.941093 31.609261 125.619138 -26.001046 1338.778109 -9.687 -9.687 0.000000 3.168027 0.000 0 0.000
1301.00 1117.27 100.138999 0.0000000000000000 0.000000 236.820037 -1307349.076005 31.617688 125.623204 -26.030634 1338.517219 -9.680 -9.680 0.000000 3.167183 0.000 0 0.000
1201.00 1117.09 100.138999 0.0000000000000000 0.000000 236.820037 -1307665.294178 31.625914 125.627323 -26.059446 1338.263264 -9.673 -9.673 0.000000 3.166359 0.000 0 0.000
1101.00 1116.91 100.138999 0.0000000000000000 0.000000 236.820037 -1307981.593633 31.633945 125.631494 -26.087506 1338.016065 -9.666 -9.666 0.000000 3.165555 0.000 0 0.000
1001.00 1116.73 100.138999 0.0000000000000000 0.000000 236.820037 -1308297.972456 31.641789 125.635714 -26.114842 1337.775429 -9.660 -9.660 0.000000 3.164771 0.000 0 0.000
901.00 1116.55 100.138999 0.0000000000000000 0.000000 236.820037 -1308614.428798 31.649450 125.639980 -26.141479 1337.541151 -9.654 -9.654 0.000000 3.164004 0.000 0 0.000
801.00 1116.37 100.138999 0.0000000000000000 0.000000 236.820037 -1308930.960876 31.656937 125.644289 -26.167446 1337.313020 -9.648 -9.648 0.000000 3.163256 0.000 0 0.000
701.00 1116.20 100.138999 0.0000000000000000 0.000000 236.820037 -1309247.566976 31.664256 125.648639 -26.192770 1337.090819 -9.643 -9.643 0.000000 3.162525 0.000 0 0.000
601.00 1116.03 100.138999 0.0000000000000000 0.000000 236.820037 -1309564.245450 31.671413 125.653027 -26.217477 1336.874327 -9.637 -9.637 0.000000 3.161810 0.000 0 0.000
501.00 1115.85 100.138999 0.0000000000000000 0.000000 236.820037 -1309880.994721 31.678416 125.657452 -26.241595 1336.663325 -9.633 -9.633 0.000000 3.161111 0.000 0 0.000
401.00 1115.68 100.138999 0.0000000000000000 0.000000 236.820037 -1310197.813276 31.685271 125.661910 -26.265149 1336.457591 -9.628 -9.628 0.000000 3.160427 0.000 0 0.000
301.00 1115.51 100.138999 0.0000000000000000 0.000000 236.820037 -1310514.699671 31.691985 125.666400 -26.288167 1336.256911 -9.624 -9.624 0.000000 3.159758 0.000 0 0.000
201.00 1115.34 100.138999 0.0000000000000000 0.000000 236.820037 -1310831.652525 31.698564 125.670920 -26.310672 1336.061071 -9.619 -9.619 0.000000 3.159102 0.000 0 0.000
101.00 1115.17 100.138999 0.0000000000000000 0.000000 236.820037 -1311148.670520 31.705014 125.675467 -26.332690 1335.869864 -9.615 -9.615 0.000000 3.158459 0.000 0 0.000
1.00 1113.62 100.138999 0.0063476593089672 0.007827 236.820037 -1311465.872647 31.742683 125.830040 -27.702103 1340.645517 -8.709 -8.709 2.558318 3.159416 4.343 0 0.000
