Title: Depleted MORB Mantle of Workmann & Hart 2005

Phase Masses:
Pressure Temperature mass liquid_0 olivine_0 garnet_0 orthopyroxene_0 clinopyroxene_0 feldspar_0 spinel_0 
44001.00 1461.84 100.138999 0.000000 59.087630 12.731156 13.529666 13.702384 0.000000 1.088163 
43901.00 1461.62 100.138999 0.000000 59.086526 12.718960 13.537375 13.706830 0.000000 1.089308 
43801.00 1461.39 100.138999 0.000000 59.085412 12.706676 13.545131 13.711317 0.000000 1.090464 
43701.00 1461.17 100.138999 0.000000 59.084287 12.694302 13.552935 13.715845 0.000000 1.091630 
43601.00 1460.95 100.138999 0.000000 59.083152 12.681839 13.560785 13.720415 0.000000 1.092807 
43501.00 1460.72 100.138999 0.000000 59.082007 12.669285 13.568685 13.725027 0.000000 1.093995 
43401.00 1460.50 100.138999 0.000000 59.080852 12.656639 13.576632 13.729682 0.000000 1.095194 
43301.00 1460.28 100.138999 0.000000 59.079686 12.643900 13.584629 13.734380 0.000000 1.096404 
43201.00 1460.05 100.138999 0.000000 59.078509 12.631067 13.592676 13.739122 0.000000 1.097625 
43101.00 1459.83 100.138999 0.000000 59.077321 12.618140 13.600773 13.743907 0.000000 1.098858 
43001.00 1459.61 100.138999 0.000000 59.076122 12.605117 13.608920 13.748737 0.000000 1.100103 
42901.00 1459.38 100.138999 0.000000 59.074912 12.591998 13.617119 13.753612 0.000000 1.101359 
42801.00 1459.16 100.138999 0.000000 59.073690 12.578780 13.625369 13.758532 0.000000 1.102628 
42701.00 1458.94 100.138999 0.000000 59.072456 12.565464 13.633672 13.763498 0.000000 1.103909 
42601.00 1458.71 100.138999 0.000000 59.071211 12.552048 13.642028 13.768510 0.000000 1.105202 
42501.00 1458.49 100.138999 0.000000 59.069954 12.538532 13.650438 13.773568 0.000000 1.106507 
42401.00 1458.26 100.138999 0.000000 59.068684 12.524913 13.658901 13.778674 0.000000 1.107826 
42301.00 1458.04 100.138999 0.000000 59.067403 12.511192 13.667419 13.783828 0.000000 1.109157 
42201.00 1457.82 100.138999 0.000000 59.066108 12.497366 13.675992 13.789030 0.000000 1.110502 
42101.00 1457.59 100.138999 0.000000 59.064801 12.483436 13.684622 13.794280 0.000000 1.111860 
42001.00 1457.37 100.138999 0.000000 59.063481 12.469399 13.693307 13.799580 0.000000 1.113232 
41901.00 1457.14 100.138999 0.000000 59.062148 12.455254 13.702050 13.804929 0.000000 1.114617 
41801.00 1456.92 100.138999 0.000000 59.060802 12.441001 13.710851 13.810329 0.000000 1.116016 
41701.00 1456.70 100.138999 0.000000 59.059442 12.426638 13.719709 13.815780 0.000000 1.117430 
41601.00 1456.47 100.138999 0.000000 59.058069 12.412164 13.728627 13.821281 0.000000 1.118858 
41501.00 1456.25 100.138999 0.000000 59.056681 12.397578 13.737605 13.826835 0.000000 1.120300 
41401.00 1456.02 100.138999 0.000000 59.055279 12.382878 13.746643 13.832441 0.000000 1.121757 
41301.00 1455.80 100.138999 0.000000 59.053863 12.368064 13.755742 13.838100 0.000000 1.123230 
41201.00 1455.57 100.138999 0.000000 59.052432 12.353133 13.764903 13.843812 0.000000 1.124718 
41101.00 1455.35 100.138999 0.000000 59.050987 12.338085 13.774127 13.849579 0.000000 1.126221 
41001.00 1455.12 100.138999 0.000000 59.049526 12.322919 13.783414 13.855400 0.000000 1.127740 
40901.00 1454.90 100.138999 0.000000 59.048050 12.307632 13.792764 13.861277 0.000000 1.129275 
40801.00 1454.67 100.138999 0.000000 59.046559 12.292224 13.802180 13.867209 0.000000 1.130827 
40701.00 1454.45 100.138999 0.000000 59.045052 12.276693 13.811661 13.873198 0.000000 1.132395 
40601.00 1454.22 100.138999 0.000000 59.043528 12.261038 13.821208 13.879244 0.000000 1.133980 
40501.00 1454.00 100.138999 0.000000 59.041989 12.245258 13.830823 13.885348 0.000000 1.135582 
40401.00 1453.77 100.138999 0.000000 59.040432 12.229350 13.840505 13.891510 0.000000 1.137201 
40301.00 1453.55 100.138999 0.000000 59.038859 12.213314 13.850256 13.897731 0.000000 1.138838 
40201.00 1453.32 100.138999 0.000000 59.037269 12.197148 13.860076 13.904012 0.000000 1.140493 
40101.00 1453.10 100.138999 0.000000 59.035661 12.180850 13.869967 13.910354 0.000000 1.142167 
40001.00 1452.87 100.138999 0.000000 59.034036 12.164420 13.879929 13.916756 0.000000 1.143858 
39901.00 1452.65 100.138999 0.000000 59.032393 12.147854 13.889964 13.923220 0.000000 1.145569 
39801.00 1452.42 100.138999 0.000000 59.030731 12.131152 13.900071 13.929746 0.000000 1.147299 
39701.00 1452.20 100.138999 0.000000 59.029051 12.114313 13.910252 13.936335 0.000000 1.149048 
39601.00 1451.97 100.138999 0.000000 59.027352 12.097334 13.920508 13.942989 0.000000 1.150817 
39501.00 1451.74 100.138999 0.000000 59.025633 12.080213 13.930840 13.949706 0.000000 1.152606 
39401.00 1451.52 100.138999 0.000000 59.023896 12.062950 13.941249 13.956489 0.000000 1.154416 
39301.00 1451.29 100.138999 0.000000 59.022138 12.045542 13.951735 13.963338 0.000000 1.156246 
39201.00 1451.07 100.138999 0.000000 59.020360 12.027987 13.962300 13.970254 0.000000 1.158097 
39101.00 1450.84 100.138999 0.000000 59.018562 12.010284 13.972945 13.977237 0.000000 1.159970 
39001.00 1450.61 100.138999 0.000000 59.016742 11.992431 13.983671 13.984289 0.000000 1.161865 
38901.00 1450.39 100.138999 0.000000 59.014902 11.974426 13.994479 13.991410 0.000000 1.163782 
38801.00 1450.16 100.138999 0.000000 59.013040 11.956268 14.005369 13.998601 0.000000 1.165722 
38701.00 1449.93 100.138999 0.000000 59.011156 11.937953 14.016344 14.005862 0.000000 1.167685 
38601.00 1449.71 100.138999 0.000000 59.009249 11.919481 14.027404 14.013195 0.000000 1.169671 
38501.00 1449.48 100.138999 0.000000 59.007320 11.900849 14.038550 14.020600 0.000000 1.171681 
38401.00 1449.25 100.138999 0.000000 59.005367 11.882055 14.049783 14.028079 0.000000 1.173715 
38301.00 1449.03 100.138999 0.000000 59.003391 11.863097 14.061105 14.035632 0.000000 1.175773 
38201.00 1448.80 100.138999 0.000000 59.001392 11.843974 14.072517 14.043260 0.000000 1.177857 
38101.00 1448.57 100.138999 0.000000 58.999367 11.824682 14.084020 14.050963 0.000000 1.179966 
38001.00 1448.35 100.138999 0.000000 58.997318 11.805220 14.095615 14.058744 0.000000 1.182102 
37901.00 1448.12 100.138999 0.000000 58.995244 11.785586 14.107304 14.066602 0.000000 1.184263 
37801.00 1447.89 100.138999 0.000000 58.993144 11.765777 14.119088 14.074539 0.000000 1.186452 
37701.00 1447.66 100.138999 0.000000 58.991018 11.745791 14.130967 14.082556 0.000000 1.188667 
37601.00 1447.44 100.138999 0.000000 58.988865 11.725625 14.142945 14.090653 0.000000 1.190911 
37501.00 1447.21 100.138999 0.000000 58.986685 11.705278 14.155021 14.098832 0.000000 1.193183 
37401.00 1446.98 100.138999 0.000000 58.984477 11.684747 14.167197 14.107094 0.000000 1.195484 
37301.00 1446.75 100.138999 0.000000 58.982241 11.664029 14.179476 14.115439 0.000000 1.197814 
37201.00 1446.52 100.138999 0.000000 58.979977 11.643122 14.191857 14.123869 0.000000 1.200174 
37101.00 1446.30 100.138999 0.000000 58.977684 11.622023 14.204343 14.132385 0.000000 1.202565 
37001.00 1446.07 100.138999 0.000000 58.975361 11.600729 14.216935 14.140987 0.000000 1.204986 
36901.00 1445.84 100.138999 0.000000 58.973007 11.579239 14.229635 14.149678 0.000000 1.207439 
36801.00 1445.61 100.138999 0.000000 58.970623 11.557549 14.242445 14.158458 0.000000 1.209925 
36701.00 1445.38 100.138999 0.000000 58.968208 11.535656 14.255365 14.167327 0.000000 1.212443 
36601.00 1445.15 100.138999 0.000000 58.965761 11.513559 14.268398 14.176288 0.000000 1.214994 
36501.00 1444.92 100.138999 0.000000 58.963281 11.491253 14.281545 14.185342 0.000000 1.217579 
36401.00 1444.70 100.138999 0.000000 58.960768 11.468736 14.294808 14.194489 0.000000 1.220199 
36301.00 1444.47 100.138999 0.000000 58.958221 11.446004 14.308189 14.203731 0.000000 1.222854 
36201.00 1444.24 100.138999 0.000000 58.955640 11.423056 14.321689 14.213069 0.000000 1.225545 
36101.00 1444.01 100.138999 0.000000 58.953024 11.399887 14.335310 14.222505 0.000000 1.228273 
36001.00 1443.78 100.138999 0.000000 58.950372 11.376496 14.349055 14.232039 0.000000 1.231037 
35901.00 1443.55 100.138999 0.000000 58.947683 11.352877 14.362925 14.241674 0.000000 1.233840 
35801.00 1443.32 100.138999 0.000000 58.944958 11.329029 14.376921 14.251409 0.000000 1.236682 
35701.00 1443.09 100.138999 0.000000 58.942195 11.304947 14.391047 14.261248 0.000000 1.239563 
35601.00 1442.86 100.138999 0.000000 58.939393 11.280628 14.405304 14.271190 0.000000 1.242484 
35501.00 1442.63 100.138999 0.000000 58.936552 11.256070 14.419694 14.281238 0.000000 1.245446 
35401.00 1442.40 100.138999 0.000000 58.933671 11.231268 14.434218 14.291392 0.000000 1.248450 
35301.00 1442.17 100.138999 0.000000 58.930749 11.206218 14.448881 14.301655 0.000000 1.251497 
35201.00 1441.94 100.138999 0.000000 58.927786 11.180917 14.463682 14.312027 0.000000 1.254586 
35101.00 1441.70 100.138999 0.000000 58.924780 11.155362 14.478626 14.322511 0.000000 1.257721 
35001.00 1441.47 100.138999 0.000000 58.921730 11.129547 14.493713 14.333108 0.000000 1.260900 
34901.00 1441.24 100.138999 0.000000 58.918637 11.103471 14.508947 14.343819 0.000000 1.264125 
34801.00 1441.01 100.138999 0.000000 58.915499 11.077127 14.524330 14.354646 0.000000 1.267397 
34701.00 1440.78 100.138999 0.000000 58.912315 11.050513 14.539864 14.365591 0.000000 1.270718 
34601.00 1440.55 100.138999 0.000000 58.909083 11.023624 14.555551 14.376654 0.000000 1.274087 
34501.00 1440.32 100.138999 0.000000 58.905805 10.996455 14.571395 14.387839 0.000000 1.277505 
34401.00 1440.08 100.138999 0.000000 58.902477 10.969003 14.587398 14.399146 0.000000 1.280975 
34301.00 1439.85 100.138999 0.000000 58.899100 10.941263 14.603562 14.410578 0.000000 1.284496 
34201.00 1439.62 100.138999 0.000000 58.895672 10.913230 14.619891 14.422136 0.000000 1.288070 
34101.00 1439.39 100.138999 0.000000 58.892192 10.884901 14.636386 14.433822 0.000000 1.291698 
34001.00 1439.15 100.138999 0.000000 58.888659 10.856269 14.653052 14.445638 0.000000 1.295381 
33901.00 1438.92 100.138999 0.000000 58.885073 10.827330 14.669890 14.457586 0.000000 1.299121 
33801.00 1438.69 100.138999 0.000000 58.881432 10.798079 14.686904 14.469667 0.000000 1.302917 
33701.00 1438.45 100.138999 0.000000 58.877734 10.768512 14.704097 14.481884 0.000000 1.306772 
33601.00 1438.22 100.138999 0.000000 58.873979 10.738623 14.721472 14.494238 0.000000 1.310687 
33501.00 1437.99 100.138999 0.000000 58.870166 10.708406 14.739032 14.506733 0.000000 1.314663 
33401.00 1437.75 100.138999 0.000000 58.866293 10.677857 14.756781 14.519369 0.000000 1.318700 
33301.00 1437.52 100.138999 0.000000 58.862359 10.646969 14.774721 14.532149 0.000000 1.322802 
33201.00 1437.28 100.138999 0.000000 58.858362 10.615737 14.792856 14.545075 0.000000 1.326968 
33101.00 1437.05 100.138999 0.000000 58.854303 10.584156 14.811191 14.558150 0.000000 1.331200 
33001.00 1436.81 100.138999 0.000000 58.850178 10.552220 14.829727 14.571375 0.000000 1.335500 
32901.00 1436.58 100.138999 0.000000 58.845987 10.519921 14.848469 14.584753 0.000000 1.339869 
32801.00 1436.34 100.138999 0.000000 58.841728 10.487255 14.867421 14.598287 0.000000 1.344308 
32701.00 1436.11 100.138999 0.000000 58.837400 10.454215 14.886586 14.611978 0.000000 1.348819 
32601.00 1435.87 100.138999 0.000000 58.833002 10.420795 14.905969 14.625829 0.000000 1.353404 
32501.00 1435.63 100.138999 0.000000 58.828531 10.386987 14.925573 14.639844 0.000000 1.358064 
32401.00 1435.40 100.138999 0.000000 58.823987 10.352786 14.945403 14.654023 0.000000 1.362801 
32301.00 1435.16 100.138999 0.000000 58.819368 10.318183 14.965462 14.668371 0.000000 1.367615 
32201.00 1434.92 100.138999 0.000000 58.814671 10.283173 14.985755 14.682889 0.000000 1.372510 
32101.00 1434.69 100.138999 0.000000 58.809896 10.247748 15.006287 14.697581 0.000000 1.377487 
32001.00 1434.45 100.138999 0.000000 58.805041 10.211901 15.027061 14.712449 0.000000 1.382547 
31901.00 1434.21 100.138999 0.000000 58.800103 10.175623 15.048083 14.727496 0.000000 1.387693 
31801.00 1433.97 100.138999 0.000000 58.795082 10.138908 15.069358 14.742725 0.000000 1.392926 
31701.00 1433.74 100.138999 0.000000 58.789975 10.101748 15.090889 14.758140 0.000000 1.398248 
31601.00 1433.50 100.138999 0.000000 58.784780 10.064133 15.112682 14.773742 0.000000 1.403662 
31501.00 1433.26 100.138999 0.000000 58.779495 10.026056 15.134743 14.789536 0.000000 1.409168 
31401.00 1433.02 100.138999 0.000000 58.774119 9.987509 15.157076 14.805525 0.000000 1.414770 
31301.00 1432.78 100.138999 0.000000 58.768649 9.948482 15.179687 14.821711 0.000000 1.420469 
31201.00 1432.54 100.138999 0.000000 58.763084 9.908967 15.202581 14.838099 0.000000 1.426268 
31101.00 1432.30 100.138999 0.000000 58.757420 9.868955 15.225764 14.854691 0.000000 1.432169 
31001.00 1432.06 100.138999 0.000000 58.751656 9.828436 15.249241 14.871492 0.000000 1.438174 
30901.00 1431.82 100.138999 0.000000 58.745790 9.787401 15.273019 14.888504 0.000000 1.444285 
30801.00 1431.58 100.138999 0.000000 58.739819 9.745839 15.297103 14.905732 0.000000 1.450506 
30701.00 1431.34 100.138999 0.000000 58.733741 9.703741 15.321500 14.923180 0.000000 1.456837 
30601.00 1431.10 100.138999 0.000000 58.727553 9.661097 15.346216 14.940850 0.000000 1.463283 
30501.00 1430.85 100.138999 0.000000 58.721253 9.617895 15.371258 14.958748 0.000000 1.469846 
30401.00 1430.61 100.138999 0.000000 58.714838 9.574125 15.396631 14.976878 0.000000 1.476527 
30301.00 1430.37 100.138999 0.000000 58.708306 9.529776 15.422344 14.995242 0.000000 1.483331 
30201.00 1430.13 100.138999 0.000000 58.701653 9.484836 15.448403 15.013847 0.000000 1.490260 
30101.00 1429.88 100.138999 0.000000 58.694877 9.439294 15.474816 15.032696 0.000000 1.497316 
30001.00 1429.64 100.138999 0.000000 58.687975 9.393137 15.501589 15.051794 0.000000 1.504504 
29901.00 1429.40 100.138999 0.000000 58.680945 9.346354 15.528730 15.071145 0.000000 1.511825 
29801.00 1429.15 100.138999 0.000000 58.673782 9.298931 15.556248 15.090754 0.000000 1.519284 
29701.00 1428.91 100.138999 0.000000 58.666484 9.250856 15.584150 15.110626 0.000000 1.526883 
29601.00 1428.66 100.138999 0.000000 58.659048 9.202116 15.612444 15.130766 0.000000 1.534625 
29501.00 1428.42 100.138999 0.000000 58.651470 9.152696 15.641139 15.151180 0.000000 1.542515 
29401.00 1428.17 100.138999 0.000000 58.643747 9.102582 15.670243 15.171871 0.000000 1.550556 
29301.00 1427.92 100.138999 0.000000 58.635875 9.051761 15.699766 15.192846 0.000000 1.558750 
29201.00 1427.68 100.138999 0.000000 58.627851 9.000216 15.729717 15.214111 0.000000 1.567103 
29101.00 1427.43 100.138999 0.000000 58.619671 8.947934 15.760104 15.235671 0.000000 1.575618 
29001.00 1427.18 100.138999 0.000000 58.611332 8.894899 15.790939 15.257531 0.000000 1.584299 
28901.00 1426.93 100.138999 0.000000 58.602828 8.841093 15.822229 15.279698 0.000000 1.593150 
28801.00 1426.68 100.138999 0.000000 58.594157 8.786502 15.853987 15.302179 0.000000 1.602175 
28701.00 1426.43 100.138999 0.000000 58.585313 8.731107 15.886222 15.324978 0.000000 1.611378 
28601.00 1426.19 100.138999 0.000000 58.576294 8.674892 15.918945 15.348104 0.000000 1.620765 
28501.00 1425.94 100.138999 0.000000 58.567093 8.617837 15.952167 15.371562 0.000000 1.630339 
28401.00 1425.68 100.138999 0.000000 58.557708 8.559926 15.985900 15.395360 0.000000 1.640105 
28301.00 1425.43 100.138999 0.000000 58.548132 8.501139 16.020156 15.419504 0.000000 1.650068 
28201.00 1425.18 100.138999 0.000000 58.538362 8.441455 16.054946 15.444002 0.000000 1.660234 
28101.00 1424.93 100.138999 0.000000 58.528391 8.380856 16.090283 15.468862 0.000000 1.670607 
28001.00 1424.68 100.138999 0.000000 58.518216 8.319320 16.126180 15.494090 0.000000 1.681192 
27901.00 1424.42 100.138999 0.000000 58.507830 8.256826 16.162650 15.519696 0.000000 1.691996 
27801.00 1424.17 100.138999 0.000000 58.497229 8.193352 16.199707 15.545687 0.000000 1.703023 
27701.00 1423.92 100.138999 0.000000 58.486407 8.128875 16.237365 15.572072 0.000000 1.714280 
27601.00 1423.66 100.138999 0.000000 58.475357 8.063372 16.275638 15.598860 0.000000 1.725773 
27501.00 1423.40 100.138999 0.000000 58.464073 7.996819 16.314541 15.626058 0.000000 1.737507 
27401.00 1423.15 100.138999 0.000000 58.452551 7.929190 16.354090 15.653678 0.000000 1.749490 
27301.00 1422.89 100.138999 0.000000 58.440782 7.860461 16.394300 15.681728 0.000000 1.761728 
27201.00 1422.63 100.138999 0.000000 58.428761 7.790604 16.435188 15.710218 0.000000 1.774228 
27101.00 1422.38 100.138999 0.000000 58.416481 7.719593 16.476771 15.739158 0.000000 1.786996 
27001.00 1422.12 100.138999 0.000000 58.403934 7.647399 16.519066 15.768559 0.000000 1.800041 
26901.00 1421.86 100.138999 0.000000 58.391114 7.573993 16.562092 15.798431 0.000000 1.813369 
26801.00 1421.60 100.138999 0.000000 58.378012 7.499345 16.605866 15.828786 0.000000 1.826989 
26701.00 1421.34 100.138999 0.000000 58.364621 7.423425 16.650408 15.859636 0.000000 1.840909 
26601.00 1421.08 100.138999 0.000000 58.350933 7.346199 16.695739 15.890992 0.000000 1.855136 
26501.00 1420.81 100.138999 0.000000 58.336939 7.267635 16.741878 15.922866 0.000000 1.869681 
26401.00 1420.55 100.138999 0.000000 58.322632 7.187698 16.788846 15.955272 0.000000 1.884551 
26301.00 1420.29 100.138999 0.000000 58.308000 7.106354 16.836667 15.988223 0.000000 1.899756 
26201.00 1420.02 100.138999 0.000000 58.293037 7.023565 16.885362 16.021731 0.000000 1.915305 
26101.00 1419.76 100.138999 0.000000 58.277731 6.939292 16.934954 16.055812 0.000000 1.931209 
26001.00 1419.49 100.138999 0.000000 58.262073 6.853498 16.985470 16.090481 0.000000 1.947478 
25901.00 1419.22 100.138999 0.000000 58.246052 6.766141 17.036933 16.125751 0.000000 1.964122 
25801.00 1418.95 100.138999 0.000000 58.229659 6.677179 17.089370 16.161639 0.000000 1.981153 
25701.00 1418.69 100.138999 0.000000 58.212880 6.586568 17.142807 16.198162 0.000000 1.998582 
25601.00 1418.42 100.138999 0.000000 58.195706 6.494262 17.197274 16.235336 0.000000 2.016421 
25501.00 1418.14 100.138999 0.000000 58.178124 6.400215 17.252799 16.273178 0.000000 2.034682 
25401.00 1417.87 100.138999 0.000000 58.160121 6.304378 17.309412 16.311707 0.000000 2.053380 
25301.00 1417.60 100.138999 0.000000 58.141685 6.206701 17.367146 16.350943 0.000000 2.072525 
25201.00 1417.33 100.138999 0.000000 58.122802 6.107129 17.426031 16.390903 0.000000 2.092134 
25101.00 1417.05 100.138999 0.000000 58.103458 6.005610 17.486103 16.431609 0.000000 2.112220 
25001.00 1416.78 100.138999 0.000000 58.083639 5.902085 17.547395 16.473082 0.000000 2.132798 
24901.00 1416.50 100.138999 0.000000 58.063328 5.796496 17.609946 16.515344 0.000000 2.153884 
24801.00 1416.22 100.138999 0.000000 58.042512 5.688783 17.673793 16.558418 0.000000 2.175494 
24701.00 1415.94 100.138999 0.000000 58.021172 5.578879 17.738974 16.602328 0.000000 2.197645 
24601.00 1415.66 100.138999 0.000000 57.999293 5.466721 17.805533 16.647097 0.000000 2.220356 
24501.00 1415.38 100.138999 0.000000 57.976856 5.352237 17.873510 16.692754 0.000000 2.243643 
24401.00 1415.09 100.138999 0.000000 57.953842 5.235357 17.942950 16.739323 0.000000 2.267527 
24301.00 1414.81 100.138999 0.000000 57.930232 5.116004 18.013901 16.786834 0.000000 2.292027 
24201.00 1414.52 100.138999 0.000000 57.906007 4.994102 18.086410 16.835315 0.000000 2.317165 
24101.00 1414.24 100.138999 0.000000 57.881144 4.869568 18.160527 16.884798 0.000000 2.342962 
24001.00 1413.95 100.138999 0.000000 57.855623 4.742318 18.236305 16.935313 0.000000 2.369440 
23901.00 1413.66 100.138999 0.000000 57.829419 4.612262 18.313799 16.986895 0.000000 2.396624 
23801.00 1413.37 100.138999 0.000000 57.802509 4.479308 18.393065 17.039577 0.000000 2.424539 
23701.00 1413.07 100.138999 0.000000 57.774869 4.343360 18.474164 17.093397 0.000000 2.453210 
23601.00 1412.78 100.138999 0.000000 57.746470 4.204316 18.557157 17.148392 0.000000 2.482664 
23501.00 1412.48 100.138999 0.000000 57.717287 4.062071 18.642109 17.204602 0.000000 2.512930 
23401.00 1412.18 100.138999 0.000000 57.687290 3.916514 18.729089 17.262069 0.000000 2.544037 
23301.00 1411.88 100.138999 0.000000 57.656450 3.767531 18.818166 17.320836 0.000000 2.576016 
23201.00 1411.58 100.138999 0.000000 57.624734 3.615000 18.909416 17.380949 0.000000 2.608901 
23101.00 1411.28 100.138999 0.000000 57.592110 3.458794 19.002916 17.442455 0.000000 2.642724 
23001.00 1410.97 100.138999 0.000000 57.558544 3.298782 19.098747 17.505405 0.000000 2.677521 
22901.00 1410.67 100.138999 0.000000 57.523999 3.134824 19.196994 17.569851 0.000000 2.713331 
22801.00 1410.36 100.138999 0.000000 57.488437 2.966776 19.297746 17.635849 0.000000 2.750192 
22701.00 1410.04 100.138999 0.000000 57.451818 2.794485 19.401095 17.703456 0.000000 2.788144 
22601.00 1409.73 100.138999 0.000000 57.414101 2.617790 19.507141 17.772734 0.000000 2.827232 
22501.00 1409.41 100.138999 0.000000 57.375242 2.436525 19.615984 17.843747 0.000000 2.867501 
22401.00 1409.09 100.138999 0.000000 57.335194 2.250513 19.727733 17.916562 0.000000 2.908998 
22301.00 1408.77 100.138999 0.000000 57.293909 2.059569 19.842499 17.991249 0.000000 2.951772 
22201.00 1408.45 100.138999 0.000000 57.251337 1.863499 19.960401 18.067884 0.000000 2.995878 
22101.00 1408.12 100.138999 0.000000 57.207423 1.662099 20.081563 18.146545 0.000000 3.041369 
22001.00 1407.79 100.138999 0.000000 57.162112 1.455153 20.206114 18.227316 0.000000 3.088305 
21901.00 1407.46 100.138999 0.000000 57.115343 1.242436 20.334192 18.310282 0.000000 3.136745 
21801.00 1407.13 100.138999 0.000000 57.067056 1.023710 20.465939 18.395538 0.000000 3.186755 
21701.00 1406.79 100.138999 0.000000 57.017183 0.798726 20.601507 18.483180 0.000000 3.238402 
21601.00 1406.45 100.138999 0.000000 56.965657 0.567219 20.741055 18.573311 0.000000 3.291758 
21501.00 1406.10 100.138999 0.000000 56.912403 0.328912 20.884747 18.666039 0.000000 3.346897 
21401.00 1405.75 100.138999 0.000000 56.857346 0.083513 21.032761 18.761480 0.000000 3.403899 
21301.00 1405.49 100.138999 0.000000 56.838518 0.000000 21.065751 18.811618 0.000000 3.423112 
21201.00 1405.28 100.138999 0.000000 56.838455 0.000000 21.039286 18.838502 0.000000 3.422756 
21101.00 1405.06 100.138999 0.000000 56.838391 0.000000 21.012369 18.865841 0.000000 3.422397 
21001.00 1404.85 100.138999 0.000000 56.838325 0.000000 20.984989 18.893649 0.000000 3.422036 
20901.00 1404.64 100.138999 0.000000 56.838258 0.000000 20.957130 18.921938 0.000000 3.421673 
20801.00 1404.42 100.138999 0.000000 56.838190 0.000000 20.928778 18.950724 0.000000 3.421307 
20701.00 1404.21 100.138999 0.000000 56.838120 0.000000 20.899918 18.980022 0.000000 3.420939 
20601.00 1403.99 100.138999 0.000000 56.838048 0.000000 20.870535 19.009847 0.000000 3.420569 
20501.00 1403.78 100.138999 0.000000 56.837974 0.000000 20.840613 19.040216 0.000000 3.420196 
20401.00 1403.57 100.138999 0.000000 56.837899 0.000000 20.810134 19.071147 0.000000 3.419820 
20301.00 1403.35 100.138999 0.000000 56.837821 0.000000 20.779080 19.102656 0.000000 3.419442 
20201.00 1403.14 100.138999 0.000000 56.837742 0.000000 20.747432 19.134763 0.000000 3.419061 
20101.00 1402.92 100.138999 0.000000 56.837661 0.000000 20.715172 19.167488 0.000000 3.418678 
20001.00 1402.70 100.138999 0.000000 56.837577 0.000000 20.682279 19.200851 0.000000 3.418292 
19901.00 1402.49 100.138999 0.000000 56.837491 0.000000 20.648731 19.234874 0.000000 3.417903 
19801.00 1402.27 100.138999 0.000000 56.837403 0.000000 20.614506 19.269579 0.000000 3.417511 
19701.00 1401.94 100.138999 0.028033 56.819441 0.000000 20.639461 19.233944 0.000000 3.418119 
19601.00 1401.58 100.138999 0.061337 56.798651 0.000000 20.674401 19.185770 0.000000 3.418840 
19501.00 1401.23 100.138999 0.095133 56.778133 0.000000 20.709042 19.137195 0.000000 3.419496 
19401.00 1400.87 100.138999 0.129436 56.757895 0.000000 20.743378 19.088206 0.000000 3.420085 
19301.00 1400.51 100.138999 0.164261 56.737941 0.000000 20.777405 19.038788 0.000000 3.420604 
19201.00 1400.15 100.138999 0.199624 56.718279 0.000000 20.811118 18.988925 0.000000 3.421052 
19101.00 1399.78 100.138999 0.235541 56.698915 0.000000 20.844512 18.938603 0.000000 3.421427 
19001.00 1399.42 100.138999 0.272029 56.679856 0.000000 20.877583 18.887805 0.000000 3.421727 
18901.00 1399.05 100.138999 0.309104 56.661109 0.000000 20.910325 18.836513 0.000000 3.421949 
18801.00 1398.68 100.138999 0.346784 56.642680 0.000000 20.942732 18.784711 0.000000 3.422091 
18701.00 1398.31 100.138999 0.385089 56.624578 0.000000 20.974801 18.732380 0.000000 3.422152 
18601.00 1397.94 100.138999 0.424037 56.606810 0.000000 21.006524 18.679501 0.000000 3.422127 
18501.00 1397.57 100.138999 0.463647 56.589385 0.000000 21.037897 18.626053 0.000000 3.422016 
18401.00 1397.19 100.138999 0.503942 56.572309 0.000000 21.068915 18.572017 0.000000 3.421815 
18301.00 1396.81 100.138999 0.544941 56.555593 0.000000 21.099571 18.517372 0.000000 3.421522 
18201.00 1396.43 100.138999 0.586667 56.539245 0.000000 21.129859 18.462093 0.000000 3.421134 
18101.00 1396.05 100.138999 0.629142 56.523274 0.000000 21.159774 18.406160 0.000000 3.420648 
18001.00 1395.66 100.138999 0.672391 56.507690 0.000000 21.189309 18.349548 0.000000 3.420061 
17901.00 1395.27 100.138999 0.716437 56.492503 0.000000 21.218458 18.292231 0.000000 3.419370 
17801.00 1394.88 100.138999 0.761306 56.477722 0.000000 21.247214 18.234185 0.000000 3.418572 
17701.00 1394.49 100.138999 0.807023 56.463360 0.000000 21.275570 18.175383 0.000000 3.417663 
17601.00 1394.09 100.138999 0.853617 56.449426 0.000000 21.303520 18.115796 0.000000 3.416640 
17501.00 1393.70 100.138999 0.901114 56.435933 0.000000 21.331056 18.055396 0.000000 3.415500 
17401.00 1393.29 100.138999 0.949544 56.422893 0.000000 21.358170 17.994154 0.000000 3.414238 
17301.00 1392.89 100.138999 0.998937 56.410317 0.000000 21.384855 17.932038 0.000000 3.412852 
17201.00 1392.48 100.138999 1.049324 56.398220 0.000000 21.411102 17.869017 0.000000 3.411336 
17101.00 1392.07 100.090581 1.051818 56.386390 0.000000 21.437123 17.805500 0.000000 3.409750 
17001.00 1391.66 100.039154 1.051815 56.374820 0.000000 21.462928 17.741496 0.000000 3.408094 
16901.00 1391.25 99.987211 1.051819 56.363515 0.000000 21.488515 17.676995 0.000000 3.406368 
16801.00 1390.83 99.934740 1.051829 56.352480 0.000000 21.513880 17.611982 0.000000 3.404569 
16701.00 1390.42 99.881728 1.051846 56.341718 0.000000 21.539023 17.546444 0.000000 3.402696 
16601.00 1390.00 99.828163 1.051871 56.331235 0.000000 21.563941 17.480368 0.000000 3.400748 
16501.00 1389.58 99.774032 1.051903 56.321037 0.000000 21.588631 17.413739 0.000000 3.398722 
16401.00 1389.16 99.719322 1.051944 56.311128 0.000000 21.613091 17.346543 0.000000 3.396617 
16301.00 1388.74 99.664019 1.051992 56.301514 0.000000 21.637318 17.278764 0.000000 3.394430 
16201.00 1388.31 99.608107 1.052050 56.292201 0.000000 21.661311 17.210386 0.000000 3.392160 
16101.00 1387.89 99.551573 1.052116 56.283194 0.000000 21.685065 17.141394 0.000000 3.389805 
16001.00 1387.46 99.494402 1.052191 56.274500 0.000000 21.708578 17.071770 0.000000 3.387362 
15901.00 1387.03 99.436576 1.052276 56.266124 0.000000 21.731848 17.001498 0.000000 3.384830 
15801.00 1386.60 99.378081 1.052372 56.258074 0.000000 21.754870 16.930558 0.000000 3.382206 
15701.00 1386.16 99.318898 1.052478 56.250356 0.000000 21.777642 16.858934 0.000000 3.379488 
15601.00 1385.72 99.259010 1.052594 56.242977 0.000000 21.800161 16.786605 0.000000 3.376673 
15501.00 1385.28 99.198400 1.052723 56.235944 0.000000 21.822421 16.713552 0.000000 3.373760 
15401.00 1384.84 99.137048 1.052863 56.229265 0.000000 21.844421 16.639754 0.000000 3.370744 
15301.00 1384.40 99.074934 1.053015 56.222948 0.000000 21.866155 16.565191 0.000000 3.367625 
15201.00 1383.95 99.012039 1.053181 56.217000 0.000000 21.887619 16.489841 0.000000 3.364398 
15101.00 1383.50 98.948342 1.053360 56.211431 0.000000 21.908809 16.413681 0.000000 3.361061 
15001.00 1383.05 98.883820 1.053553 56.206249 0.000000 21.929719 16.336688 0.000000 3.357612 
14901.00 1382.60 98.818452 1.053760 56.201463 0.000000 21.950345 16.258838 0.000000 3.354046 
14801.00 1382.14 98.752214 1.053983 56.197082 0.000000 21.970681 16.180107 0.000000 3.350361 
14701.00 1381.68 98.685082 1.054221 56.193118 0.000000 21.990721 16.100469 0.000000 3.346554 
14601.00 1381.22 98.617031 1.054477 56.189579 0.000000 22.010458 16.019897 0.000000 3.342621 
14501.00 1380.75 98.548035 1.054749 56.186477 0.000000 22.029886 15.938365 0.000000 3.338558 
14401.00 1380.28 98.478067 1.055039 56.183823 0.000000 22.048998 15.855845 0.000000 3.334362 
14301.00 1379.81 98.407099 1.055348 56.181629 0.000000 22.067785 15.772308 0.000000 3.330028 
14201.00 1379.34 98.335101 1.055677 56.179907 0.000000 22.086240 15.687723 0.000000 3.325554 
14101.00 1378.86 98.262044 1.056026 56.178669 0.000000 22.104353 15.602061 0.000000 3.320934 
14001.00 1378.37 98.187897 1.056397 56.177930 0.000000 22.122116 15.515290 0.000000 3.316164 
13901.00 1377.89 98.112626 1.056790 56.177702 0.000000 22.139517 15.427377 0.000000 3.311241 
13801.00 1377.40 98.036199 1.057205 56.178001 0.000000 22.156545 15.338288 0.000000 3.306158 
13701.00 1376.91 97.958579 1.057646 56.178842 0.000000 22.173189 15.247990 0.000000 3.300912 
13601.00 1376.41 97.879731 1.058111 56.180241 0.000000 22.189436 15.156445 0.000000 3.295497 
13501.00 1375.91 97.799616 1.058603 56.182215 0.000000 22.205272 15.063618 0.000000 3.289908 
13401.00 1375.40 97.718195 1.059122 56.184780 0.000000 22.220683 14.969470 0.000000 3.284139 
13301.00 1374.89 97.635427 1.059671 56.187955 0.000000 22.235653 14.873963 0.000000 3.278185 
13201.00 1374.38 97.551269 1.060249 56.191760 0.000000 22.250164 14.777056 0.000000 3.272039 
13101.00 1373.86 97.465676 1.060859 56.196215 0.000000 22.264198 14.678708 0.000000 3.265696 
13001.00 1373.33 97.378604 1.061501 56.201339 0.000000 22.277736 14.578877 0.000000 3.259149 
12901.00 1372.80 97.290002 1.062178 56.207157 0.000000 22.290757 14.477518 0.000000 3.252392 
12801.00 1372.27 97.199822 1.062891 56.213690 0.000000 22.303238 14.374587 0.000000 3.245416 
12701.00 1371.73 97.108011 1.063642 56.220963 0.000000 22.315154 14.270037 0.000000 3.238215 
12601.00 1371.19 97.014514 1.064431 56.229001 0.000000 22.326480 14.163821 0.000000 3.230781 
12501.00 1370.64 96.919276 1.065262 56.237831 0.000000 22.337187 14.055889 0.000000 3.223106 
12401.00 1370.08 96.822237 1.066135 56.247482 0.000000 22.347246 13.946191 0.000000 3.215182 
12301.00 1369.52 96.723335 1.067053 56.257982 0.000000 22.356623 13.834676 0.000000 3.207001 
12201.00 1368.95 96.622507 1.068018 56.269363 0.000000 22.365285 13.721289 0.000000 3.198552 
12101.00 1368.37 96.519685 1.069032 56.281657 0.000000 22.373194 13.605977 0.000000 3.189826 
12001.00 1367.79 96.414801 1.070097 56.294898 0.000000 22.380310 13.488682 0.000000 3.180814 
11901.00 1367.20 96.307782 1.071216 56.309122 0.000000 22.386591 13.369348 0.000000 3.171506 
11801.00 1366.61 96.198552 1.072390 56.324367 0.000000 22.391991 13.247914 0.000000 3.161890 
11701.00 1366.00 96.087032 1.073623 56.340673 0.000000 22.396462 13.124320 0.000000 3.151955 
11601.00 1365.39 95.973141 1.074917 56.358081 0.000000 22.399951 12.998503 0.000000 3.141689 
11501.00 1364.77 95.856792 1.076275 56.376635 0.000000 22.402402 12.870400 0.000000 3.131081 
11401.00 1364.14 95.737896 1.077699 56.396381 0.000000 22.403757 12.739942 0.000000 3.120117 
11301.00 1363.51 95.616361 1.079193 56.417368 0.000000 22.403952 12.607065 0.000000 3.108784 
11201.00 1362.86 95.492089 1.080759 56.439647 0.000000 22.402918 12.471697 0.000000 3.097068 
11101.00 1362.20 95.364980 1.082401 56.463271 0.000000 22.400585 12.333767 0.000000 3.084955 
11001.00 1361.54 95.234928 1.084122 56.488297 0.000000 22.396875 12.193204 0.000000 3.072430 
10901.00 1360.86 95.101825 1.085925 56.514784 0.000000 22.391708 12.049932 0.000000 3.059477 
10801.00 1360.18 94.965555 1.087813 56.542794 0.000000 22.384995 11.903875 0.000000 3.046079 
10701.00 1359.48 94.826002 1.089790 56.572393 0.000000 22.376646 11.754955 0.000000 3.032219 
10601.00 1358.77 94.683042 1.091860 56.603649 0.000000 22.366562 11.603092 0.000000 3.017881 
10501.00 1358.05 94.536548 1.094024 56.636634 0.000000 22.354640 11.448205 0.000000 3.003045 
10401.00 1357.32 94.386388 1.096288 56.671423 0.000000 22.340772 11.290212 0.000000 2.987693 
10301.00 1356.57 94.232424 1.098653 56.708097 0.000000 22.324841 11.129029 0.000000 2.971805 
10201.00 1355.81 94.074517 1.101123 56.746737 0.000000 22.306725 10.964571 0.000000 2.955361 
10101.00 1355.04 93.912519 1.103701 56.787430 0.000000 22.286297 10.796751 0.000000 2.938340 
10001.00 1354.25 93.746281 1.106389 56.830267 0.000000 22.263420 10.625484 0.000000 2.920721 
9901.00 1353.45 93.575649 1.109189 56.875341 0.000000 22.237954 10.450682 0.000000 2.902483 
9801.00 1352.63 93.400464 1.112103 56.922751 0.000000 22.209749 10.272260 0.000000 2.883602 
9701.00 1351.80 93.220568 1.115131 56.972597 0.000000 22.178652 10.090132 0.000000 2.864056 
9601.00 1350.95 93.035795 1.118274 57.024985 0.000000 22.144499 9.904214 0.000000 2.843823 
9501.00 1350.08 92.845981 1.121530 57.080023 0.000000 22.107123 9.714424 0.000000 2.822880 
9401.00 1349.20 92.650960 1.124898 57.137823 0.000000 22.066351 9.520685 0.000000 2.801203 
9301.00 1348.29 92.450568 1.128373 57.198497 0.000000 22.022004 9.322923 0.000000 2.778771 
9201.00 1347.37 92.244642 1.131951 57.262162 0.000000 21.973897 9.121070 0.000000 2.755562 
9101.00 1346.43 92.033021 1.135623 57.328934 0.000000 21.921845 8.915066 0.000000 2.731555 
9001.00 1345.47 91.815554 1.139380 57.398929 0.000000 21.865656 8.704859 0.000000 2.706729 
8901.00 1344.49 91.592095 1.143210 57.472265 0.000000 21.805142 8.490411 0.000000 2.681066 
8801.00 1343.48 91.362510 1.147096 57.549055 0.000000 21.740111 8.271696 0.000000 2.654551 
8701.00 1342.46 91.126680 1.151020 57.629409 0.000000 21.670377 8.048703 0.000000 2.627170 
8601.00 1341.41 90.884505 1.154959 57.713432 0.000000 21.595760 7.821441 0.000000 2.598912 
8501.00 1340.34 90.635905 1.158886 57.801220 0.000000 21.516086 7.589942 0.000000 2.569771 
8401.00 1339.25 90.380827 1.162769 57.892861 0.000000 21.431193 7.354262 0.000000 2.539743 
8301.00 1338.14 90.119251 1.166572 57.988430 0.000000 21.340936 7.114483 0.000000 2.508831 
8201.00 1337.00 89.851191 1.170256 58.087985 0.000000 21.245187 6.870720 0.000000 2.477043 
8101.00 1335.84 89.576702 1.173775 58.191568 0.000000 21.143842 6.623122 0.000000 2.444394 
8001.00 1334.66 89.295885 1.177081 58.299200 0.000000 21.036826 6.371873 0.000000 2.410905 
7901.00 1333.47 89.008893 1.180121 58.410878 0.000000 20.924094 6.117195 0.000000 2.376605 
7801.00 1332.25 88.715931 1.182841 58.526573 0.000000 20.805637 5.859350 0.000000 2.341530 
7701.00 1331.01 88.417263 1.185185 58.646228 0.000000 20.681487 5.598639 0.000000 2.305725 
7601.00 1329.75 88.113210 1.187095 58.769754 0.000000 20.551717 5.335402 0.000000 2.269243 
7501.00 1328.47 87.804157 1.188518 58.897032 0.000000 20.416447 5.070016 0.000000 2.232144 
7401.00 1327.19 87.490544 1.189401 59.027911 0.000000 20.275843 4.802892 0.000000 2.194498 
7301.00 1325.88 87.172871 1.189698 59.162207 0.000000 20.130117 4.534470 0.000000 2.156380 
7201.00 1324.57 86.851690 1.189366 59.299706 0.000000 19.979530 4.265216 0.000000 2.117872 
7101.00 1323.25 86.527600 1.188374 59.440166 0.000000 19.824384 3.995614 0.000000 2.079062 
7001.00 1321.92 86.201238 1.186696 59.583317 0.000000 19.665024 3.726160 0.000000 2.040042 
6901.00 1320.58 85.873275 1.184317 59.728868 0.000000 19.501830 3.457355 0.000000 2.000906 
6801.00 1319.25 85.544403 1.181231 59.876508 0.000000 19.335217 3.189696 0.000000 1.961751 
6701.00 1317.91 85.215325 1.177443 60.025910 0.000000 19.165622 2.923676 0.000000 1.922673 
6601.00 1316.58 84.886749 1.172966 60.176738 0.000000 18.993507 2.659769 0.000000 1.883769 
6501.00 1315.25 84.559378 1.167820 60.328647 0.000000 18.819346 2.398431 0.000000 1.845133 
6401.00 1313.93 84.233896 1.162035 60.481290 0.000000 18.643622 2.140092 0.000000 1.806856 
6301.00 1312.61 83.910971 1.155645 60.634321 0.000000 18.466822 1.885157 0.000000 1.769026 
6201.00 1311.31 83.591238 1.148690 60.787398 0.000000 18.289430 1.633996 0.000000 1.731725 
6101.00 1310.02 83.275301 1.141212 60.940185 0.000000 18.111923 1.386950 0.000000 1.695032 
6001.00 1308.75 82.963727 1.133256 61.092357 0.000000 17.934770 1.144325 0.000000 1.659019 
5901.00 1307.50 82.657041 1.124872 61.243599 0.000000 17.758424 0.906394 0.000000 1.623752 
5801.00 1306.26 82.355727 1.116106 61.393613 0.000000 17.583320 0.673396 0.000000 1.589292 
5701.00 1305.05 82.060223 1.107007 61.542113 0.000000 17.409873 0.445536 0.000000 1.555694 
5601.00 1303.85 81.770926 1.097624 61.688831 0.000000 17.238476 0.222989 0.000000 1.523005 
5501.00 1302.68 81.488183 1.088006 61.833517 0.000000 17.069497 0.005896 0.000000 1.491267 
5401.00 1302.12 81.212300 0.933730 61.905701 0.000000 16.898830 0.000000 0.000000 1.474039 
5301.00 1301.58 81.089465 0.927697 61.976203 0.000000 16.728104 0.000000 0.000000 1.457460 
5201.00 1301.04 80.971482 0.925996 62.047123 0.000000 16.557238 0.000000 0.000000 1.441125 
5101.00 1300.51 80.854026 0.924353 62.118486 0.000000 16.386164 0.000000 0.000000 1.425023 
5001.00 1299.97 80.737044 0.922763 62.190316 0.000000 16.214815 0.000000 0.000000 1.409149 
4901.00 1299.44 80.620485 0.921224 62.262638 0.000000 16.043128 0.000000 0.000000 1.393496 
4801.00 1298.90 80.504304 0.919730 62.335472 0.000000 15.871046 0.000000 0.000000 1.378057 
4701.00 1298.37 80.388459 0.918277 62.408839 0.000000 15.698517 0.000000 0.000000 1.362827 
4601.00 1297.84 80.272912 0.916861 62.482755 0.000000 15.525495 0.000000 0.000000 1.347802 
4501.00 1297.31 80.157627 0.915476 62.557236 0.000000 15.351938 0.000000 0.000000 1.332977 
4401.00 1296.78 80.042577 0.914119 62.632295 0.000000 15.177812 0.000000 0.000000 1.318350 
4301.00 1296.25 79.927735 0.912784 62.707942 0.000000 15.003091 0.000000 0.000000 1.303918 
4201.00 1295.72 79.813082 0.911466 62.784183 0.000000 14.827754 0.000000 0.000000 1.289680 
4101.00 1295.19 79.698603 0.910159 62.861022 0.000000 14.651788 0.000000 0.000000 1.275634 
4001.00 1294.66 79.584287 0.908858 62.938459 0.000000 14.475190 0.000000 0.000000 1.261779 
3901.00 1294.13 79.470130 0.907559 63.016490 0.000000 14.297963 0.000000 0.000000 1.248117 
3801.00 1293.61 79.356132 0.906254 63.095107 0.000000 14.120123 0.000000 0.000000 1.234648 
3701.00 1293.08 79.242301 0.904939 63.174298 0.000000 13.941690 0.000000 0.000000 1.221374 
3601.00 1292.55 79.128648 0.903609 63.254046 0.000000 13.762697 0.000000 0.000000 1.208296 
3501.00 1292.02 79.015191 0.902257 63.334331 0.000000 13.583186 0.000000 0.000000 1.195418 
3401.00 1291.49 78.901954 0.900878 63.415126 0.000000 13.403209 0.000000 0.000000 1.182742 
3301.00 1290.97 78.788966 0.899468 63.496403 0.000000 13.222824 0.000000 0.000000 1.170272 
3201.00 1290.44 78.676260 0.898022 63.578125 0.000000 13.042102 0.000000 0.000000 1.158011 
3101.00 1289.91 78.563877 0.896536 63.660256 0.000000 12.861121 0.000000 0.000000 1.145965 
3001.00 1289.39 78.451860 0.895006 63.742751 0.000000 12.679967 0.000000 0.000000 1.134137 
2901.00 1288.86 78.340257 0.893429 63.825564 0.000000 12.498732 0.000000 0.000000 1.122531 
2801.00 1288.34 78.131803 0.792822 63.906781 0.000000 12.320964 0.000000 0.000000 1.111235 
2701.00 1287.82 78.120182 0.890204 63.990124 0.000000 12.139773 0.000000 0.000000 1.100081 
2601.00 1287.30 78.010079 0.888472 64.073626 0.000000 11.958819 0.000000 0.000000 1.089162 
2501.00 1286.78 77.900613 0.886688 64.157230 0.000000 11.778213 0.000000 0.000000 1.078482 
2401.00 1286.26 77.791844 0.884854 64.240879 0.000000 11.598066 0.000000 0.000000 1.068045 
2301.00 1285.74 77.683828 0.882972 64.324515 0.000000 11.418489 0.000000 0.000000 1.057852 
2201.00 1285.22 77.576622 0.881045 64.408080 0.000000 11.239590 0.000000 0.000000 1.047907 
2101.00 1284.71 77.470280 0.879076 64.491519 0.000000 11.061474 0.000000 0.000000 1.038211 
2001.00 1284.20 77.364853 0.877069 64.574778 0.000000 10.884241 0.000000 0.000000 1.028765 
1901.00 1283.69 77.260388 0.875031 64.657806 0.000000 10.707982 0.000000 0.000000 1.019569 
1801.00 1283.18 77.156926 0.872966 64.740554 0.000000 10.532783 0.000000 0.000000 1.010623 
1701.00 1282.67 77.054505 0.870882 64.822980 0.000000 10.358719 0.000000 0.000000 1.001925 
1601.00 1282.17 76.953155 0.868785 64.905043 0.000000 10.185853 0.000000 0.000000 0.993474 
1501.00 1281.67 76.852899 0.866683 64.986710 0.000000 10.014239 0.000000 0.000000 0.985267 
1401.00 1281.17 76.753754 0.864582 65.067952 0.000000 9.843918 0.000000 0.000000 0.977302 
1301.00 1280.68 76.655729 0.862492 65.148748 0.000000 9.674916 0.000000 0.000000 0.969573 
1201.00 1280.19 76.558825 0.860420 65.229080 0.000000 9.507247 0.000000 0.000000 0.962078 
1101.00 1279.70 76.463035 0.858374 65.308939 0.000000 9.340911 0.000000 0.000000 0.954811 
1001.00 1279.21 76.368345 0.856362 65.388323 0.000000 9.175894 0.000000 0.000000 0.947766 
901.00 1278.72 76.274730 0.854392 65.467235 0.000000 9.012164 0.000000 0.000000 0.940938 
801.00 1278.24 76.182159 0.852472 65.545688 0.000000 8.849677 0.000000 0.000000 0.934322 
701.00 1277.76 76.090593 0.850610 65.623699 0.000000 8.688374 0.000000 0.000000 0.927909 
601.00 1277.28 75.999982 0.848815 65.701296 0.000000 8.528177 0.000000 0.000000 0.921695 
501.00 1276.80 75.910270 0.847093 65.778511 0.000000 8.368995 0.000000 0.000000 0.915671 
401.00 1276.32 75.821391 0.845454 65.855388 0.000000 8.210718 0.000000 0.000000 0.909832 
301.00 1275.85 75.733270 0.843905 65.931975 0.000000 8.053221 0.000000 0.000000 0.904169 
201.00 1275.37 75.645824 0.842456 66.008334 0.000000 7.896359 0.000000 0.000000 0.898675 
101.00 1274.90 75.558957 0.841115 66.084531 0.000000 7.739967 0.000000 0.000000 0.893344 
1.00 1274.42 75.472568 0.839893 66.160647 0.000000 7.583861 0.000000 0.000000 0.888168 
