Title: Depleted MORB Mantle of Workmann & Hart 2005

Bulk Composition:
Pressure Temperature mass SiO2 TiO2 Al2O3 Fe2O3 Cr2O3 FeO MnO MgO NiO CaO Na2O 
44001.00 1379.39 100.138985 44.6479 0.12982 3.97448 0.190735 0.569209 7.99689 0.12982 38.6762 0.239667 3.1656 0.279611
43901.00 1379.19 100.138985 44.6479 0.12982 3.97448 0.190735 0.569209 7.99689 0.12982 38.6762 0.239667 3.1656 0.279611
43801.00 1378.98 100.138985 44.6479 0.12982 3.97448 0.190735 0.569209 7.99689 0.12982 38.6762 0.239667 3.1656 0.279611
43701.00 1378.77 100.138985 44.6479 0.12982 3.97448 0.190735 0.569209 7.99689 0.12982 38.6762 0.239667 3.1656 0.279611
43601.00 1378.57 100.138985 44.6479 0.12982 3.97448 0.190735 0.569209 7.99689 0.12982 38.6762 0.239667 3.1656 0.279611
43501.00 1378.36 100.138985 44.6479 0.12982 3.97448 0.190735 0.569209 7.99689 0.12982 38.6762 0.239667 3.1656 0.279611
43401.00 1378.16 100.138985 44.6479 0.12982 3.97448 0.190735 0.569209 7.99689 0.12982 38.6762 0.239667 3.1656 0.279611
43301.00 1377.95 100.138985 44.6479 0.12982 3.97448 0.190735 0.569209 7.99689 0.12982 38.6762 0.239667 3.1656 0.279611
43201.00 1377.75 100.138985 44.6479 0.12982 3.97448 0.190735 0.569209 7.99689 0.12982 38.6762 0.239667 3.1656 0.279611
43101.00 1377.54 100.138985 44.6479 0.12982 3.97448 0.190735 0.569209 7.99689 0.12982 38.6762 0.239667 3.1656 0.279611
43001.00 1377.33 100.138985 44.6479 0.12982 3.97448 0.190735 0.569209 7.99689 0.12982 38.6762 0.239667 3.1656 0.279611
42901.00 1377.13 100.138985 44.6479 0.12982 3.97448 0.190735 0.569209 7.99689 0.12982 38.6762 0.239667 3.1656 0.279611
42801.00 1376.92 100.138985 44.6479 0.12982 3.97448 0.190735 0.569209 7.99689 0.12982 38.6762 0.239667 3.1656 0.279611
42701.00 1376.72 100.138985 44.6479 0.12982 3.97448 0.190735 0.569209 7.99689 0.12982 38.6762 0.239667 3.1656 0.279611
42601.00 1376.51 100.138985 44.6479 0.12982 3.97448 0.190735 0.569209 7.99689 0.12982 38.6762 0.239667 3.1656 0.279611
42501.00 1376.30 100.138985 44.6479 0.12982 3.97448 0.190735 0.569209 7.99689 0.12982 38.6762 0.239667 3.1656 0.279611
42401.00 1376.10 100.138985 44.6479 0.12982 3.97448 0.190735 0.569209 7.99689 0.12982 38.6762 0.239667 3.1656 0.279611
42301.00 1375.89 100.138985 44.6479 0.12982 3.97448 0.190735 0.569209 7.99689 0.12982 38.6762 0.239667 3.1656 0.279611
42201.00 1375.69 100.138985 44.6479 0.12982 3.97448 0.190735 0.569209 7.99689 0.12982 38.6762 0.239667 3.1656 0.279611
42101.00 1375.48 100.138985 44.6479 0.12982 3.97448 0.190735 0.569209 7.99689 0.12982 38.6762 0.239667 3.1656 0.279611
42001.00 1375.27 100.138985 44.6479 0.12982 3.97448 0.190735 0.569209 7.99689 0.12982 38.6762 0.239667 3.1656 0.279611
41901.00 1375.07 100.138985 44.6479 0.12982 3.97448 0.190735 0.569209 7.99689 0.12982 38.6762 0.239667 3.1656 0.279611
41801.00 1374.86 100.138985 44.6479 0.12982 3.97448 0.190735 0.569209 7.99689 0.12982 38.6762 0.239667 3.1656 0.279611
41701.00 1374.65 100.138985 44.6479 0.12982 3.97448 0.190735 0.569209 7.99689 0.12982 38.6762 0.239667 3.1656 0.279611
41601.00 1374.45 100.138985 44.6479 0.12982 3.97448 0.190735 0.569209 7.99689 0.12982 38.6762 0.239667 3.1656 0.279611
41501.00 1374.24 100.138985 44.6479 0.12982 3.97448 0.190735 0.569209 7.99689 0.12982 38.6762 0.239667 3.1656 0.279611
41401.00 1374.04 100.138985 44.6479 0.12982 3.97448 0.190735 0.569209 7.99689 0.12982 38.6762 0.239667 3.1656 0.279611
41301.00 1373.83 100.138985 44.6479 0.12982 3.97448 0.190735 0.569209 7.99689 0.12982 38.6762 0.239667 3.1656 0.279611
41201.00 1373.62 100.138985 44.6479 0.12982 3.97448 0.190735 0.569209 7.99689 0.12982 38.6762 0.239667 3.1656 0.279611
41101.00 1373.42 100.138985 44.6479 0.12982 3.97448 0.190735 0.569209 7.99689 0.12982 38.6762 0.239667 3.1656 0.279611
41001.00 1373.21 100.138985 44.6479 0.12982 3.97448 0.190735 0.569209 7.99689 0.12982 38.6762 0.239667 3.1656 0.279611
40901.00 1373.00 100.138985 44.6479 0.12982 3.97448 0.190735 0.569209 7.99689 0.12982 38.6762 0.239667 3.1656 0.279611
40801.00 1372.80 100.138985 44.6479 0.12982 3.97448 0.190735 0.569209 7.99689 0.12982 38.6762 0.239667 3.1656 0.279611
40701.00 1372.59 100.138985 44.6479 0.12982 3.97448 0.190735 0.569209 7.99689 0.12982 38.6762 0.239667 3.1656 0.279611
40601.00 1372.38 100.138985 44.6479 0.12982 3.97448 0.190735 0.569209 7.99689 0.12982 38.6762 0.239667 3.1656 0.279611
40501.00 1372.18 100.138985 44.6479 0.12982 3.97448 0.190735 0.569209 7.99689 0.12982 38.6762 0.239667 3.1656 0.279611
40401.00 1371.97 100.138985 44.6479 0.12982 3.97448 0.190735 0.569209 7.99689 0.12982 38.6762 0.239667 3.1656 0.279611
40301.00 1371.76 100.138985 44.6479 0.12982 3.97448 0.190735 0.569209 7.99689 0.12982 38.6762 0.239667 3.1656 0.279611
40201.00 1371.55 100.138985 44.6479 0.12982 3.97448 0.190735 0.569209 7.99689 0.12982 38.6762 0.239667 3.1656 0.279611
40101.00 1371.35 100.138985 44.6479 0.12982 3.97448 0.190735 0.569209 7.99689 0.12982 38.6762 0.239667 3.1656 0.279611
40001.00 1371.14 100.138985 44.6479 0.12982 3.97448 0.190735 0.569209 7.99689 0.12982 38.6762 0.239667 3.1656 0.279611
39901.00 1370.93 100.138985 44.6479 0.12982 3.97448 0.190735 0.569209 7.99689 0.12982 38.6762 0.239667 3.1656 0.279611
39801.00 1370.73 100.138985 44.6479 0.12982 3.97448 0.190735 0.569209 7.99689 0.12982 38.6762 0.239667 3.1656 0.279611
39701.00 1370.52 100.138985 44.6479 0.12982 3.97448 0.190735 0.569209 7.99689 0.12982 38.6762 0.239667 3.1656 0.279611
39601.00 1370.31 100.138985 44.6479 0.12982 3.97448 0.190735 0.569209 7.99689 0.12982 38.6762 0.239667 3.1656 0.279611
39501.00 1370.10 100.138985 44.6479 0.12982 3.97448 0.190735 0.569209 7.99689 0.12982 38.6762 0.239667 3.1656 0.279611
39401.00 1369.90 100.138985 44.6479 0.12982 3.97448 0.190735 0.569209 7.99689 0.12982 38.6762 0.239667 3.1656 0.279611
39301.00 1369.69 100.138985 44.6479 0.12982 3.97448 0.190735 0.569209 7.99689 0.12982 38.6762 0.239667 3.1656 0.279611
39201.00 1369.48 100.138985 44.6479 0.12982 3.97448 0.190735 0.569209 7.99689 0.12982 38.6762 0.239667 3.1656 0.279611
39101.00 1369.27 100.138985 44.6479 0.12982 3.97448 0.190735 0.569209 7.99689 0.12982 38.6762 0.239667 3.1656 0.279611
39001.00 1369.07 100.138985 44.6479 0.12982 3.97448 0.190735 0.569209 7.99689 0.12982 38.6762 0.239667 3.1656 0.279611
38901.00 1368.86 100.138985 44.6479 0.12982 3.97448 0.190735 0.569209 7.99689 0.12982 38.6762 0.239667 3.1656 0.279611
38801.00 1368.65 100.138985 44.6479 0.12982 3.97448 0.190735 0.569209 7.99689 0.12982 38.6762 0.239667 3.1656 0.279611
38701.00 1368.44 100.138985 44.6479 0.12982 3.97448 0.190735 0.569209 7.99689 0.12982 38.6762 0.239667 3.1656 0.279611
38601.00 1368.23 100.138985 44.6479 0.12982 3.97448 0.190735 0.569209 7.99689 0.12982 38.6762 0.239667 3.1656 0.279611
38501.00 1368.03 100.138985 44.6479 0.12982 3.97448 0.190735 0.569209 7.99689 0.12982 38.6762 0.239667 3.1656 0.279611
38401.00 1367.82 100.138985 44.6479 0.12982 3.97448 0.190735 0.569209 7.99689 0.12982 38.6762 0.239667 3.1656 0.279611
38301.00 1367.61 100.138985 44.6479 0.12982 3.97448 0.190735 0.569209 7.99689 0.12982 38.6762 0.239667 3.1656 0.279611
38201.00 1367.40 100.138985 44.6479 0.12982 3.97448 0.190735 0.569209 7.99689 0.12982 38.6762 0.239667 3.1656 0.279611
38101.00 1367.19 100.138985 44.6479 0.12982 3.97448 0.190735 0.569209 7.99689 0.12982 38.6762 0.239667 3.1656 0.279611
38001.00 1366.99 100.138985 44.6479 0.12982 3.97448 0.190735 0.569209 7.99689 0.12982 38.6762 0.239667 3.1656 0.279611
37901.00 1366.78 100.138985 44.6479 0.12982 3.97448 0.190735 0.569209 7.99689 0.12982 38.6762 0.239667 3.1656 0.279611
37801.00 1366.57 100.138985 44.6479 0.12982 3.97448 0.190735 0.569209 7.99689 0.12982 38.6762 0.239667 3.1656 0.279611
37701.00 1366.36 100.138985 44.6479 0.12982 3.97448 0.190735 0.569209 7.99689 0.12982 38.6762 0.239667 3.1656 0.279611
37601.00 1366.15 100.138985 44.6479 0.12982 3.97448 0.190735 0.569209 7.99689 0.12982 38.6762 0.239667 3.1656 0.279611
37501.00 1365.94 100.138985 44.6479 0.12982 3.97448 0.190735 0.569209 7.99689 0.12982 38.6762 0.239667 3.1656 0.279611
37401.00 1365.73 100.138985 44.6479 0.12982 3.97448 0.190735 0.569209 7.99689 0.12982 38.6762 0.239667 3.1656 0.279611
37301.00 1365.53 100.138985 44.6479 0.12982 3.97448 0.190735 0.569209 7.99689 0.12982 38.6762 0.239667 3.1656 0.279611
37201.00 1365.32 100.138985 44.6479 0.12982 3.97448 0.190735 0.569209 7.99689 0.12982 38.6762 0.239667 3.1656 0.279611
37101.00 1365.11 100.138985 44.6479 0.12982 3.97448 0.190735 0.569209 7.99689 0.12982 38.6762 0.239667 3.1656 0.279611
37001.00 1364.90 100.138985 44.6479 0.12982 3.97448 0.190735 0.569209 7.99689 0.12982 38.6762 0.239667 3.1656 0.279611
36901.00 1364.69 100.138985 44.6479 0.12982 3.97448 0.190735 0.569209 7.99689 0.12982 38.6762 0.239667 3.1656 0.279611
36801.00 1364.48 100.138985 44.6479 0.12982 3.97448 0.190735 0.569209 7.99689 0.12982 38.6762 0.239667 3.1656 0.279611
36701.00 1364.27 100.138985 44.6479 0.12982 3.97448 0.190735 0.569209 7.99689 0.12982 38.6762 0.239667 3.1656 0.279611
36601.00 1364.06 100.138985 44.6479 0.12982 3.97448 0.190735 0.569209 7.99689 0.12982 38.6762 0.239667 3.1656 0.279611
36501.00 1363.85 100.138985 44.6479 0.12982 3.97448 0.190735 0.569209 7.99689 0.12982 38.6762 0.239667 3.1656 0.279611
36401.00 1363.64 100.138985 44.6479 0.12982 3.97448 0.190735 0.569209 7.99689 0.12982 38.6762 0.239667 3.1656 0.279611
36301.00 1363.43 100.138985 44.6479 0.12982 3.97448 0.190735 0.569209 7.99689 0.12982 38.6762 0.239667 3.1656 0.279611
36201.00 1363.22 100.138985 44.6479 0.12982 3.97448 0.190735 0.569209 7.99689 0.12982 38.6762 0.239667 3.1656 0.279611
36101.00 1363.01 100.138985 44.6479 0.12982 3.97448 0.190735 0.569209 7.99689 0.12982 38.6762 0.239667 3.1656 0.279611
36001.00 1362.80 100.138985 44.6479 0.12982 3.97448 0.190735 0.569209 7.99689 0.12982 38.6762 0.239667 3.1656 0.279611
35901.00 1362.59 100.138985 44.6479 0.12982 3.97448 0.190735 0.569209 7.99689 0.12982 38.6762 0.239667 3.1656 0.279611
35801.00 1362.38 100.138985 44.6479 0.12982 3.97448 0.190735 0.569209 7.99689 0.12982 38.6762 0.239667 3.1656 0.279611
35701.00 1362.17 100.138985 44.6479 0.12982 3.97448 0.190735 0.569209 7.99689 0.12982 38.6762 0.239667 3.1656 0.279611
35601.00 1361.96 100.138985 44.6479 0.12982 3.97448 0.190735 0.569209 7.99689 0.12982 38.6762 0.239667 3.1656 0.279611
35501.00 1361.75 100.138985 44.6479 0.12982 3.97448 0.190735 0.569209 7.99689 0.12982 38.6762 0.239667 3.1656 0.279611
35401.00 1361.54 100.138985 44.6479 0.12982 3.97448 0.190735 0.569209 7.99689 0.12982 38.6762 0.239667 3.1656 0.279611
35301.00 1361.33 100.138985 44.6479 0.12982 3.97448 0.190735 0.569209 7.99689 0.12982 38.6762 0.239667 3.1656 0.279611
35201.00 1361.12 100.138985 44.6479 0.12982 3.97448 0.190735 0.569209 7.99689 0.12982 38.6762 0.239667 3.1656 0.279611
35101.00 1360.91 100.138985 44.6479 0.12982 3.97448 0.190735 0.569209 7.99689 0.12982 38.6762 0.239667 3.1656 0.279611
35001.00 1360.70 100.138985 44.6479 0.12982 3.97448 0.190735 0.569209 7.99689 0.12982 38.6762 0.239667 3.1656 0.279611
34901.00 1360.49 100.138985 44.6479 0.12982 3.97448 0.190735 0.569209 7.99689 0.12982 38.6762 0.239667 3.1656 0.279611
34801.00 1360.27 100.138985 44.6479 0.12982 3.97448 0.190735 0.569209 7.99689 0.12982 38.6762 0.239667 3.1656 0.279611
34701.00 1360.06 100.138985 44.6479 0.12982 3.97448 0.190735 0.569209 7.99689 0.12982 38.6762 0.239667 3.1656 0.279611
34601.00 1359.85 100.138985 44.6479 0.12982 3.97448 0.190735 0.569209 7.99689 0.12982 38.6762 0.239667 3.1656 0.279611
34501.00 1359.64 100.138985 44.6479 0.12982 3.97448 0.190735 0.569209 7.99689 0.12982 38.6762 0.239667 3.1656 0.279611
34401.00 1359.43 100.138985 44.6479 0.12982 3.97448 0.190735 0.569209 7.99689 0.12982 38.6762 0.239667 3.1656 0.279611
34301.00 1359.22 100.138985 44.6479 0.12982 3.97448 0.190735 0.569209 7.99689 0.12982 38.6762 0.239667 3.1656 0.279611
34201.00 1359.00 100.138985 44.6479 0.12982 3.97448 0.190735 0.569209 7.99689 0.12982 38.6762 0.239667 3.1656 0.279611
34101.00 1358.79 100.138985 44.6479 0.12982 3.97448 0.190735 0.569209 7.99689 0.12982 38.6762 0.239667 3.1656 0.279611
34001.00 1358.58 100.138985 44.6479 0.12982 3.97448 0.190735 0.569209 7.99689 0.12982 38.6762 0.239667 3.1656 0.279611
33901.00 1358.37 100.138985 44.6479 0.12982 3.97448 0.190735 0.569209 7.99689 0.12982 38.6762 0.239667 3.1656 0.279611
33801.00 1358.15 100.138985 44.6479 0.12982 3.97448 0.190735 0.569209 7.99689 0.12982 38.6762 0.239667 3.1656 0.279611
33701.00 1357.94 100.138985 44.6479 0.12982 3.97448 0.190735 0.569209 7.99689 0.12982 38.6762 0.239667 3.1656 0.279611
33601.00 1357.73 100.138985 44.6479 0.12982 3.97448 0.190735 0.569209 7.99689 0.12982 38.6762 0.239667 3.1656 0.279611
33501.00 1357.52 100.138985 44.6479 0.12982 3.97448 0.190735 0.569209 7.99689 0.12982 38.6762 0.239667 3.1656 0.279611
33401.00 1357.30 100.138985 44.6479 0.12982 3.97448 0.190735 0.569209 7.99689 0.12982 38.6762 0.239667 3.1656 0.279611
33301.00 1357.09 100.138985 44.6479 0.12982 3.97448 0.190735 0.569209 7.99689 0.12982 38.6762 0.239667 3.1656 0.279611
33201.00 1356.88 100.138985 44.6479 0.12982 3.97448 0.190735 0.569209 7.99689 0.12982 38.6762 0.239667 3.1656 0.279611
33101.00 1356.66 100.138985 44.6479 0.12982 3.97448 0.190735 0.569209 7.99689 0.12982 38.6762 0.239667 3.1656 0.279611
33001.00 1356.45 100.138985 44.6479 0.12982 3.97448 0.190735 0.569209 7.99689 0.12982 38.6762 0.239667 3.1656 0.279611
32901.00 1356.24 100.138985 44.6479 0.12982 3.97448 0.190735 0.569209 7.99689 0.12982 38.6762 0.239667 3.1656 0.279611
32801.00 1356.02 100.138985 44.6479 0.12982 3.97448 0.190735 0.569209 7.99689 0.12982 38.6762 0.239667 3.1656 0.279611
32701.00 1355.81 100.138985 44.6479 0.12982 3.97448 0.190735 0.569209 7.99689 0.12982 38.6762 0.239667 3.1656 0.279611
32601.00 1355.59 100.138985 44.6479 0.12982 3.97448 0.190735 0.569209 7.99689 0.12982 38.6762 0.239667 3.1656 0.279611
32501.00 1355.38 100.138985 44.6479 0.12982 3.97448 0.190735 0.569209 7.99689 0.12982 38.6762 0.239667 3.1656 0.279611
32401.00 1355.16 100.138985 44.6479 0.12982 3.97448 0.190735 0.569209 7.99689 0.12982 38.6762 0.239667 3.1656 0.279611
32301.00 1354.95 100.138985 44.6479 0.12982 3.97448 0.190735 0.569209 7.99689 0.12982 38.6762 0.239667 3.1656 0.279611
32201.00 1354.73 100.138985 44.6479 0.12982 3.97448 0.190735 0.569209 7.99689 0.12982 38.6762 0.239667 3.1656 0.279611
32101.00 1354.52 100.138985 44.6479 0.12982 3.97448 0.190735 0.569209 7.99689 0.12982 38.6762 0.239667 3.1656 0.279611
32001.00 1354.30 100.138985 44.6479 0.12982 3.97448 0.190735 0.569209 7.99689 0.12982 38.6762 0.239667 3.1656 0.279611
31901.00 1354.09 100.138985 44.6479 0.12982 3.97448 0.190735 0.569209 7.99689 0.12982 38.6762 0.239667 3.1656 0.279611
31801.00 1353.87 100.138985 44.6479 0.12982 3.97448 0.190735 0.569209 7.99689 0.12982 38.6762 0.239667 3.1656 0.279611
31701.00 1353.66 100.138985 44.6479 0.12982 3.97448 0.190735 0.569209 7.99689 0.12982 38.6762 0.239667 3.1656 0.279611
31601.00 1353.44 100.138985 44.6479 0.12982 3.97448 0.190735 0.569209 7.99689 0.12982 38.6762 0.239667 3.1656 0.279611
31501.00 1353.22 100.138985 44.6479 0.12982 3.97448 0.190735 0.569209 7.99689 0.12982 38.6762 0.239667 3.1656 0.279611
31401.00 1353.01 100.138985 44.6479 0.12982 3.97448 0.190735 0.569209 7.99689 0.12982 38.6762 0.239667 3.1656 0.279611
31301.00 1352.79 100.138985 44.6479 0.12982 3.97448 0.190735 0.569209 7.99689 0.12982 38.6762 0.239667 3.1656 0.279611
31201.00 1352.57 100.138985 44.6479 0.12982 3.97448 0.190735 0.569209 7.99689 0.12982 38.6762 0.239667 3.1656 0.279611
31101.00 1352.36 100.138985 44.6479 0.12982 3.97448 0.190735 0.569209 7.99689 0.12982 38.6762 0.239667 3.1656 0.279611
31001.00 1352.14 100.138985 44.6479 0.12982 3.97448 0.190735 0.569209 7.99689 0.12982 38.6762 0.239667 3.1656 0.279611
30901.00 1351.92 100.138985 44.6479 0.12982 3.97448 0.190735 0.569209 7.99689 0.12982 38.6762 0.239667 3.1656 0.279611
30801.00 1351.70 100.138985 44.6479 0.12982 3.97448 0.190735 0.569209 7.99689 0.12982 38.6762 0.239667 3.1656 0.279611
30701.00 1351.49 100.138985 44.6479 0.12982 3.97448 0.190735 0.569209 7.99689 0.12982 38.6762 0.239667 3.1656 0.279611
30601.00 1351.27 100.138985 44.6479 0.12982 3.97448 0.190735 0.569209 7.99689 0.12982 38.6762 0.239667 3.1656 0.279611
30501.00 1351.05 100.138985 44.6479 0.12982 3.97448 0.190735 0.569209 7.99689 0.12982 38.6762 0.239667 3.1656 0.279611
30401.00 1350.83 100.138985 44.6479 0.12982 3.97448 0.190735 0.569209 7.99689 0.12982 38.6762 0.239667 3.1656 0.279611
30301.00 1350.61 100.138985 44.6479 0.12982 3.97448 0.190735 0.569209 7.99689 0.12982 38.6762 0.239667 3.1656 0.279611
30201.00 1350.39 100.138985 44.6479 0.12982 3.97448 0.190735 0.569209 7.99689 0.12982 38.6762 0.239667 3.1656 0.279611
30101.00 1350.17 100.138985 44.6479 0.12982 3.97448 0.190735 0.569209 7.99689 0.12982 38.6762 0.239667 3.1656 0.279611
30001.00 1349.95 100.138985 44.6479 0.12982 3.97448 0.190735 0.569209 7.99689 0.12982 38.6762 0.239667 3.1656 0.279611
29901.00 1349.73 100.138985 44.6479 0.12982 3.97448 0.190735 0.569209 7.99689 0.12982 38.6762 0.239667 3.1656 0.279611
29801.00 1349.51 100.138985 44.6479 0.12982 3.97448 0.190735 0.569209 7.99689 0.12982 38.6762 0.239667 3.1656 0.279611
29701.00 1349.29 100.138985 44.6479 0.12982 3.97448 0.190735 0.569209 7.99689 0.12982 38.6762 0.239667 3.1656 0.279611
29601.00 1349.07 100.138985 44.6479 0.12982 3.97448 0.190735 0.569209 7.99689 0.12982 38.6762 0.239667 3.1656 0.279611
29501.00 1348.85 100.138985 44.6479 0.12982 3.97448 0.190735 0.569209 7.99689 0.12982 38.6762 0.239667 3.1656 0.279611
29401.00 1348.63 100.138985 44.6479 0.12982 3.97448 0.190735 0.569209 7.99689 0.12982 38.6762 0.239667 3.1656 0.279611
29301.00 1348.41 100.138985 44.6479 0.12982 3.97448 0.190735 0.569209 7.99689 0.12982 38.6762 0.239667 3.1656 0.279611
29201.00 1348.19 100.138985 44.6479 0.12982 3.97448 0.190735 0.569209 7.99689 0.12982 38.6762 0.239667 3.1656 0.279611
29101.00 1347.97 100.138985 44.6479 0.12982 3.97448 0.190735 0.569209 7.99689 0.12982 38.6762 0.239667 3.1656 0.279611
29001.00 1347.74 100.138985 44.6479 0.12982 3.97448 0.190735 0.569209 7.99689 0.12982 38.6762 0.239667 3.1656 0.279611
28901.00 1347.52 100.138985 44.6479 0.12982 3.97448 0.190735 0.569209 7.99689 0.12982 38.6762 0.239667 3.1656 0.279611
28801.00 1347.30 100.138985 44.6479 0.12982 3.97448 0.190735 0.569209 7.99689 0.12982 38.6762 0.239667 3.1656 0.279611
28701.00 1347.07 100.138985 44.6479 0.12982 3.97448 0.190735 0.569209 7.99689 0.12982 38.6762 0.239667 3.1656 0.279611
28601.00 1346.85 100.138985 44.6479 0.12982 3.97448 0.190735 0.569209 7.99689 0.12982 38.6762 0.239667 3.1656 0.279611
28501.00 1346.63 100.138985 44.6479 0.12982 3.97448 0.190735 0.569209 7.99689 0.12982 38.6762 0.239667 3.1656 0.279611
28401.00 1346.40 100.138985 44.6479 0.12982 3.97448 0.190735 0.569209 7.99689 0.12982 38.6762 0.239667 3.1656 0.279611
28301.00 1346.18 100.138985 44.6479 0.12982 3.97448 0.190735 0.569209 7.99689 0.12982 38.6762 0.239667 3.1656 0.279611
28201.00 1345.95 100.138985 44.6479 0.12982 3.97448 0.190735 0.569209 7.99689 0.12982 38.6762 0.239667 3.1656 0.279611
28101.00 1345.73 100.138985 44.6479 0.12982 3.97448 0.190735 0.569209 7.99689 0.12982 38.6762 0.239667 3.1656 0.279611
28001.00 1345.50 100.138985 44.6479 0.12982 3.97448 0.190735 0.569209 7.99689 0.12982 38.6762 0.239667 3.1656 0.279611
27901.00 1345.27 100.138985 44.6479 0.12982 3.97448 0.190735 0.569209 7.99689 0.12982 38.6762 0.239667 3.1656 0.279611
27801.00 1345.05 100.138985 44.6479 0.12982 3.97448 0.190735 0.569209 7.99689 0.12982 38.6762 0.239667 3.1656 0.279611
27701.00 1344.82 100.138985 44.6479 0.12982 3.97448 0.190735 0.569209 7.99689 0.12982 38.6762 0.239667 3.1656 0.279611
27601.00 1344.59 100.138985 44.6479 0.12982 3.97448 0.190735 0.569209 7.99689 0.12982 38.6762 0.239667 3.1656 0.279611
27501.00 1344.37 100.138985 44.6479 0.12982 3.97448 0.190735 0.569209 7.99689 0.12982 38.6762 0.239667 3.1656 0.279611
27401.00 1344.14 100.138985 44.6479 0.12982 3.97448 0.190735 0.569209 7.99689 0.12982 38.6762 0.239667 3.1656 0.279611
27301.00 1343.91 100.138985 44.6479 0.12982 3.97448 0.190735 0.569209 7.99689 0.12982 38.6762 0.239667 3.1656 0.279611
27201.00 1343.68 100.138985 44.6479 0.12982 3.97448 0.190735 0.569209 7.99689 0.12982 38.6762 0.239667 3.1656 0.279611
27101.00 1343.45 100.138985 44.6479 0.12982 3.97448 0.190735 0.569209 7.99689 0.12982 38.6762 0.239667 3.1656 0.279611
27001.00 1343.22 100.138985 44.6479 0.12982 3.97448 0.190735 0.569209 7.99689 0.12982 38.6762 0.239667 3.1656 0.279611
26901.00 1342.99 100.138985 44.6479 0.12982 3.97448 0.190735 0.569209 7.99689 0.12982 38.6762 0.239667 3.1656 0.279611
26801.00 1342.76 100.138985 44.6479 0.12982 3.97448 0.190735 0.569209 7.99689 0.12982 38.6762 0.239667 3.1656 0.279611
26701.00 1342.53 100.138985 44.6479 0.12982 3.97448 0.190735 0.569209 7.99689 0.12982 38.6762 0.239667 3.1656 0.279611
26601.00 1342.30 100.138985 44.6479 0.12982 3.97448 0.190735 0.569209 7.99689 0.12982 38.6762 0.239667 3.1656 0.279611
26501.00 1342.07 100.138985 44.6479 0.12982 3.97448 0.190735 0.569209 7.99689 0.12982 38.6762 0.239667 3.1656 0.279611
26401.00 1341.83 100.138985 44.6479 0.12982 3.97448 0.190735 0.569209 7.99689 0.12982 38.6762 0.239667 3.1656 0.279611
26301.00 1341.60 100.138985 44.6479 0.12982 3.97448 0.190735 0.569209 7.99689 0.12982 38.6762 0.239667 3.1656 0.279611
26201.00 1341.37 100.138985 44.6479 0.12982 3.97448 0.190735 0.569209 7.99689 0.12982 38.6762 0.239667 3.1656 0.279611
26101.00 1341.13 100.138985 44.6479 0.12982 3.97448 0.190735 0.569209 7.99689 0.12982 38.6762 0.239667 3.1656 0.279611
26001.00 1340.90 100.138985 44.6479 0.12982 3.97448 0.190735 0.569209 7.99689 0.12982 38.6762 0.239667 3.1656 0.279611
25901.00 1340.66 100.138985 44.6479 0.12982 3.97448 0.190735 0.569209 7.99689 0.12982 38.6762 0.239667 3.1656 0.279611
25801.00 1340.43 100.138985 44.6479 0.12982 3.97448 0.190735 0.569209 7.99689 0.12982 38.6762 0.239667 3.1656 0.279611
25701.00 1340.19 100.138985 44.6479 0.12982 3.97448 0.190735 0.569209 7.99689 0.12982 38.6762 0.239667 3.1656 0.279611
25601.00 1339.96 100.138985 44.6479 0.12982 3.97448 0.190735 0.569209 7.99689 0.12982 38.6762 0.239667 3.1656 0.279611
25501.00 1339.72 100.138985 44.6479 0.12982 3.97448 0.190735 0.569209 7.99689 0.12982 38.6762 0.239667 3.1656 0.279611
25401.00 1339.48 100.138985 44.6479 0.12982 3.97448 0.190735 0.569209 7.99689 0.12982 38.6762 0.239667 3.1656 0.279611
25301.00 1339.24 100.138985 44.6479 0.12982 3.97448 0.190735 0.569209 7.99689 0.12982 38.6762 0.239667 3.1656 0.279611
25201.00 1339.00 100.138985 44.6479 0.12982 3.97448 0.190735 0.569209 7.99689 0.12982 38.6762 0.239667 3.1656 0.279611
25101.00 1338.76 100.138985 44.6479 0.12982 3.97448 0.190735 0.569209 7.99689 0.12982 38.6762 0.239667 3.1656 0.279611
25001.00 1338.52 100.138985 44.6479 0.12982 3.97448 0.190735 0.569209 7.99689 0.12982 38.6762 0.239667 3.1656 0.279611
24901.00 1338.28 100.138985 44.6479 0.12982 3.97448 0.190735 0.569209 7.99689 0.12982 38.6762 0.239667 3.1656 0.279611
24801.00 1338.04 100.138985 44.6479 0.12982 3.97448 0.190735 0.569209 7.99689 0.12982 38.6762 0.239667 3.1656 0.279611
24701.00 1337.79 100.138985 44.6479 0.12982 3.97448 0.190735 0.569209 7.99689 0.12982 38.6762 0.239667 3.1656 0.279611
24601.00 1337.55 100.138985 44.6479 0.12982 3.97448 0.190735 0.569209 7.99689 0.12982 38.6762 0.239667 3.1656 0.279611
24501.00 1337.31 100.138985 44.6479 0.12982 3.97448 0.190735 0.569209 7.99689 0.12982 38.6762 0.239667 3.1656 0.279611
24401.00 1337.06 100.138985 44.6479 0.12982 3.97448 0.190735 0.569209 7.99689 0.12982 38.6762 0.239667 3.1656 0.279611
24301.00 1336.82 100.138985 44.6479 0.12982 3.97448 0.190735 0.569209 7.99689 0.12982 38.6762 0.239667 3.1656 0.279611
24201.00 1336.57 100.138985 44.6479 0.12982 3.97448 0.190735 0.569209 7.99689 0.12982 38.6762 0.239667 3.1656 0.279611
24101.00 1336.32 100.138985 44.6479 0.12982 3.97448 0.190735 0.569209 7.99689 0.12982 38.6762 0.239667 3.1656 0.279611
24001.00 1336.07 100.138985 44.6479 0.12982 3.97448 0.190735 0.569209 7.99689 0.12982 38.6762 0.239667 3.1656 0.279611
23901.00 1335.82 100.138985 44.6479 0.12982 3.97448 0.190735 0.569209 7.99689 0.12982 38.6762 0.239667 3.1656 0.279611
23801.00 1335.57 100.138985 44.6479 0.12982 3.97448 0.190735 0.569209 7.99689 0.12982 38.6762 0.239667 3.1656 0.279611
23701.00 1335.32 100.138985 44.6479 0.12982 3.97448 0.190735 0.569209 7.99689 0.12982 38.6762 0.239667 3.1656 0.279611
23601.00 1335.07 100.138985 44.6479 0.12982 3.97448 0.190735 0.569209 7.99689 0.12982 38.6762 0.239667 3.1656 0.279611
23501.00 1334.82 100.138985 44.6479 0.12982 3.97448 0.190735 0.569209 7.99689 0.12982 38.6762 0.239667 3.1656 0.279611
23401.00 1334.56 100.138985 44.6479 0.12982 3.97448 0.190735 0.569209 7.99689 0.12982 38.6762 0.239667 3.1656 0.279611
23301.00 1334.31 100.138985 44.6479 0.12982 3.97448 0.190735 0.569209 7.99689 0.12982 38.6762 0.239667 3.1656 0.279611
23201.00 1334.05 100.138985 44.6479 0.12982 3.97448 0.190735 0.569209 7.99689 0.12982 38.6762 0.239667 3.1656 0.279611
23101.00 1333.80 100.138985 44.6479 0.12982 3.97448 0.190735 0.569209 7.99689 0.12982 38.6762 0.239667 3.1656 0.279611
23001.00 1333.54 100.138985 44.6479 0.12982 3.97448 0.190735 0.569209 7.99689 0.12982 38.6762 0.239667 3.1656 0.279611
22901.00 1333.28 100.138985 44.6479 0.12982 3.97448 0.190735 0.569209 7.99689 0.12982 38.6762 0.239667 3.1656 0.279611
22801.00 1333.02 100.138985 44.6479 0.12982 3.97448 0.190735 0.569209 7.99689 0.12982 38.6762 0.239667 3.1656 0.279611
22701.00 1332.76 100.138985 44.6479 0.12982 3.97448 0.190735 0.569209 7.99689 0.12982 38.6762 0.239667 3.1656 0.279611
22601.00 1332.49 100.138985 44.6479 0.12982 3.97448 0.190735 0.569209 7.99689 0.12982 38.6762 0.239667 3.1656 0.279611
22501.00 1332.23 100.138985 44.6479 0.12982 3.97448 0.190735 0.569209 7.99689 0.12982 38.6762 0.239667 3.1656 0.279611
22401.00 1331.96 100.138985 44.6479 0.12982 3.97448 0.190735 0.569209 7.99689 0.12982 38.6762 0.239667 3.1656 0.279611
22301.00 1331.70 100.138985 44.6479 0.12982 3.97448 0.190735 0.569209 7.99689 0.12982 38.6762 0.239667 3.1656 0.279611
22201.00 1331.43 100.138985 44.6479 0.12982 3.97448 0.190735 0.569209 7.99689 0.12982 38.6762 0.239667 3.1656 0.279611
22101.00 1331.16 100.138985 44.6479 0.12982 3.97448 0.190735 0.569209 7.99689 0.12982 38.6762 0.239667 3.1656 0.279611
22001.00 1330.89 100.138985 44.6479 0.12982 3.97448 0.190735 0.569209 7.99689 0.12982 38.6762 0.239667 3.1656 0.279611
21901.00 1330.61 100.138985 44.6479 0.12982 3.97448 0.190735 0.569209 7.99689 0.12982 38.6762 0.239667 3.1656 0.279611
21801.00 1330.34 100.138985 44.6479 0.12982 3.97448 0.190735 0.569209 7.99689 0.12982 38.6762 0.239667 3.1656 0.279611
21701.00 1330.06 100.138985 44.6479 0.12982 3.97448 0.190735 0.569209 7.99689 0.12982 38.6762 0.239667 3.1656 0.279611
21601.00 1329.78 100.138985 44.6479 0.12982 3.97448 0.190735 0.569209 7.99689 0.12982 38.6762 0.239667 3.1656 0.279611
21501.00 1329.50 100.138985 44.6479 0.12982 3.97448 0.190735 0.569209 7.99689 0.12982 38.6762 0.239667 3.1656 0.279611
21401.00 1329.22 100.138985 44.6479 0.12982 3.97448 0.190735 0.569209 7.99689 0.12982 38.6762 0.239667 3.1656 0.279611
21301.00 1328.94 100.138985 44.6479 0.12982 3.97448 0.190735 0.569209 7.99689 0.12982 38.6762 0.239667 3.1656 0.279611
21201.00 1328.65 100.138985 44.6479 0.12982 3.97448 0.190735 0.569209 7.99689 0.12982 38.6762 0.239667 3.1656 0.279611
21101.00 1328.37 100.138985 44.6479 0.12982 3.97448 0.190735 0.569209 7.99689 0.12982 38.6762 0.239667 3.1656 0.279611
21001.00 1328.08 100.138985 44.6479 0.12982 3.97448 0.190735 0.569209 7.99689 0.12982 38.6762 0.239667 3.1656 0.279611
20901.00 1327.78 100.138985 44.6479 0.12982 3.97448 0.190735 0.569209 7.99689 0.12982 38.6762 0.239667 3.1656 0.279611
20801.00 1327.49 100.138985 44.6479 0.12982 3.97448 0.190735 0.569209 7.99689 0.12982 38.6762 0.239667 3.1656 0.279611
20701.00 1327.19 100.138985 44.6479 0.12982 3.97448 0.190735 0.569209 7.99689 0.12982 38.6762 0.239667 3.1656 0.279611
20601.00 1326.89 100.138985 44.6479 0.12982 3.97448 0.190735 0.569209 7.99689 0.12982 38.6762 0.239667 3.1656 0.279611
20501.00 1326.59 100.138985 44.6479 0.12982 3.97448 0.190735 0.569209 7.99689 0.12982 38.6762 0.239667 3.1656 0.279611
20401.00 1326.29 100.138985 44.6479 0.12982 3.97448 0.190735 0.569209 7.99689 0.12982 38.6762 0.239667 3.1656 0.279611
20301.00 1325.98 100.138985 44.6479 0.12982 3.97448 0.190735 0.569209 7.99689 0.12982 38.6762 0.239667 3.1656 0.279611
20201.00 1325.67 100.138985 44.6479 0.12982 3.97448 0.190735 0.569209 7.99689 0.12982 38.6762 0.239667 3.1656 0.279611
20101.00 1325.36 100.138985 44.6479 0.12982 3.97448 0.190735 0.569209 7.99689 0.12982 38.6762 0.239667 3.1656 0.279611
20001.00 1325.04 100.138985 44.6479 0.12982 3.97448 0.190735 0.569209 7.99689 0.12982 38.6762 0.239667 3.1656 0.279611
19901.00 1324.72 100.138985 44.6479 0.12982 3.97448 0.190735 0.569209 7.99689 0.12982 38.6762 0.239667 3.1656 0.279611
19801.00 1324.40 100.138985 44.6479 0.12982 3.97448 0.190735 0.569209 7.99689 0.12982 38.6762 0.239667 3.1656 0.279611
19701.00 1324.15 100.138985 44.6479 0.12982 3.97448 0.190735 0.569209 7.99689 0.12982 38.6762 0.239667 3.1656 0.279611
19601.00 1323.95 100.138985 44.6479 0.12982 3.97448 0.190735 0.569209 7.99689 0.12982 38.6762 0.239667 3.1656 0.279611
19501.00 1323.76 100.138985 44.6479 0.12982 3.97448 0.190735 0.569209 7.99689 0.12982 38.6762 0.239667 3.1656 0.279611
19401.00 1323.57 100.138985 44.6479 0.12982 3.97448 0.190735 0.569209 7.99689 0.12982 38.6762 0.239667 3.1656 0.279611
19301.00 1323.38 100.138985 44.6479 0.12982 3.97448 0.190735 0.569209 7.99689 0.12982 38.6762 0.239667 3.1656 0.279611
19201.00 1323.19 100.138985 44.6479 0.12982 3.97448 0.190735 0.569209 7.99689 0.12982 38.6762 0.239667 3.1656 0.279611
19101.00 1322.99 100.138985 44.6479 0.12982 3.97448 0.190735 0.569209 7.99689 0.12982 38.6762 0.239667 3.1656 0.279611
19001.00 1322.80 100.138985 44.6479 0.12982 3.97448 0.190735 0.569209 7.99689 0.12982 38.6762 0.239667 3.1656 0.279611
18901.00 1322.61 100.138985 44.6479 0.12982 3.97448 0.190735 0.569209 7.99689 0.12982 38.6762 0.239667 3.1656 0.279611
18801.00 1322.42 100.138985 44.6479 0.12982 3.97448 0.190735 0.569209 7.99689 0.12982 38.6762 0.239667 3.1656 0.279611
18701.00 1322.23 100.138985 44.6479 0.12982 3.97448 0.190735 0.569209 7.99689 0.12982 38.6762 0.239667 3.1656 0.279611
18601.00 1322.03 100.138985 44.6479 0.12982 3.97448 0.190735 0.569209 7.99689 0.12982 38.6762 0.239667 3.1656 0.279611
18501.00 1321.84 100.138985 44.6479 0.12982 3.97448 0.190735 0.569209 7.99689 0.12982 38.6762 0.239667 3.1656 0.279611
18401.00 1321.65 100.138985 44.6479 0.12982 3.97448 0.190735 0.569209 7.99689 0.12982 38.6762 0.239667 3.1656 0.279611
18301.00 1321.46 100.138985 44.6479 0.12982 3.97448 0.190735 0.569209 7.99689 0.12982 38.6762 0.239667 3.1656 0.279611
18201.00 1321.27 100.138985 44.6479 0.12982 3.97448 0.190735 0.569209 7.99689 0.12982 38.6762 0.239667 3.1656 0.279611
18101.00 1321.07 100.138985 44.6479 0.12982 3.97448 0.190735 0.569209 7.99689 0.12982 38.6762 0.239667 3.1656 0.279611
18001.00 1320.88 100.138985 44.6479 0.12982 3.97448 0.190735 0.569209 7.99689 0.12982 38.6762 0.239667 3.1656 0.279611
17901.00 1320.69 100.138985 44.6479 0.12982 3.97448 0.190735 0.569209 7.99689 0.12982 38.6762 0.239667 3.1656 0.279611
17801.00 1320.50 100.138985 44.6479 0.12982 3.97448 0.190735 0.569209 7.99689 0.12982 38.6762 0.239667 3.1656 0.279611
17701.00 1320.30 100.138985 44.6479 0.12982 3.97448 0.190735 0.569209 7.99689 0.12982 38.6762 0.239667 3.1656 0.279611
17601.00 1320.11 100.138985 44.6479 0.12982 3.97448 0.190735 0.569209 7.99689 0.12982 38.6762 0.239667 3.1656 0.279611
17501.00 1319.92 100.138985 44.6479 0.12982 3.97448 0.190735 0.569209 7.99689 0.12982 38.6762 0.239667 3.1656 0.279611
17401.00 1319.73 100.138985 44.6479 0.12982 3.97448 0.190735 0.569209 7.99689 0.12982 38.6762 0.239667 3.1656 0.279611
17301.00 1319.54 100.138985 44.6479 0.12982 3.97448 0.190735 0.569209 7.99689 0.12982 38.6762 0.239667 3.1656 0.279611
17201.00 1319.34 100.138985 44.6479 0.12982 3.97448 0.190735 0.569209 7.99689 0.12982 38.6762 0.239667 3.1656 0.279611
17101.00 1319.15 100.138985 44.6479 0.12982 3.97448 0.190735 0.569209 7.99689 0.12982 38.6762 0.239667 3.1656 0.279611
17001.00 1318.96 100.138985 44.6479 0.12982 3.97448 0.190735 0.569209 7.99689 0.12982 38.6762 0.239667 3.1656 0.279611
16901.00 1318.77 100.138985 44.6479 0.12982 3.97448 0.190735 0.569209 7.99689 0.12982 38.6762 0.239667 3.1656 0.279611
16801.00 1318.57 100.138985 44.6479 0.12982 3.97448 0.190735 0.569209 7.99689 0.12982 38.6762 0.239667 3.1656 0.279611
16701.00 1318.38 100.138985 44.6479 0.12982 3.97448 0.190735 0.569209 7.99689 0.12982 38.6762 0.239667 3.1656 0.279611
16601.00 1318.19 100.138985 44.6479 0.12982 3.97448 0.190735 0.569209 7.99689 0.12982 38.6762 0.239667 3.1656 0.279611
16501.00 1318.00 100.138985 44.6479 0.12982 3.97448 0.190735 0.569209 7.99689 0.12982 38.6762 0.239667 3.1656 0.279611
16401.00 1317.80 100.138985 44.6479 0.12982 3.97448 0.190735 0.569209 7.99689 0.12982 38.6762 0.239667 3.1656 0.279611
16301.00 1317.61 100.138985 44.6479 0.12982 3.97448 0.190735 0.569209 7.99689 0.12982 38.6762 0.239667 3.1656 0.279611
16201.00 1317.42 100.138985 44.6479 0.12982 3.97448 0.190735 0.569209 7.99689 0.12982 38.6762 0.239667 3.1656 0.279611
16101.00 1317.23 100.138985 44.6479 0.12982 3.97448 0.190735 0.569209 7.99689 0.12982 38.6762 0.239667 3.1656 0.279611
16001.00 1317.03 100.138985 44.6479 0.12982 3.97448 0.190735 0.569209 7.99689 0.12982 38.6762 0.239667 3.1656 0.279611
15901.00 1316.84 100.138985 44.6479 0.12982 3.97448 0.190735 0.569209 7.99689 0.12982 38.6762 0.239667 3.1656 0.279611
15801.00 1316.65 100.138985 44.6479 0.12982 3.97448 0.190735 0.569209 7.99689 0.12982 38.6762 0.239667 3.1656 0.279611
15701.00 1316.46 100.138985 44.6479 0.12982 3.97448 0.190735 0.569209 7.99689 0.12982 38.6762 0.239667 3.1656 0.279611
15601.00 1316.26 100.138985 44.6479 0.12982 3.97448 0.190735 0.569209 7.99689 0.12982 38.6762 0.239667 3.1656 0.279611
15501.00 1316.07 100.138985 44.6479 0.12982 3.97448 0.190735 0.569209 7.99689 0.12982 38.6762 0.239667 3.1656 0.279611
15401.00 1315.88 100.138985 44.6479 0.12982 3.97448 0.190735 0.569209 7.99689 0.12982 38.6762 0.239667 3.1656 0.279611
15301.00 1315.69 100.138985 44.6479 0.12982 3.97448 0.190735 0.569209 7.99689 0.12982 38.6762 0.239667 3.1656 0.279611
15201.00 1315.49 100.138985 44.6479 0.12982 3.97448 0.190735 0.569209 7.99689 0.12982 38.6762 0.239667 3.1656 0.279611
15101.00 1315.30 100.138985 44.6479 0.12982 3.97448 0.190735 0.569209 7.99689 0.12982 38.6762 0.239667 3.1656 0.279611
15001.00 1315.11 100.138985 44.6479 0.12982 3.97448 0.190735 0.569209 7.99689 0.12982 38.6762 0.239667 3.1656 0.279611
14901.00 1314.91 100.138985 44.6479 0.12982 3.97448 0.190735 0.569209 7.99689 0.12982 38.6762 0.239667 3.1656 0.279611
14801.00 1314.72 100.138985 44.6479 0.12982 3.97448 0.190735 0.569209 7.99689 0.12982 38.6762 0.239667 3.1656 0.279611
14701.00 1314.53 100.138985 44.6479 0.12982 3.97448 0.190735 0.569209 7.99689 0.12982 38.6762 0.239667 3.1656 0.279611
14601.00 1314.34 100.138985 44.6479 0.12982 3.97448 0.190735 0.569209 7.99689 0.12982 38.6762 0.239667 3.1656 0.279611
14501.00 1314.03 100.138985 44.6479 0.12982 3.97448 0.190735 0.569209 7.99689 0.12982 38.6762 0.239667 3.1656 0.279611
14401.00 1313.69 100.138985 44.6479 0.12982 3.97448 0.190735 0.569209 7.99689 0.12982 38.6762 0.239667 3.1656 0.279611
14301.00 1313.35 100.138985 44.6479 0.12982 3.97448 0.190735 0.569209 7.99689 0.12982 38.6762 0.239667 3.1656 0.279611
14201.00 1313.01 100.138985 44.6479 0.12982 3.97448 0.190735 0.569209 7.99689 0.12982 38.6762 0.239667 3.1656 0.279611
14101.00 1312.67 100.138985 44.6479 0.12982 3.97448 0.190735 0.569209 7.99689 0.12982 38.6762 0.239667 3.1656 0.279611
14001.00 1312.33 100.138985 44.6479 0.12982 3.97448 0.190735 0.569209 7.99689 0.12982 38.6762 0.239667 3.1656 0.279611
13901.00 1311.98 100.138985 44.6479 0.12982 3.97448 0.190735 0.569209 7.99689 0.12982 38.6762 0.239667 3.1656 0.279611
13801.00 1311.63 100.138985 44.6479 0.12982 3.97448 0.190735 0.569209 7.99689 0.12982 38.6762 0.239667 3.1656 0.279611
13701.00 1311.28 100.138985 44.6479 0.12982 3.97448 0.190735 0.569209 7.99689 0.12982 38.6762 0.239667 3.1656 0.279611
13601.00 1310.93 100.138985 44.6479 0.12982 3.97448 0.190735 0.569209 7.99689 0.12982 38.6762 0.239667 3.1656 0.279611
13501.00 1310.58 100.138985 44.6479 0.12982 3.97448 0.190735 0.569209 7.99689 0.12982 38.6762 0.239667 3.1656 0.279611
13401.00 1310.22 100.138985 44.6479 0.12982 3.97448 0.190735 0.569209 7.99689 0.12982 38.6762 0.239667 3.1656 0.279611
13301.00 1309.86 100.138985 44.6479 0.12982 3.97448 0.190735 0.569209 7.99689 0.12982 38.6762 0.239667 3.1656 0.279611
13201.00 1309.50 100.138985 44.6479 0.12982 3.97448 0.190735 0.569209 7.99689 0.12982 38.6762 0.239667 3.1656 0.279611
13101.00 1309.14 100.138985 44.6479 0.12982 3.97448 0.190735 0.569209 7.99689 0.12982 38.6762 0.239667 3.1656 0.279611
13001.00 1308.77 100.138985 44.6479 0.12982 3.97448 0.190735 0.569209 7.99689 0.12982 38.6762 0.239667 3.1656 0.279611
12901.00 1308.40 100.138985 44.6479 0.12982 3.97448 0.190735 0.569209 7.99689 0.12982 38.6762 0.239667 3.1656 0.279611
12801.00 1308.03 100.138985 44.6479 0.12982 3.97448 0.190735 0.569209 7.99689 0.12982 38.6762 0.239667 3.1656 0.279611
12701.00 1307.65 100.138985 44.6479 0.12982 3.97448 0.190735 0.569209 7.99689 0.12982 38.6762 0.239667 3.1656 0.279611
12601.00 1307.28 100.138985 44.6479 0.12982 3.97448 0.190735 0.569209 7.99689 0.12982 38.6762 0.239667 3.1656 0.279611
12501.00 1306.89 100.138985 44.6479 0.12982 3.97448 0.190735 0.569209 7.99689 0.12982 38.6762 0.239667 3.1656 0.279611
12401.00 1306.51 100.138985 44.6479 0.12982 3.97448 0.190735 0.569209 7.99689 0.12982 38.6762 0.239667 3.1656 0.279611
12301.00 1306.12 100.138985 44.6479 0.12982 3.97448 0.190735 0.569209 7.99689 0.12982 38.6762 0.239667 3.1656 0.279611
12201.00 1305.73 100.128944 44.6473 0.129761 3.97309 0.190739 0.569245 7.99715 0.129831 38.6791 0.23969 3.16531 0.278803
12101.00 1305.34 100.072015 44.6434 0.129431 3.9652 0.190762 0.569449 7.99867 0.129896 38.6955 0.239821 3.16364 0.274278
12001.00 1304.94 100.014454 44.6395 0.129097 3.95721 0.190784 0.569658 8.0002 0.129962 38.712 0.239955 3.1619 0.269761
11901.00 1304.55 99.956241 44.6355 0.128758 3.94912 0.190804 0.569871 8.00176 0.130029 38.7288 0.240089 3.1601 0.265253
11801.00 1304.15 99.897354 44.6314 0.128415 3.94093 0.190823 0.570089 8.00334 0.130097 38.7457 0.240226 3.15823 0.260752
11701.00 1303.75 99.837772 44.6272 0.128068 3.93262 0.190841 0.570312 8.00494 0.130166 38.7629 0.240365 3.1563 0.256261
11601.00 1303.34 99.777472 44.623 0.127717 3.9242 0.190858 0.570541 8.00657 0.130236 38.7803 0.240505 3.15429 0.251777
11501.00 1302.94 99.716430 44.6187 0.12736 3.91567 0.190872 0.570774 8.00822 0.130307 38.798 0.240647 3.15221 0.247303
11401.00 1302.53 99.654622 44.6143 0.126999 3.90701 0.190886 0.571012 8.00989 0.130379 38.8158 0.240792 3.15006 0.242837
11301.00 1302.12 99.592020 44.6098 0.126632 3.89824 0.190898 0.571256 8.01159 0.130452 38.834 0.240938 3.14782 0.23838
11201.00 1301.71 99.528598 44.6053 0.12626 3.88933 0.190907 0.571506 8.01332 0.130527 38.8524 0.241087 3.1455 0.233933
11101.00 1301.30 99.464327 44.6006 0.125882 3.88029 0.190915 0.571761 8.01507 0.130603 38.871 0.241238 3.1431 0.229494
11001.00 1300.88 99.399176 44.5959 0.125499 3.87112 0.190921 0.572023 8.01685 0.130679 38.89 0.241391 3.1406 0.225066
10901.00 1300.46 99.333115 44.5911 0.12511 3.8618 0.190925 0.57229 8.01866 0.130758 38.9092 0.241547 3.13802 0.220647
10801.00 1300.04 99.266111 44.5862 0.124714 3.85234 0.190927 0.572564 8.0205 0.130837 38.9287 0.241705 3.13533 0.216238
10701.00 1299.62 99.198127 44.5811 0.124311 3.84272 0.190926 0.572844 8.02236 0.130918 38.9485 0.241866 3.13254 0.211839
10601.00 1299.19 99.129129 44.576 0.123902 3.83295 0.190923 0.573132 8.02426 0.131001 38.9687 0.242029 3.12965 0.207451
10501.00 1298.76 99.059078 44.5708 0.123486 3.82302 0.190917 0.573426 8.02619 0.131085 38.9892 0.242196 3.12664 0.203073
10401.00 1298.33 98.987933 44.5655 0.123062 3.81292 0.190908 0.573727 8.02815 0.13117 39.01 0.242365 3.12352 0.198706
10301.00 1297.89 98.915652 44.5601 0.12263 3.80264 0.190896 0.574036 8.03015 0.131258 39.0312 0.242537 3.12028 0.194351
10201.00 1297.45 98.842192 44.5545 0.12219 3.79218 0.190881 0.574353 8.03218 0.131347 39.0527 0.242713 3.11691 0.190007
10101.00 1297.01 98.767504 44.5489 0.121741 3.78153 0.190862 0.574678 8.03425 0.131437 39.0747 0.242892 3.11341 0.185676
10001.00 1296.56 98.691540 44.5431 0.121284 3.77068 0.19084 0.575011 8.03635 0.13153 39.097 0.243074 3.10977 0.181357
9901.00 1296.11 98.614248 44.5372 0.120817 3.75963 0.190813 0.575353 8.03849 0.131624 39.1198 0.243259 3.10598 0.17705
9801.00 1295.65 98.535573 44.5312 0.12034 3.74837 0.190783 0.575704 8.04067 0.13172 39.143 0.243449 3.10204 0.172757
9701.00 1295.20 98.455458 44.525 0.119854 3.73689 0.190748 0.576064 8.0429 0.131819 39.1667 0.243642 3.09794 0.168478
9601.00 1294.73 98.373842 44.5187 0.119356 3.72517 0.190708 0.576434 8.04516 0.131919 39.1908 0.243839 3.09368 0.164213
9501.00 1294.26 98.290660 44.5123 0.118847 3.71322 0.190663 0.576814 8.04747 0.132022 39.2154 0.244041 3.08924 0.159963
9401.00 1293.79 98.205845 44.5057 0.118327 3.70101 0.190613 0.577205 8.04983 0.132127 39.2406 0.244247 3.08461 0.155728
9301.00 1293.31 98.119326 44.499 0.117794 3.68855 0.190557 0.577606 8.05224 0.132235 39.2663 0.244457 3.07979 0.15151
9201.00 1292.83 98.031027 44.4921 0.117248 3.67581 0.190495 0.578019 8.05469 0.132345 39.2926 0.244672 3.07476 0.147308
9101.00 1292.34 97.940868 44.485 0.116689 3.66278 0.190426 0.578444 8.0572 0.132458 39.3194 0.244893 3.06952 0.143124
9001.00 1291.84 97.848764 44.4778 0.116115 3.64945 0.19035 0.578882 8.05976 0.132574 39.3469 0.245118 3.06406 0.138958
8901.00 1291.34 97.754627 44.4704 0.115527 3.63582 0.190267 0.579333 8.06238 0.132692 39.3751 0.245349 3.05835 0.134812
8801.00 1290.83 97.658360 44.4628 0.114923 3.62185 0.190175 0.579797 8.06506 0.132814 39.4039 0.245586 3.0524 0.130686
8701.00 1290.32 97.559864 44.4551 0.114302 3.60754 0.190075 0.580275 8.0678 0.132939 39.4334 0.245829 3.04618 0.126581
8601.00 1289.80 97.459033 44.4471 0.113664 3.59287 0.189965 0.580769 8.07061 0.133067 39.4637 0.246078 3.03968 0.122498
8501.00 1289.27 97.355753 44.4389 0.113008 3.57783 0.189846 0.581278 8.07348 0.133199 39.4948 0.246334 3.03288 0.118439
8401.00 1288.73 97.249905 44.4305 0.112333 3.56238 0.189716 0.581804 8.07643 0.133335 39.5268 0.246597 3.02578 0.114404
8301.00 1288.19 97.141361 44.4218 0.111638 3.54652 0.189574 0.582346 8.07945 0.133474 39.5596 0.246867 3.01834 0.110396
8201.00 1287.64 97.029986 44.413 0.110921 3.53023 0.18942 0.582907 8.08255 0.133618 39.5933 0.247145 3.01056 0.106415
8101.00 1287.07 96.915637 44.4038 0.110182 3.51347 0.189253 0.583487 8.08573 0.133766 39.628 0.247432 3.00241 0.102462
8001.00 1286.50 96.798160 44.3944 0.10942 3.49622 0.189072 0.584087 8.089 0.133919 39.6637 0.247727 2.99386 0.0985411
7901.00 1285.92 96.677394 44.3848 0.108633 3.47847 0.188876 0.584708 8.09236 0.134076 39.7005 0.248031 2.98491 0.0946521
7801.00 1285.33 96.553165 44.3748 0.107819 3.46017 0.188663 0.585352 8.09582 0.134239 39.7385 0.248344 2.97552 0.0907974
7701.00 1284.73 96.425289 44.3645 0.106978 3.4413 0.188433 0.586019 8.09939 0.134407 39.7777 0.248668 2.96566 0.086979
7601.00 1284.11 96.293569 44.3539 0.106109 3.42184 0.188184 0.58671 8.10306 0.134581 39.8181 0.249003 2.9553 0.083199
7501.00 1283.48 96.157798 44.343 0.105208 3.40173 0.187915 0.587428 8.10685 0.13476 39.8599 0.249349 2.94443 0.0794598
7401.00 1282.84 96.017752 44.3317 0.104275 3.38095 0.187625 0.588173 8.11077 0.134947 39.9032 0.249707 2.933 0.0757638
7301.00 1282.19 95.873194 44.32 0.103309 3.35947 0.187311 0.588947 8.11481 0.13514 39.9479 0.250078 2.92097 0.0721136
7201.00 1281.52 95.723873 44.3078 0.102306 3.33722 0.186972 0.589752 8.119 0.13534 39.9943 0.250462 2.90831 0.0685121
7101.00 1280.84 95.569518 44.2953 0.101266 3.31418 0.186606 0.59059 8.12333 0.135548 40.0424 0.25086 2.89499 0.0649621
7001.00 1280.13 95.409844 44.2823 0.100186 3.29028 0.186211 0.591462 8.12782 0.135763 40.0923 0.251274 2.88095 0.0614668
6901.00 1279.42 95.244546 44.2688 0.0990634 3.26549 0.185785 0.592371 8.13249 0.135988 40.1442 0.251704 2.86615 0.0580297
6801.00 1278.68 95.073303 44.2547 0.0978969 3.23974 0.185326 0.59332 8.13733 0.136221 40.1981 0.252151 2.85054 0.0546542
6701.00 1277.92 94.895770 44.2402 0.0966838 3.21297 0.18483 0.594309 8.14237 0.136465 40.2542 0.252617 2.83406 0.0513442
6601.00 1277.15 94.711587 44.225 0.0954216 3.18513 0.184297 0.595342 8.14762 0.136718 40.3127 0.253102 2.81666 0.0481037
6501.00 1276.35 94.520370 44.2091 0.0941079 3.15613 0.183721 0.596422 8.1531 0.136983 40.3736 0.253607 2.79829 0.0449369
6401.00 1275.53 94.321718 44.1926 0.0927401 3.12592 0.183101 0.597552 8.15881 0.137259 40.4372 0.254135 2.77886 0.0418482
6301.00 1274.68 94.115209 44.1754 0.0913157 3.0944 0.182434 0.598734 8.16479 0.137548 40.5036 0.254685 2.75832 0.0388424
6201.00 1273.81 93.900406 44.1573 0.0898319 3.06151 0.181715 0.599972 8.17104 0.13785 40.573 0.255261 2.73659 0.0359242
6101.00 1272.91 93.676856 44.1385 0.0882863 3.02716 0.180942 0.601269 8.17759 0.138166 40.6456 0.255863 2.7136 0.0330986
6001.00 1271.99 93.444096 44.1187 0.0866763 2.99126 0.18011 0.602628 8.18447 0.138497 40.7216 0.256493 2.68926 0.0303709
5901.00 1271.03 93.201657 44.0979 0.0849996 2.95371 0.179216 0.604054 8.19169 0.138843 40.8012 0.257153 2.66349 0.0277464
5801.00 1270.04 92.949072 44.0761 0.0832541 2.91443 0.178256 0.605551 8.19928 0.139207 40.8846 0.257844 2.63622 0.0252302
5701.00 1269.02 92.685885 44.0533 0.0814379 2.87331 0.177226 0.607121 8.20728 0.139588 40.9721 0.258569 2.60734 0.0228278
5601.00 1267.97 92.411666 44.0292 0.0795497 2.83027 0.176121 0.608768 8.2157 0.139987 41.0638 0.259328 2.57679 0.0205443
5501.00 1266.88 92.126021 44.0039 0.0775886 2.78521 0.174938 0.610497 8.22458 0.140407 41.16 0.260124 2.54447 0.0183845
5401.00 1265.75 91.828617 43.9772 0.0755545 2.73805 0.173673 0.612311 8.23394 0.140846 41.2608 0.260958 2.5103 0.0163528
5301.00 1264.59 91.519198 43.9491 0.0734482 2.68872 0.172323 0.614211 8.24381 0.141307 41.3666 0.261832 2.47423 0.0144532
5201.00 1263.39 91.197615 43.9195 0.0712715 2.63715 0.170885 0.616202 8.25423 0.141789 41.4773 0.262747 2.43619 0.0126889
5101.00 1262.15 90.863849 43.8884 0.0690273 2.58332 0.169357 0.618284 8.26521 0.142294 41.5932 0.263703 2.39613 0.0110619
5001.00 1260.88 90.518042 43.8557 0.0667202 2.52719 0.167737 0.620458 8.27678 0.142821 41.7143 0.264702 2.35405 0.00957328
4901.00 1259.58 90.160521 43.8213 0.0643559 2.46879 0.166026 0.622724 8.28896 0.14337 41.8406 0.265742 2.30993 0.00822269
4801.00 1258.24 89.791826 43.7853 0.061942 2.40816 0.164224 0.62508 8.30175 0.143941 41.972 0.266824 2.26381 0.00700829
4701.00 1256.87 89.412719 43.7475 0.0594874 2.3454 0.162333 0.627522 8.31515 0.144534 42.1084 0.267946 2.21576 0.00592666
4601.00 1255.48 89.024197 43.7081 0.0570027 2.28062 0.160359 0.630045 8.32917 0.145148 42.2496 0.269106 2.16587 0.00497281
4501.00 1254.06 88.627487 43.667 0.0544996 2.21401 0.158305 0.632644 8.34378 0.14578 42.3953 0.270301 2.11428 0.0041402
4401.00 1252.63 88.224023 43.6244 0.051991 2.14579 0.15618 0.635308 8.35895 0.146428 42.5449 0.271528 2.06116 0.00342096
4301.00 1251.19 87.815417 43.5803 0.0494902 2.07619 0.153991 0.63803 8.37464 0.147092 42.698 0.272782 2.00671 0.00280612
4201.00 1249.74 87.403419 43.5348 0.047011 2.00551 0.151748 0.640798 8.39082 0.147767 42.8541 0.274058 1.95114 0.00228594
4101.00 1248.29 86.989862 43.4881 0.0445666 1.93407 0.149462 0.643599 8.40741 0.148452 43.0124 0.275352 1.89473 0.00185026
4001.00 1246.84 86.576611 43.4404 0.0421698 1.86218 0.147143 0.646422 8.42436 0.149143 43.1724 0.276657 1.83771 0.00148889
3901.00 1245.40 86.165513 43.3918 0.0398326 1.79019 0.144802 0.649254 8.44159 0.149838 43.3332 0.277968 1.78037 0.00119186
3801.00 1243.98 85.758344 43.3425 0.0375653 1.71843 0.142452 0.652081 8.45902 0.150532 43.4942 0.279278 1.72297 0.000949796
3701.00 1242.58 85.356775 43.2928 0.0353771 1.64722 0.140104 0.654892 8.47659 0.151224 43.6547 0.280583 1.66577 0.000754048
3601.00 1241.20 84.962341 43.2428 0.0332753 1.57687 0.137767 0.657676 8.4942 0.151909 43.814 0.281877 1.60903 0.000596855
3501.00 1239.85 84.576419 43.1927 0.0312658 1.50767 0.135453 0.66042 8.51179 0.152587 43.9716 0.283155 1.55296 0.000471397
3401.00 1238.54 84.200219 43.1427 0.0293527 1.43989 0.133171 0.663115 8.52927 0.153253 44.1267 0.284412 1.49779 0.000371794
3301.00 1237.25 83.834776 43.093 0.0275389 1.37375 0.130928 0.665753 8.54659 0.153906 44.2789 0.285644 1.44372 0.000293067
3201.00 1236.01 83.480952 43.0439 0.0258257 1.30946 0.128734 0.668325 8.56367 0.154544 44.4276 0.286847 1.3909 0.000231061
3101.00 1234.80 83.139440 42.9953 0.0242132 1.24721 0.126595 0.670824 8.58045 0.155165 44.5726 0.288018 1.33949 0.000182356
3001.00 1233.63 82.810769 42.9475 0.0227003 1.18713 0.124516 0.673246 8.59688 0.155767 44.7134 0.289154 1.28962 0.00014417
2901.00 1232.50 82.495312 42.9006 0.0212853 1.12934 0.122502 0.675585 8.61291 0.15635 44.8497 0.290253 1.24138 0.000114262
2801.00 1231.42 82.193296 42.8548 0.0199654 1.07393 0.120557 0.677839 8.6285 0.156912 44.9812 0.291313 1.19485 9.08428e-005
2701.00 1230.37 81.904811 42.8101 0.0187371 1.02095 0.118684 0.680004 8.64362 0.157453 45.108 0.292333 1.1501 7.2496e-005
2601.00 1229.37 81.629819 42.7666 0.0175965 0.970427 0.116885 0.682079 8.65824 0.157972 45.2297 0.293312 1.10715 5.81048e-005
2501.00 1228.40 81.368166 42.7244 0.0165394 0.922371 0.11516 0.684065 8.67234 0.158469 45.3463 0.29425 1.06602 4.67949e-005
2401.00 1227.47 81.119596 42.6835 0.015561 0.876761 0.113512 0.685961 8.68592 0.158944 45.4579 0.295146 1.02672 3.78837e-005
2301.00 1226.59 80.883765 42.644 0.0146568 0.833554 0.111938 0.68777 8.69895 0.159398 45.5645 0.296001 0.989211 3.08404e-005
2201.00 1225.73 80.660250 42.6058 0.0138217 0.79269 0.110437 0.689491 8.71145 0.15983 45.6662 0.296817 0.953473 2.52532e-005
2101.00 1224.92 80.448570 42.5689 0.013051 0.754097 0.109009 0.691129 8.72342 0.160242 45.7631 0.297593 0.919456 2.08028e-005
2001.00 1224.13 80.248199 42.5334 0.01234 0.717686 0.10765 0.692687 8.73487 0.160633 45.8553 0.298332 0.887101 1.72419e-005
1901.00 1223.38 80.058574 42.4993 0.0116839 0.683363 0.106358 0.694167 8.74581 0.161005 45.943 0.299034 0.856343 1.43789e-005
1801.00 1222.82 79.879118 42.4663 0.0110785 0.651025 0.10513 0.695573 8.75626 0.161359 46.0264 0.299702 0.827111 1.20653e-005
1701.00 1222.41 79.749169 42.4421 0.0106502 0.627684 0.104235 0.696594 8.76388 0.161616 46.087 0.300187 0.806032 1.05786e-005
1601.00 1222.01 79.658875 42.4249 0.0103591 0.611507 0.103607 0.697304 8.76919 0.161795 46.1292 0.300525 0.791565 9.63156e-006
1501.00 1221.61 79.569921 42.4078 0.0100786 0.59562 0.102983 0.698005 8.77445 0.161972 46.1708 0.300859 0.777498 8.77601e-006
1401.00 1221.22 79.482258 42.3905 0.00980815 0.580019 0.102362 0.698695 8.77965 0.162147 46.2118 0.301189 0.76382 8.00249e-006
1301.00 1220.82 79.395846 42.3733 0.00954715 0.564698 0.101745 0.699377 8.78479 0.162319 46.2522 0.301514 0.750518 7.30258e-006
1201.00 1220.43 79.310649 42.356 0.00929514 0.549653 0.10113 0.700049 8.78988 0.16249 46.2921 0.301836 0.737582 6.66878e-006
1101.00 1220.05 79.226633 42.3387 0.00905169 0.534881 0.100519 0.700712 8.79491 0.162658 46.3314 0.302154 0.725003 6.09444e-006
1001.00 1219.66 79.143769 42.3214 0.00881637 0.520379 0.0999109 0.701367 8.79989 0.162824 46.3702 0.302469 0.712771 5.57361e-006
901.00 1219.28 79.062030 42.304 0.00858882 0.506144 0.0993058 0.702013 8.80481 0.162989 46.4085 0.302779 0.700876 5.10099e-006
801.00 1218.91 78.908230 42.3258 0.00837644 0.49263 0.0987951 0.703303 8.81785 0.163302 46.4894 0.303367 0.68995 0
701.00 1218.53 78.902978 42.3246 0.00836238 0.491726 0.0987556 0.703344 8.81817 0.163313 46.4919 0.303387 0.689208 0
601.00 1218.15 78.824436 42.3072 0.00815627 0.478288 0.0981597 0.703967 8.82295 0.163472 46.5287 0.303688 0.678283 0
501.00 1217.78 78.746929 42.2897 0.00795665 0.465111 0.0975668 0.704581 8.82767 0.163628 46.5651 0.303984 0.667662 0
401.00 1217.41 78.670434 42.2722 0.00776325 0.452192 0.0969769 0.705188 8.83235 0.163784 46.6009 0.304278 0.657338 0
301.00 1217.04 78.594931 42.2547 0.00757582 0.43953 0.09639 0.705787 8.83697 0.163937 46.6364 0.304568 0.647302 0
201.00 1216.68 78.520397 42.2371 0.0073941 0.427124 0.0958062 0.706379 8.84155 0.164088 46.6713 0.304855 0.637545 0
101.00 1216.31 78.446808 42.2195 0.00721786 0.414971 0.0952255 0.706964 8.84607 0.164238 46.7059 0.305139 0.62806 0
1.00 1215.95 78.374140 42.2019 0.00704687 0.403069 0.0946478 0.707541 8.85055 0.164386 46.74 0.30542 0.618839 0