Title: Depleted MORB Mantle of Workmann & Hart 2005

Bulk Composition:
Pressure Temperature mass SiO2 TiO2 Al2O3 Fe2O3 Cr2O3 FeO MnO MgO NiO CaO Na2O 
44001.00 1328.06 100.138999 44.6479 0.12982 3.97448 0.190735 0.569209 7.99688 0.12982 38.6762 0.239667 3.1656 0.279611
43901.00 1327.86 100.138999 44.6479 0.12982 3.97448 0.190735 0.569209 7.99688 0.12982 38.6762 0.239667 3.1656 0.279611
43801.00 1327.67 100.138999 44.6479 0.12982 3.97448 0.190735 0.569209 7.99688 0.12982 38.6762 0.239667 3.1656 0.279611
43701.00 1327.47 100.138999 44.6479 0.12982 3.97448 0.190735 0.569209 7.99688 0.12982 38.6762 0.239667 3.1656 0.279611
43601.00 1327.28 100.138999 44.6479 0.12982 3.97448 0.190735 0.569209 7.99688 0.12982 38.6762 0.239667 3.1656 0.279611
43501.00 1327.08 100.138999 44.6479 0.12982 3.97448 0.190735 0.569209 7.99688 0.12982 38.6762 0.239667 3.1656 0.279611
43401.00 1326.89 100.138999 44.6479 0.12982 3.97448 0.190735 0.569209 7.99688 0.12982 38.6762 0.239667 3.1656 0.279611
43301.00 1326.69 100.138999 44.6479 0.12982 3.97448 0.190735 0.569209 7.99688 0.12982 38.6762 0.239667 3.1656 0.279611
43201.00 1326.50 100.138999 44.6479 0.12982 3.97448 0.190735 0.569209 7.99688 0.12982 38.6762 0.239667 3.1656 0.279611
43101.00 1326.30 100.138999 44.6479 0.12982 3.97448 0.190735 0.569209 7.99688 0.12982 38.6762 0.239667 3.1656 0.279611
43001.00 1326.10 100.138999 44.6479 0.12982 3.97448 0.190735 0.569209 7.99688 0.12982 38.6762 0.239667 3.1656 0.279611
42901.00 1325.91 100.138999 44.6479 0.12982 3.97448 0.190735 0.569209 7.99688 0.12982 38.6762 0.239667 3.1656 0.279611
42801.00 1325.71 100.138999 44.6479 0.12982 3.97448 0.190735 0.569209 7.99688 0.12982 38.6762 0.239667 3.1656 0.279611
42701.00 1325.52 100.138999 44.6479 0.12982 3.97448 0.190735 0.569209 7.99688 0.12982 38.6762 0.239667 3.1656 0.279611
42601.00 1325.32 100.138999 44.6479 0.12982 3.97448 0.190735 0.569209 7.99688 0.12982 38.6762 0.239667 3.1656 0.279611
42501.00 1325.13 100.138999 44.6479 0.12982 3.97448 0.190735 0.569209 7.99688 0.12982 38.6762 0.239667 3.1656 0.279611
42401.00 1324.93 100.138999 44.6479 0.12982 3.97448 0.190735 0.569209 7.99688 0.12982 38.6762 0.239667 3.1656 0.279611
42301.00 1324.73 100.138999 44.6479 0.12982 3.97448 0.190735 0.569209 7.99688 0.12982 38.6762 0.239667 3.1656 0.279611
42201.00 1324.54 100.138999 44.6479 0.12982 3.97448 0.190735 0.569209 7.99688 0.12982 38.6762 0.239667 3.1656 0.279611
42101.00 1324.34 100.138999 44.6479 0.12982 3.97448 0.190735 0.569209 7.99688 0.12982 38.6762 0.239667 3.1656 0.279611
42001.00 1324.15 100.138999 44.6479 0.12982 3.97448 0.190735 0.569209 7.99688 0.12982 38.6762 0.239667 3.1656 0.279611
41901.00 1323.95 100.138999 44.6479 0.12982 3.97448 0.190735 0.569209 7.99688 0.12982 38.6762 0.239667 3.1656 0.279611
41801.00 1323.76 100.138999 44.6479 0.12982 3.97448 0.190735 0.569209 7.99688 0.12982 38.6762 0.239667 3.1656 0.279611
41701.00 1323.56 100.138999 44.6479 0.12982 3.97448 0.190735 0.569209 7.99688 0.12982 38.6762 0.239667 3.1656 0.279611
41601.00 1323.36 100.138999 44.6479 0.12982 3.97448 0.190735 0.569209 7.99688 0.12982 38.6762 0.239667 3.1656 0.279611
41501.00 1323.17 100.138999 44.6479 0.12982 3.97448 0.190735 0.569209 7.99688 0.12982 38.6762 0.239667 3.1656 0.279611
41401.00 1322.97 100.138999 44.6479 0.12982 3.97448 0.190735 0.569209 7.99688 0.12982 38.6762 0.239667 3.1656 0.279611
41301.00 1322.78 100.138999 44.6479 0.12982 3.97448 0.190735 0.569209 7.99688 0.12982 38.6762 0.239667 3.1656 0.279611
41201.00 1322.58 100.138999 44.6479 0.12982 3.97448 0.190735 0.569209 7.99688 0.12982 38.6762 0.239667 3.1656 0.279611
41101.00 1322.38 100.138999 44.6479 0.12982 3.97448 0.190735 0.569209 7.99688 0.12982 38.6762 0.239667 3.1656 0.279611
41001.00 1322.19 100.138999 44.6479 0.12982 3.97448 0.190735 0.569209 7.99688 0.12982 38.6762 0.239667 3.1656 0.279611
40901.00 1321.99 100.138999 44.6479 0.12982 3.97448 0.190735 0.569209 7.99688 0.12982 38.6762 0.239667 3.1656 0.279611
40801.00 1321.79 100.138999 44.6479 0.12982 3.97448 0.190735 0.569209 7.99688 0.12982 38.6762 0.239667 3.1656 0.279611
40701.00 1321.60 100.138999 44.6479 0.12982 3.97448 0.190735 0.569209 7.99688 0.12982 38.6762 0.239667 3.1656 0.279611
40601.00 1321.40 100.138999 44.6479 0.12982 3.97448 0.190735 0.569209 7.99688 0.12982 38.6762 0.239667 3.1656 0.279611
40501.00 1321.21 100.138999 44.6479 0.12982 3.97448 0.190735 0.569209 7.99688 0.12982 38.6762 0.239667 3.1656 0.279611
40401.00 1321.01 100.138999 44.6479 0.12982 3.97448 0.190735 0.569209 7.99688 0.12982 38.6762 0.239667 3.1656 0.279611
40301.00 1320.81 100.138999 44.6479 0.12982 3.97448 0.190735 0.569209 7.99688 0.12982 38.6762 0.239667 3.1656 0.279611
40201.00 1320.62 100.138999 44.6479 0.12982 3.97448 0.190735 0.569209 7.99688 0.12982 38.6762 0.239667 3.1656 0.279611
40101.00 1320.42 100.138999 44.6479 0.12982 3.97448 0.190735 0.569209 7.99688 0.12982 38.6762 0.239667 3.1656 0.279611
40001.00 1320.22 100.138999 44.6479 0.12982 3.97448 0.190735 0.569209 7.99688 0.12982 38.6762 0.239667 3.1656 0.279611
39901.00 1320.03 100.138999 44.6479 0.12982 3.97448 0.190735 0.569209 7.99688 0.12982 38.6762 0.239667 3.1656 0.279611
39801.00 1319.83 100.138999 44.6479 0.12982 3.97448 0.190735 0.569209 7.99688 0.12982 38.6762 0.239667 3.1656 0.279611
39701.00 1319.63 100.138999 44.6479 0.12982 3.97448 0.190735 0.569209 7.99688 0.12982 38.6762 0.239667 3.1656 0.279611
39601.00 1319.44 100.138999 44.6479 0.12982 3.97448 0.190735 0.569209 7.99688 0.12982 38.6762 0.239667 3.1656 0.279611
39501.00 1319.24 100.138999 44.6479 0.12982 3.97448 0.190735 0.569209 7.99688 0.12982 38.6762 0.239667 3.1656 0.279611
39401.00 1319.04 100.138999 44.6479 0.12982 3.97448 0.190735 0.569209 7.99688 0.12982 38.6762 0.239667 3.1656 0.279611
39301.00 1318.85 100.138999 44.6479 0.12982 3.97448 0.190735 0.569209 7.99688 0.12982 38.6762 0.239667 3.1656 0.279611
39201.00 1318.65 100.138999 44.6479 0.12982 3.97448 0.190735 0.569209 7.99688 0.12982 38.6762 0.239667 3.1656 0.279611
39101.00 1318.45 100.138999 44.6479 0.12982 3.97448 0.190735 0.569209 7.99688 0.12982 38.6762 0.239667 3.1656 0.279611
39001.00 1318.25 100.138999 44.6479 0.12982 3.97448 0.190735 0.569209 7.99688 0.12982 38.6762 0.239667 3.1656 0.279611
38901.00 1318.06 100.138999 44.6479 0.12982 3.97448 0.190735 0.569209 7.99688 0.12982 38.6762 0.239667 3.1656 0.279611
38801.00 1317.86 100.138999 44.6479 0.12982 3.97448 0.190735 0.569209 7.99688 0.12982 38.6762 0.239667 3.1656 0.279611
38701.00 1317.66 100.138999 44.6479 0.12982 3.97448 0.190735 0.569209 7.99688 0.12982 38.6762 0.239667 3.1656 0.279611
38601.00 1317.47 100.138999 44.6479 0.12982 3.97448 0.190735 0.569209 7.99688 0.12982 38.6762 0.239667 3.1656 0.279611
38501.00 1317.27 100.138999 44.6479 0.12982 3.97448 0.190735 0.569209 7.99688 0.12982 38.6762 0.239667 3.1656 0.279611
38401.00 1317.07 100.138999 44.6479 0.12982 3.97448 0.190735 0.569209 7.99688 0.12982 38.6762 0.239667 3.1656 0.279611
38301.00 1316.87 100.138999 44.6479 0.12982 3.97448 0.190735 0.569209 7.99688 0.12982 38.6762 0.239667 3.1656 0.279611
38201.00 1316.68 100.138999 44.6479 0.12982 3.97448 0.190735 0.569209 7.99688 0.12982 38.6762 0.239667 3.1656 0.279611
38101.00 1316.48 100.138999 44.6479 0.12982 3.97448 0.190735 0.569209 7.99688 0.12982 38.6762 0.239667 3.1656 0.279611
38001.00 1316.28 100.138999 44.6479 0.12982 3.97448 0.190735 0.569209 7.99688 0.12982 38.6762 0.239667 3.1656 0.279611
37901.00 1316.08 100.138999 44.6479 0.12982 3.97448 0.190735 0.569209 7.99688 0.12982 38.6762 0.239667 3.1656 0.279611
37801.00 1315.89 100.138999 44.6479 0.12982 3.97448 0.190735 0.569209 7.99688 0.12982 38.6762 0.239667 3.1656 0.279611
37701.00 1315.69 100.138999 44.6479 0.12982 3.97448 0.190735 0.569209 7.99688 0.12982 38.6762 0.239667 3.1656 0.279611
37601.00 1315.49 100.138999 44.6479 0.12982 3.97448 0.190735 0.569209 7.99688 0.12982 38.6762 0.239667 3.1656 0.279611
37501.00 1315.29 100.138999 44.6479 0.12982 3.97448 0.190735 0.569209 7.99688 0.12982 38.6762 0.239667 3.1656 0.279611
37401.00 1315.09 100.138999 44.6479 0.12982 3.97448 0.190735 0.569209 7.99688 0.12982 38.6762 0.239667 3.1656 0.279611
37301.00 1314.90 100.138999 44.6479 0.12982 3.97448 0.190735 0.569209 7.99688 0.12982 38.6762 0.239667 3.1656 0.279611
37201.00 1314.70 100.138999 44.6479 0.12982 3.97448 0.190735 0.569209 7.99688 0.12982 38.6762 0.239667 3.1656 0.279611
37101.00 1314.50 100.138999 44.6479 0.12982 3.97448 0.190735 0.569209 7.99688 0.12982 38.6762 0.239667 3.1656 0.279611
37001.00 1314.30 100.138999 44.6479 0.12982 3.97448 0.190735 0.569209 7.99688 0.12982 38.6762 0.239667 3.1656 0.279611
36901.00 1314.10 100.138999 44.6479 0.12982 3.97448 0.190735 0.569209 7.99688 0.12982 38.6762 0.239667 3.1656 0.279611
36801.00 1313.91 100.138999 44.6479 0.12982 3.97448 0.190735 0.569209 7.99688 0.12982 38.6762 0.239667 3.1656 0.279611
36701.00 1313.71 100.138999 44.6479 0.12982 3.97448 0.190735 0.569209 7.99688 0.12982 38.6762 0.239667 3.1656 0.279611
36601.00 1313.51 100.138999 44.6479 0.12982 3.97448 0.190735 0.569209 7.99688 0.12982 38.6762 0.239667 3.1656 0.279611
36501.00 1313.31 100.138999 44.6479 0.12982 3.97448 0.190735 0.569209 7.99688 0.12982 38.6762 0.239667 3.1656 0.279611
36401.00 1313.11 100.138999 44.6479 0.12982 3.97448 0.190735 0.569209 7.99688 0.12982 38.6762 0.239667 3.1656 0.279611
36301.00 1312.91 100.138999 44.6479 0.12982 3.97448 0.190735 0.569209 7.99688 0.12982 38.6762 0.239667 3.1656 0.279611
36201.00 1312.71 100.138999 44.6479 0.12982 3.97448 0.190735 0.569209 7.99688 0.12982 38.6762 0.239667 3.1656 0.279611
36101.00 1312.52 100.138999 44.6479 0.12982 3.97448 0.190735 0.569209 7.99688 0.12982 38.6762 0.239667 3.1656 0.279611
36001.00 1312.32 100.138999 44.6479 0.12982 3.97448 0.190735 0.569209 7.99688 0.12982 38.6762 0.239667 3.1656 0.279611
35901.00 1312.12 100.138999 44.6479 0.12982 3.97448 0.190735 0.569209 7.99688 0.12982 38.6762 0.239667 3.1656 0.279611
35801.00 1311.92 100.138999 44.6479 0.12982 3.97448 0.190735 0.569209 7.99688 0.12982 38.6762 0.239667 3.1656 0.279611
35701.00 1311.72 100.138999 44.6479 0.12982 3.97448 0.190735 0.569209 7.99688 0.12982 38.6762 0.239667 3.1656 0.279611
35601.00 1311.52 100.138999 44.6479 0.12982 3.97448 0.190735 0.569209 7.99688 0.12982 38.6762 0.239667 3.1656 0.279611
35501.00 1311.32 100.138999 44.6479 0.12982 3.97448 0.190735 0.569209 7.99688 0.12982 38.6762 0.239667 3.1656 0.279611
35401.00 1311.12 100.138999 44.6479 0.12982 3.97448 0.190735 0.569209 7.99688 0.12982 38.6762 0.239667 3.1656 0.279611
35301.00 1310.92 100.138999 44.6479 0.12982 3.97448 0.190735 0.569209 7.99688 0.12982 38.6762 0.239667 3.1656 0.279611
35201.00 1310.72 100.138999 44.6479 0.12982 3.97448 0.190735 0.569209 7.99688 0.12982 38.6762 0.239667 3.1656 0.279611
35101.00 1310.52 100.138999 44.6479 0.12982 3.97448 0.190735 0.569209 7.99688 0.12982 38.6762 0.239667 3.1656 0.279611
35001.00 1310.32 100.138999 44.6479 0.12982 3.97448 0.190735 0.569209 7.99688 0.12982 38.6762 0.239667 3.1656 0.279611
34901.00 1310.12 100.138999 44.6479 0.12982 3.97448 0.190735 0.569209 7.99688 0.12982 38.6762 0.239667 3.1656 0.279611
34801.00 1309.92 100.138999 44.6479 0.12982 3.97448 0.190735 0.569209 7.99688 0.12982 38.6762 0.239667 3.1656 0.279611
34701.00 1309.72 100.138999 44.6479 0.12982 3.97448 0.190735 0.569209 7.99688 0.12982 38.6762 0.239667 3.1656 0.279611
34601.00 1309.52 100.138999 44.6479 0.12982 3.97448 0.190735 0.569209 7.99688 0.12982 38.6762 0.239667 3.1656 0.279611
34501.00 1309.32 100.138999 44.6479 0.12982 3.97448 0.190735 0.569209 7.99688 0.12982 38.6762 0.239667 3.1656 0.279611
34401.00 1309.12 100.138999 44.6479 0.12982 3.97448 0.190735 0.569209 7.99688 0.12982 38.6762 0.239667 3.1656 0.279611
34301.00 1308.92 100.138999 44.6479 0.12982 3.97448 0.190735 0.569209 7.99688 0.12982 38.6762 0.239667 3.1656 0.279611
34201.00 1308.72 100.138999 44.6479 0.12982 3.97448 0.190735 0.569209 7.99688 0.12982 38.6762 0.239667 3.1656 0.279611
34101.00 1308.52 100.138999 44.6479 0.12982 3.97448 0.190735 0.569209 7.99688 0.12982 38.6762 0.239667 3.1656 0.279611
34001.00 1308.32 100.138999 44.6479 0.12982 3.97448 0.190735 0.569209 7.99688 0.12982 38.6762 0.239667 3.1656 0.279611
33901.00 1308.12 100.138999 44.6479 0.12982 3.97448 0.190735 0.569209 7.99688 0.12982 38.6762 0.239667 3.1656 0.279611
33801.00 1307.92 100.138999 44.6479 0.12982 3.97448 0.190735 0.569209 7.99688 0.12982 38.6762 0.239667 3.1656 0.279611
33701.00 1307.72 100.138999 44.6479 0.12982 3.97448 0.190735 0.569209 7.99688 0.12982 38.6762 0.239667 3.1656 0.279611
33601.00 1307.52 100.138999 44.6479 0.12982 3.97448 0.190735 0.569209 7.99688 0.12982 38.6762 0.239667 3.1656 0.279611
33501.00 1307.31 100.138999 44.6479 0.12982 3.97448 0.190735 0.569209 7.99688 0.12982 38.6762 0.239667 3.1656 0.279611
33401.00 1307.11 100.138999 44.6479 0.12982 3.97448 0.190735 0.569209 7.99688 0.12982 38.6762 0.239667 3.1656 0.279611
33301.00 1306.91 100.138999 44.6479 0.12982 3.97448 0.190735 0.569209 7.99688 0.12982 38.6762 0.239667 3.1656 0.279611
33201.00 1306.71 100.138999 44.6479 0.12982 3.97448 0.190735 0.569209 7.99688 0.12982 38.6762 0.239667 3.1656 0.279611
33101.00 1306.51 100.138999 44.6479 0.12982 3.97448 0.190735 0.569209 7.99688 0.12982 38.6762 0.239667 3.1656 0.279611
33001.00 1306.31 100.138999 44.6479 0.12982 3.97448 0.190735 0.569209 7.99688 0.12982 38.6762 0.239667 3.1656 0.279611
32901.00 1306.10 100.138999 44.6479 0.12982 3.97448 0.190735 0.569209 7.99688 0.12982 38.6762 0.239667 3.1656 0.279611
32801.00 1305.90 100.138999 44.6479 0.12982 3.97448 0.190735 0.569209 7.99688 0.12982 38.6762 0.239667 3.1656 0.279611
32701.00 1305.70 100.138999 44.6479 0.12982 3.97448 0.190735 0.569209 7.99688 0.12982 38.6762 0.239667 3.1656 0.279611
32601.00 1305.50 100.138999 44.6479 0.12982 3.97448 0.190735 0.569209 7.99688 0.12982 38.6762 0.239667 3.1656 0.279611
32501.00 1305.29 100.138999 44.6479 0.12982 3.97448 0.190735 0.569209 7.99688 0.12982 38.6762 0.239667 3.1656 0.279611
32401.00 1305.09 100.138999 44.6479 0.12982 3.97448 0.190735 0.569209 7.99688 0.12982 38.6762 0.239667 3.1656 0.279611
32301.00 1304.89 100.138999 44.6479 0.12982 3.97448 0.190735 0.569209 7.99688 0.12982 38.6762 0.239667 3.1656 0.279611
32201.00 1304.69 100.138999 44.6479 0.12982 3.97448 0.190735 0.569209 7.99688 0.12982 38.6762 0.239667 3.1656 0.279611
32101.00 1304.48 100.138999 44.6479 0.12982 3.97448 0.190735 0.569209 7.99688 0.12982 38.6762 0.239667 3.1656 0.279611
32001.00 1304.28 100.138999 44.6479 0.12982 3.97448 0.190735 0.569209 7.99688 0.12982 38.6762 0.239667 3.1656 0.279611
31901.00 1304.08 100.138999 44.6479 0.12982 3.97448 0.190735 0.569209 7.99688 0.12982 38.6762 0.239667 3.1656 0.279611
31801.00 1303.87 100.138999 44.6479 0.12982 3.97448 0.190735 0.569209 7.99688 0.12982 38.6762 0.239667 3.1656 0.279611
31701.00 1303.67 100.138999 44.6479 0.12982 3.97448 0.190735 0.569209 7.99688 0.12982 38.6762 0.239667 3.1656 0.279611
31601.00 1303.47 100.138999 44.6479 0.12982 3.97448 0.190735 0.569209 7.99688 0.12982 38.6762 0.239667 3.1656 0.279611
31501.00 1303.26 100.138999 44.6479 0.12982 3.97448 0.190735 0.569209 7.99688 0.12982 38.6762 0.239667 3.1656 0.279611
31401.00 1303.06 100.138999 44.6479 0.12982 3.97448 0.190735 0.569209 7.99688 0.12982 38.6762 0.239667 3.1656 0.279611
31301.00 1302.85 100.138999 44.6479 0.12982 3.97448 0.190735 0.569209 7.99688 0.12982 38.6762 0.239667 3.1656 0.279611
31201.00 1302.65 100.138999 44.6479 0.12982 3.97448 0.190735 0.569209 7.99688 0.12982 38.6762 0.239667 3.1656 0.279611
31101.00 1302.44 100.138999 44.6479 0.12982 3.97448 0.190735 0.569209 7.99688 0.12982 38.6762 0.239667 3.1656 0.279611
31001.00 1302.24 100.138999 44.6479 0.12982 3.97448 0.190735 0.569209 7.99688 0.12982 38.6762 0.239667 3.1656 0.279611
30901.00 1302.03 100.138999 44.6479 0.12982 3.97448 0.190735 0.569209 7.99688 0.12982 38.6762 0.239667 3.1656 0.279611
30801.00 1301.83 100.138999 44.6479 0.12982 3.97448 0.190735 0.569209 7.99688 0.12982 38.6762 0.239667 3.1656 0.279611
30701.00 1301.62 100.138999 44.6479 0.12982 3.97448 0.190735 0.569209 7.99688 0.12982 38.6762 0.239667 3.1656 0.279611
30601.00 1301.42 100.138999 44.6479 0.12982 3.97448 0.190735 0.569209 7.99688 0.12982 38.6762 0.239667 3.1656 0.279611
30501.00 1301.21 100.138999 44.6479 0.12982 3.97448 0.190735 0.569209 7.99688 0.12982 38.6762 0.239667 3.1656 0.279611
30401.00 1301.01 100.138999 44.6479 0.12982 3.97448 0.190735 0.569209 7.99688 0.12982 38.6762 0.239667 3.1656 0.279611
30301.00 1300.80 100.138999 44.6479 0.12982 3.97448 0.190735 0.569209 7.99688 0.12982 38.6762 0.239667 3.1656 0.279611
30201.00 1300.59 100.138999 44.6479 0.12982 3.97448 0.190735 0.569209 7.99688 0.12982 38.6762 0.239667 3.1656 0.279611
30101.00 1300.39 100.138999 44.6479 0.12982 3.97448 0.190735 0.569209 7.99688 0.12982 38.6762 0.239667 3.1656 0.279611
30001.00 1300.18 100.138999 44.6479 0.12982 3.97448 0.190735 0.569209 7.99688 0.12982 38.6762 0.239667 3.1656 0.279611
29901.00 1299.97 100.138999 44.6479 0.12982 3.97448 0.190735 0.569209 7.99688 0.12982 38.6762 0.239667 3.1656 0.279611
29801.00 1299.77 100.138999 44.6479 0.12982 3.97448 0.190735 0.569209 7.99688 0.12982 38.6762 0.239667 3.1656 0.279611
29701.00 1299.56 100.138999 44.6479 0.12982 3.97448 0.190735 0.569209 7.99688 0.12982 38.6762 0.239667 3.1656 0.279611
29601.00 1299.35 100.138999 44.6479 0.12982 3.97448 0.190735 0.569209 7.99688 0.12982 38.6762 0.239667 3.1656 0.279611
29501.00 1299.14 100.138999 44.6479 0.12982 3.97448 0.190735 0.569209 7.99688 0.12982 38.6762 0.239667 3.1656 0.279611
29401.00 1298.93 100.138999 44.6479 0.12982 3.97448 0.190735 0.569209 7.99688 0.12982 38.6762 0.239667 3.1656 0.279611
29301.00 1298.73 100.138999 44.6479 0.12982 3.97448 0.190735 0.569209 7.99688 0.12982 38.6762 0.239667 3.1656 0.279611
29201.00 1298.52 100.138999 44.6479 0.12982 3.97448 0.190735 0.569209 7.99688 0.12982 38.6762 0.239667 3.1656 0.279611
29101.00 1298.31 100.138999 44.6479 0.12982 3.97448 0.190735 0.569209 7.99688 0.12982 38.6762 0.239667 3.1656 0.279611
29001.00 1298.10 100.138999 44.6479 0.12982 3.97448 0.190735 0.569209 7.99688 0.12982 38.6762 0.239667 3.1656 0.279611
28901.00 1297.89 100.138999 44.6479 0.12982 3.97448 0.190735 0.569209 7.99688 0.12982 38.6762 0.239667 3.1656 0.279611
28801.00 1297.68 100.138999 44.6479 0.12982 3.97448 0.190735 0.569209 7.99688 0.12982 38.6762 0.239667 3.1656 0.279611
28701.00 1297.47 100.138999 44.6479 0.12982 3.97448 0.190735 0.569209 7.99688 0.12982 38.6762 0.239667 3.1656 0.279611
28601.00 1297.26 100.138999 44.6479 0.12982 3.97448 0.190735 0.569209 7.99688 0.12982 38.6762 0.239667 3.1656 0.279611
28501.00 1297.05 100.138999 44.6479 0.12982 3.97448 0.190735 0.569209 7.99688 0.12982 38.6762 0.239667 3.1656 0.279611
28401.00 1296.84 100.138999 44.6479 0.12982 3.97448 0.190735 0.569209 7.99688 0.12982 38.6762 0.239667 3.1656 0.279611
28301.00 1296.63 100.138999 44.6479 0.12982 3.97448 0.190735 0.569209 7.99688 0.12982 38.6762 0.239667 3.1656 0.279611
28201.00 1296.42 100.138999 44.6479 0.12982 3.97448 0.190735 0.569209 7.99688 0.12982 38.6762 0.239667 3.1656 0.279611
28101.00 1296.21 100.138999 44.6479 0.12982 3.97448 0.190735 0.569209 7.99688 0.12982 38.6762 0.239667 3.1656 0.279611
28001.00 1296.00 100.138999 44.6479 0.12982 3.97448 0.190735 0.569209 7.99688 0.12982 38.6762 0.239667 3.1656 0.279611
27901.00 1295.78 100.138999 44.6479 0.12982 3.97448 0.190735 0.569209 7.99688 0.12982 38.6762 0.239667 3.1656 0.279611
27801.00 1295.57 100.138999 44.6479 0.12982 3.97448 0.190735 0.569209 7.99688 0.12982 38.6762 0.239667 3.1656 0.279611
27701.00 1295.36 100.138999 44.6479 0.12982 3.97448 0.190735 0.569209 7.99688 0.12982 38.6762 0.239667 3.1656 0.279611
27601.00 1295.15 100.138999 44.6479 0.12982 3.97448 0.190735 0.569209 7.99688 0.12982 38.6762 0.239667 3.1656 0.279611
27501.00 1294.93 100.138999 44.6479 0.12982 3.97448 0.190735 0.569209 7.99688 0.12982 38.6762 0.239667 3.1656 0.279611
27401.00 1294.72 100.138999 44.6479 0.12982 3.97448 0.190735 0.569209 7.99688 0.12982 38.6762 0.239667 3.1656 0.279611
27301.00 1294.51 100.138999 44.6479 0.12982 3.97448 0.190735 0.569209 7.99688 0.12982 38.6762 0.239667 3.1656 0.279611
27201.00 1294.29 100.138999 44.6479 0.12982 3.97448 0.190735 0.569209 7.99688 0.12982 38.6762 0.239667 3.1656 0.279611
27101.00 1294.08 100.138999 44.6479 0.12982 3.97448 0.190735 0.569209 7.99688 0.12982 38.6762 0.239667 3.1656 0.279611
27001.00 1293.86 100.138999 44.6479 0.12982 3.97448 0.190735 0.569209 7.99688 0.12982 38.6762 0.239667 3.1656 0.279611
26901.00 1293.65 100.138999 44.6479 0.12982 3.97448 0.190735 0.569209 7.99688 0.12982 38.6762 0.239667 3.1656 0.279611
26801.00 1293.43 100.138999 44.6479 0.12982 3.97448 0.190735 0.569209 7.99688 0.12982 38.6762 0.239667 3.1656 0.279611
26701.00 1293.22 100.138999 44.6479 0.12982 3.97448 0.190735 0.569209 7.99688 0.12982 38.6762 0.239667 3.1656 0.279611
26601.00 1293.00 100.138999 44.6479 0.12982 3.97448 0.190735 0.569209 7.99688 0.12982 38.6762 0.239667 3.1656 0.279611
26501.00 1292.78 100.138999 44.6479 0.12982 3.97448 0.190735 0.569209 7.99688 0.12982 38.6762 0.239667 3.1656 0.279611
26401.00 1292.57 100.138999 44.6479 0.12982 3.97448 0.190735 0.569209 7.99688 0.12982 38.6762 0.239667 3.1656 0.279611
26301.00 1292.35 100.138999 44.6479 0.12982 3.97448 0.190735 0.569209 7.99688 0.12982 38.6762 0.239667 3.1656 0.279611
26201.00 1292.13 100.138999 44.6479 0.12982 3.97448 0.190735 0.569209 7.99688 0.12982 38.6762 0.239667 3.1656 0.279611
26101.00 1291.91 100.138999 44.6479 0.12982 3.97448 0.190735 0.569209 7.99688 0.12982 38.6762 0.239667 3.1656 0.279611
26001.00 1291.69 100.138999 44.6479 0.12982 3.97448 0.190735 0.569209 7.99688 0.12982 38.6762 0.239667 3.1656 0.279611
25901.00 1291.47 100.138999 44.6479 0.12982 3.97448 0.190735 0.569209 7.99688 0.12982 38.6762 0.239667 3.1656 0.279611
25801.00 1291.25 100.138999 44.6479 0.12982 3.97448 0.190735 0.569209 7.99688 0.12982 38.6762 0.239667 3.1656 0.279611
25701.00 1291.03 100.138999 44.6479 0.12982 3.97448 0.190735 0.569209 7.99688 0.12982 38.6762 0.239667 3.1656 0.279611
25601.00 1290.81 100.138999 44.6479 0.12982 3.97448 0.190735 0.569209 7.99688 0.12982 38.6762 0.239667 3.1656 0.279611
25501.00 1290.59 100.138999 44.6479 0.12982 3.97448 0.190735 0.569209 7.99688 0.12982 38.6762 0.239667 3.1656 0.279611
25401.00 1290.37 100.138999 44.6479 0.12982 3.97448 0.190735 0.569209 7.99688 0.12982 38.6762 0.239667 3.1656 0.279611
25301.00 1290.15 100.138999 44.6479 0.12982 3.97448 0.190735 0.569209 7.99688 0.12982 38.6762 0.239667 3.1656 0.279611
25201.00 1289.93 100.138999 44.6479 0.12982 3.97448 0.190735 0.569209 7.99688 0.12982 38.6762 0.239667 3.1656 0.279611
25101.00 1289.70 100.138999 44.6479 0.12982 3.97448 0.190735 0.569209 7.99688 0.12982 38.6762 0.239667 3.1656 0.279611
25001.00 1289.48 100.138999 44.6479 0.12982 3.97448 0.190735 0.569209 7.99688 0.12982 38.6762 0.239667 3.1656 0.279611
24901.00 1289.25 100.138999 44.6479 0.12982 3.97448 0.190735 0.569209 7.99688 0.12982 38.6762 0.239667 3.1656 0.279611
24801.00 1289.03 100.138999 44.6479 0.12982 3.97448 0.190735 0.569209 7.99688 0.12982 38.6762 0.239667 3.1656 0.279611
24701.00 1288.80 100.138999 44.6479 0.12982 3.97448 0.190735 0.569209 7.99688 0.12982 38.6762 0.239667 3.1656 0.279611
24601.00 1288.58 100.138999 44.6479 0.12982 3.97448 0.190735 0.569209 7.99688 0.12982 38.6762 0.239667 3.1656 0.279611
24501.00 1288.35 100.138999 44.6479 0.12982 3.97448 0.190735 0.569209 7.99688 0.12982 38.6762 0.239667 3.1656 0.279611
24401.00 1288.13 100.138999 44.6479 0.12982 3.97448 0.190735 0.569209 7.99688 0.12982 38.6762 0.239667 3.1656 0.279611
24301.00 1287.90 100.138999 44.6479 0.12982 3.97448 0.190735 0.569209 7.99688 0.12982 38.6762 0.239667 3.1656 0.279611
24201.00 1287.67 100.138999 44.6479 0.12982 3.97448 0.190735 0.569209 7.99688 0.12982 38.6762 0.239667 3.1656 0.279611
24101.00 1287.44 100.138999 44.6479 0.12982 3.97448 0.190735 0.569209 7.99688 0.12982 38.6762 0.239667 3.1656 0.279611
24001.00 1287.21 100.138999 44.6479 0.12982 3.97448 0.190735 0.569209 7.99688 0.12982 38.6762 0.239667 3.1656 0.279611
23901.00 1286.98 100.138999 44.6479 0.12982 3.97448 0.190735 0.569209 7.99688 0.12982 38.6762 0.239667 3.1656 0.279611
23801.00 1286.75 100.138999 44.6479 0.12982 3.97448 0.190735 0.569209 7.99688 0.12982 38.6762 0.239667 3.1656 0.279611
23701.00 1286.52 100.138999 44.6479 0.12982 3.97448 0.190735 0.569209 7.99688 0.12982 38.6762 0.239667 3.1656 0.279611
23601.00 1286.29 100.138999 44.6479 0.12982 3.97448 0.190735 0.569209 7.99688 0.12982 38.6762 0.239667 3.1656 0.279611
23501.00 1286.05 100.138999 44.6479 0.12982 3.97448 0.190735 0.569209 7.99688 0.12982 38.6762 0.239667 3.1656 0.279611
23401.00 1285.82 100.138999 44.6479 0.12982 3.97448 0.190735 0.569209 7.99688 0.12982 38.6762 0.239667 3.1656 0.279611
23301.00 1285.58 100.138999 44.6479 0.12982 3.97448 0.190735 0.569209 7.99688 0.12982 38.6762 0.239667 3.1656 0.279611
23201.00 1285.35 100.138999 44.6479 0.12982 3.97448 0.190735 0.569209 7.99688 0.12982 38.6762 0.239667 3.1656 0.279611
23101.00 1285.11 100.138999 44.6479 0.12982 3.97448 0.190735 0.569209 7.99688 0.12982 38.6762 0.239667 3.1656 0.279611
23001.00 1284.88 100.138999 44.6479 0.12982 3.97448 0.190735 0.569209 7.99688 0.12982 38.6762 0.239667 3.1656 0.279611
22901.00 1284.64 100.138999 44.6479 0.12982 3.97448 0.190735 0.569209 7.99688 0.12982 38.6762 0.239667 3.1656 0.279611
22801.00 1284.40 100.138999 44.6479 0.12982 3.97448 0.190735 0.569209 7.99688 0.12982 38.6762 0.239667 3.1656 0.279611
22701.00 1284.16 100.138999 44.6479 0.12982 3.97448 0.190735 0.569209 7.99688 0.12982 38.6762 0.239667 3.1656 0.279611
22601.00 1283.92 100.138999 44.6479 0.12982 3.97448 0.190735 0.569209 7.99688 0.12982 38.6762 0.239667 3.1656 0.279611
22501.00 1283.68 100.138999 44.6479 0.12982 3.97448 0.190735 0.569209 7.99688 0.12982 38.6762 0.239667 3.1656 0.279611
22401.00 1283.43 100.138999 44.6479 0.12982 3.97448 0.190735 0.569209 7.99688 0.12982 38.6762 0.239667 3.1656 0.279611
22301.00 1283.19 100.138999 44.6479 0.12982 3.97448 0.190735 0.569209 7.99688 0.12982 38.6762 0.239667 3.1656 0.279611
22201.00 1282.95 100.138999 44.6479 0.12982 3.97448 0.190735 0.569209 7.99688 0.12982 38.6762 0.239667 3.1656 0.279611
22101.00 1282.70 100.138999 44.6479 0.12982 3.97448 0.190735 0.569209 7.99688 0.12982 38.6762 0.239667 3.1656 0.279611
22001.00 1282.45 100.138999 44.6479 0.12982 3.97448 0.190735 0.569209 7.99688 0.12982 38.6762 0.239667 3.1656 0.279611
21901.00 1282.21 100.138999 44.6479 0.12982 3.97448 0.190735 0.569209 7.99688 0.12982 38.6762 0.239667 3.1656 0.279611
21801.00 1281.96 100.138999 44.6479 0.12982 3.97448 0.190735 0.569209 7.99688 0.12982 38.6762 0.239667 3.1656 0.279611
21701.00 1281.71 100.138999 44.6479 0.12982 3.97448 0.190735 0.569209 7.99688 0.12982 38.6762 0.239667 3.1656 0.279611
21601.00 1281.45 100.138999 44.6479 0.12982 3.97448 0.190735 0.569209 7.99688 0.12982 38.6762 0.239667 3.1656 0.279611
21501.00 1281.20 100.138999 44.6479 0.12982 3.97448 0.190735 0.569209 7.99688 0.12982 38.6762 0.239667 3.1656 0.279611
21401.00 1280.95 100.138999 44.6479 0.12982 3.97448 0.190735 0.569209 7.99688 0.12982 38.6762 0.239667 3.1656 0.279611
21301.00 1280.69 100.138999 44.6479 0.12982 3.97448 0.190735 0.569209 7.99688 0.12982 38.6762 0.239667 3.1656 0.279611
21201.00 1280.43 100.138999 44.6479 0.12982 3.97448 0.190735 0.569209 7.99688 0.12982 38.6762 0.239667 3.1656 0.279611
21101.00 1280.18 100.138999 44.6479 0.12982 3.97448 0.190735 0.569209 7.99688 0.12982 38.6762 0.239667 3.1656 0.279611
21001.00 1279.92 100.138999 44.6479 0.12982 3.97448 0.190735 0.569209 7.99688 0.12982 38.6762 0.239667 3.1656 0.279611
20901.00 1279.65 100.138999 44.6479 0.12982 3.97448 0.190735 0.569209 7.99688 0.12982 38.6762 0.239667 3.1656 0.279611
20801.00 1279.39 100.138999 44.6479 0.12982 3.97448 0.190735 0.569209 7.99688 0.12982 38.6762 0.239667 3.1656 0.279611
20701.00 1279.13 100.138999 44.6479 0.12982 3.97448 0.190735 0.569209 7.99688 0.12982 38.6762 0.239667 3.1656 0.279611
20601.00 1278.86 100.138999 44.6479 0.12982 3.97448 0.190735 0.569209 7.99688 0.12982 38.6762 0.239667 3.1656 0.279611
20501.00 1278.59 100.138999 44.6479 0.12982 3.97448 0.190735 0.569209 7.99688 0.12982 38.6762 0.239667 3.1656 0.279611
20401.00 1278.32 100.138999 44.6479 0.12982 3.97448 0.190735 0.569209 7.99688 0.12982 38.6762 0.239667 3.1656 0.279611
20301.00 1278.05 100.138999 44.6479 0.12982 3.97448 0.190735 0.569209 7.99688 0.12982 38.6762 0.239667 3.1656 0.279611
20201.00 1277.77 100.138999 44.6479 0.12982 3.97448 0.190735 0.569209 7.99688 0.12982 38.6762 0.239667 3.1656 0.279611
20101.00 1277.50 100.138999 44.6479 0.12982 3.97448 0.190735 0.569209 7.99688 0.12982 38.6762 0.239667 3.1656 0.279611
20001.00 1277.22 100.138999 44.6479 0.12982 3.97448 0.190735 0.569209 7.99688 0.12982 38.6762 0.239667 3.1656 0.279611
19901.00 1276.94 100.138999 44.6479 0.12982 3.97448 0.190735 0.569209 7.99688 0.12982 38.6762 0.239667 3.1656 0.279611
19801.00 1276.66 100.138999 44.6479 0.12982 3.97448 0.190735 0.569209 7.99688 0.12982 38.6762 0.239667 3.1656 0.279611
19701.00 1276.37 100.138999 44.6479 0.12982 3.97448 0.190735 0.569209 7.99688 0.12982 38.6762 0.239667 3.1656 0.279611
19601.00 1276.08 100.138999 44.6479 0.12982 3.97448 0.190735 0.569209 7.99688 0.12982 38.6762 0.239667 3.1656 0.279611
19501.00 1275.79 100.138999 44.6479 0.12982 3.97448 0.190735 0.569209 7.99688 0.12982 38.6762 0.239667 3.1656 0.279611
19401.00 1275.50 100.138999 44.6479 0.12982 3.97448 0.190735 0.569209 7.99688 0.12982 38.6762 0.239667 3.1656 0.279611
19301.00 1275.20 100.138999 44.6479 0.12982 3.97448 0.190735 0.569209 7.99688 0.12982 38.6762 0.239667 3.1656 0.279611
19201.00 1274.90 100.138999 44.6479 0.12982 3.97448 0.190735 0.569209 7.99688 0.12982 38.6762 0.239667 3.1656 0.279611
19101.00 1274.60 100.138999 44.6479 0.12982 3.97448 0.190735 0.569209 7.99688 0.12982 38.6762 0.239667 3.1656 0.279611
19001.00 1274.29 100.138999 44.6479 0.12982 3.97448 0.190735 0.569209 7.99688 0.12982 38.6762 0.239667 3.1656 0.279611
18901.00 1273.98 100.138999 44.6479 0.12982 3.97448 0.190735 0.569209 7.99688 0.12982 38.6762 0.239667 3.1656 0.279611
18801.00 1273.67 100.138999 44.6479 0.12982 3.97448 0.190735 0.569209 7.99688 0.12982 38.6762 0.239667 3.1656 0.279611
18701.00 1273.49 100.138999 44.6479 0.12982 3.97448 0.190735 0.569209 7.99688 0.12982 38.6762 0.239667 3.1656 0.279611
18601.00 1273.31 100.138999 44.6479 0.12982 3.97448 0.190735 0.569209 7.99688 0.12982 38.6762 0.239667 3.1656 0.279611
18501.00 1273.13 100.138999 44.6479 0.12982 3.97448 0.190735 0.569209 7.99688 0.12982 38.6762 0.239667 3.1656 0.279611
18401.00 1272.95 100.138999 44.6479 0.12982 3.97448 0.190735 0.569209 7.99688 0.12982 38.6762 0.239667 3.1656 0.279611
18301.00 1272.77 100.138999 44.6479 0.12982 3.97448 0.190735 0.569209 7.99688 0.12982 38.6762 0.239667 3.1656 0.279611
18201.00 1272.58 100.138999 44.6479 0.12982 3.97448 0.190735 0.569209 7.99688 0.12982 38.6762 0.239667 3.1656 0.279611
18101.00 1272.40 100.138999 44.6479 0.12982 3.97448 0.190735 0.569209 7.99688 0.12982 38.6762 0.239667 3.1656 0.279611
18001.00 1272.22 100.138999 44.6479 0.12982 3.97448 0.190735 0.569209 7.99688 0.12982 38.6762 0.239667 3.1656 0.279611
17901.00 1272.04 100.138999 44.6479 0.12982 3.97448 0.190735 0.569209 7.99688 0.12982 38.6762 0.239667 3.1656 0.279611
17801.00 1271.86 100.138999 44.6479 0.12982 3.97448 0.190735 0.569209 7.99688 0.12982 38.6762 0.239667 3.1656 0.279611
17701.00 1271.67 100.138999 44.6479 0.12982 3.97448 0.190735 0.569209 7.99688 0.12982 38.6762 0.239667 3.1656 0.279611
17601.00 1271.49 100.138999 44.6479 0.12982 3.97448 0.190735 0.569209 7.99688 0.12982 38.6762 0.239667 3.1656 0.279611
17501.00 1271.31 100.138999 44.6479 0.12982 3.97448 0.190735 0.569209 7.99688 0.12982 38.6762 0.239667 3.1656 0.279611
17401.00 1271.13 100.138999 44.6479 0.12982 3.97448 0.190735 0.569209 7.99688 0.12982 38.6762 0.239667 3.1656 0.279611
17301.00 1270.95 100.138999 44.6479 0.12982 3.97448 0.190735 0.569209 7.99688 0.12982 38.6762 0.239667 3.1656 0.279611
17201.00 1270.77 100.138999 44.6479 0.12982 3.97448 0.190735 0.569209 7.99688 0.12982 38.6762 0.239667 3.1656 0.279611
17101.00 1270.58 100.138999 44.6479 0.12982 3.97448 0.190735 0.569209 7.99688 0.12982 38.6762 0.239667 3.1656 0.279611
17001.00 1270.40 100.138999 44.6479 0.12982 3.97448 0.190735 0.569209 7.99688 0.12982 38.6762 0.239667 3.1656 0.279611
16901.00 1270.22 100.138999 44.6479 0.12982 3.97448 0.190735 0.569209 7.99688 0.12982 38.6762 0.239667 3.1656 0.279611
16801.00 1270.04 100.138999 44.6479 0.12982 3.97448 0.190735 0.569209 7.99688 0.12982 38.6762 0.239667 3.1656 0.279611
16701.00 1269.86 100.138999 44.6479 0.12982 3.97448 0.190735 0.569209 7.99688 0.12982 38.6762 0.239667 3.1656 0.279611
16601.00 1269.68 100.138999 44.6479 0.12982 3.97448 0.190735 0.569209 7.99688 0.12982 38.6762 0.239667 3.1656 0.279611
16501.00 1269.49 100.138999 44.6479 0.12982 3.97448 0.190735 0.569209 7.99688 0.12982 38.6762 0.239667 3.1656 0.279611
16401.00 1269.31 100.138999 44.6479 0.12982 3.97448 0.190735 0.569209 7.99688 0.12982 38.6762 0.239667 3.1656 0.279611
16301.00 1269.13 100.138999 44.6479 0.12982 3.97448 0.190735 0.569209 7.99688 0.12982 38.6762 0.239667 3.1656 0.279611
16201.00 1268.95 100.138999 44.6479 0.12982 3.97448 0.190735 0.569209 7.99688 0.12982 38.6762 0.239667 3.1656 0.279611
16101.00 1268.77 100.138999 44.6479 0.12982 3.97448 0.190735 0.569209 7.99688 0.12982 38.6762 0.239667 3.1656 0.279611
16001.00 1268.59 100.138999 44.6479 0.12982 3.97448 0.190735 0.569209 7.99688 0.12982 38.6762 0.239667 3.1656 0.279611
15901.00 1268.40 100.138999 44.6479 0.12982 3.97448 0.190735 0.569209 7.99688 0.12982 38.6762 0.239667 3.1656 0.279611
15801.00 1268.22 100.138999 44.6479 0.12982 3.97448 0.190735 0.569209 7.99688 0.12982 38.6762 0.239667 3.1656 0.279611
15701.00 1268.04 100.138999 44.6479 0.12982 3.97448 0.190735 0.569209 7.99688 0.12982 38.6762 0.239667 3.1656 0.279611
15601.00 1267.86 100.138999 44.6479 0.12982 3.97448 0.190735 0.569209 7.99688 0.12982 38.6762 0.239667 3.1656 0.279611
15501.00 1267.68 100.138999 44.6479 0.12982 3.97448 0.190735 0.569209 7.99688 0.12982 38.6762 0.239667 3.1656 0.279611
15401.00 1267.49 100.138999 44.6479 0.12982 3.97448 0.190735 0.569209 7.99688 0.12982 38.6762 0.239667 3.1656 0.279611
15301.00 1267.31 100.138999 44.6479 0.12982 3.97448 0.190735 0.569209 7.99688 0.12982 38.6762 0.239667 3.1656 0.279611
15201.00 1267.13 100.138999 44.6479 0.12982 3.97448 0.190735 0.569209 7.99688 0.12982 38.6762 0.239667 3.1656 0.279611
15101.00 1266.95 100.138999 44.6479 0.12982 3.97448 0.190735 0.569209 7.99688 0.12982 38.6762 0.239667 3.1656 0.279611
15001.00 1266.77 100.138999 44.6479 0.12982 3.97448 0.190735 0.569209 7.99688 0.12982 38.6762 0.239667 3.1656 0.279611
14901.00 1266.59 100.138999 44.6479 0.12982 3.97448 0.190735 0.569209 7.99688 0.12982 38.6762 0.239667 3.1656 0.279611
14801.00 1266.40 100.138999 44.6479 0.12982 3.97448 0.190735 0.569209 7.99688 0.12982 38.6762 0.239667 3.1656 0.279611
14701.00 1266.22 100.138999 44.6479 0.12982 3.97448 0.190735 0.569209 7.99688 0.12982 38.6762 0.239667 3.1656 0.279611
14601.00 1266.04 100.138999 44.6479 0.12982 3.97448 0.190735 0.569209 7.99688 0.12982 38.6762 0.239667 3.1656 0.279611
14501.00 1265.86 100.138999 44.6479 0.12982 3.97448 0.190735 0.569209 7.99688 0.12982 38.6762 0.239667 3.1656 0.279611
14401.00 1265.68 100.138999 44.6479 0.12982 3.97448 0.190735 0.569209 7.99688 0.12982 38.6762 0.239667 3.1656 0.279611
14301.00 1265.50 100.138999 44.6479 0.12982 3.97448 0.190735 0.569209 7.99688 0.12982 38.6762 0.239667 3.1656 0.279611
14201.00 1265.31 100.138999 44.6479 0.12982 3.97448 0.190735 0.569209 7.99688 0.12982 38.6762 0.239667 3.1656 0.279611
14101.00 1265.13 100.138999 44.6479 0.12982 3.97448 0.190735 0.569209 7.99688 0.12982 38.6762 0.239667 3.1656 0.279611
14001.00 1264.95 100.138999 44.6479 0.12982 3.97448 0.190735 0.569209 7.99688 0.12982 38.6762 0.239667 3.1656 0.279611
13901.00 1264.77 100.138999 44.6479 0.12982 3.97448 0.190735 0.569209 7.99688 0.12982 38.6762 0.239667 3.1656 0.279611
13801.00 1264.59 100.138999 44.6479 0.12982 3.97448 0.190735 0.569209 7.99688 0.12982 38.6762 0.239667 3.1656 0.279611
13701.00 1264.40 100.138999 44.6479 0.12982 3.97448 0.190735 0.569209 7.99688 0.12982 38.6762 0.239667 3.1656 0.279611
13601.00 1264.22 100.138999 44.6479 0.12982 3.97448 0.190735 0.569209 7.99688 0.12982 38.6762 0.239667 3.1656 0.279611
13501.00 1264.04 100.138999 44.6479 0.12982 3.97448 0.190735 0.569209 7.99688 0.12982 38.6762 0.239667 3.1656 0.279611
13401.00 1263.86 100.138999 44.6479 0.12982 3.97448 0.190735 0.569209 7.99688 0.12982 38.6762 0.239667 3.1656 0.279611
13301.00 1263.68 100.138999 44.6479 0.12982 3.97448 0.190735 0.569209 7.99688 0.12982 38.6762 0.239667 3.1656 0.279611
13201.00 1263.50 100.138999 44.6479 0.12982 3.97448 0.190735 0.569209 7.99688 0.12982 38.6762 0.239667 3.1656 0.279611
13101.00 1263.31 100.138999 44.6479 0.12982 3.97448 0.190735 0.569209 7.99688 0.12982 38.6762 0.239667 3.1656 0.279611
13001.00 1263.13 100.138999 44.6479 0.12982 3.97448 0.190735 0.569209 7.99688 0.12982 38.6762 0.239667 3.1656 0.279611
12901.00 1262.95 100.138999 44.6479 0.12982 3.97448 0.190735 0.569209 7.99688 0.12982 38.6762 0.239667 3.1656 0.279611
12801.00 1262.77 100.138999 44.6479 0.12982 3.97448 0.190735 0.569209 7.99688 0.12982 38.6762 0.239667 3.1656 0.279611
12701.00 1262.59 100.138999 44.6479 0.12982 3.97448 0.190735 0.569209 7.99688 0.12982 38.6762 0.239667 3.1656 0.279611
12601.00 1262.40 100.138999 44.6479 0.12982 3.97448 0.190735 0.569209 7.99688 0.12982 38.6762 0.239667 3.1656 0.279611
12501.00 1262.22 100.138999 44.6479 0.12982 3.97448 0.190735 0.569209 7.99688 0.12982 38.6762 0.239667 3.1656 0.279611
12401.00 1262.04 100.138999 44.6479 0.12982 3.97448 0.190735 0.569209 7.99688 0.12982 38.6762 0.239667 3.1656 0.279611
12301.00 1261.86 100.138999 44.6479 0.12982 3.97448 0.190735 0.569209 7.99688 0.12982 38.6762 0.239667 3.1656 0.279611
12201.00 1261.68 100.138999 44.6479 0.12982 3.97448 0.190735 0.569209 7.99688 0.12982 38.6762 0.239667 3.1656 0.279611
12101.00 1261.50 100.138999 44.6479 0.12982 3.97448 0.190735 0.569209 7.99688 0.12982 38.6762 0.239667 3.1656 0.279611
12001.00 1261.26 100.138999 44.6479 0.12982 3.97448 0.190735 0.569209 7.99688 0.12982 38.6762 0.239667 3.1656 0.279611
11901.00 1260.93 100.138999 44.6479 0.12982 3.97448 0.190735 0.569209 7.99688 0.12982 38.6762 0.239667 3.1656 0.279611
11801.00 1260.60 100.138999 44.6479 0.12982 3.97448 0.190735 0.569209 7.99688 0.12982 38.6762 0.239667 3.1656 0.279611
11701.00 1260.27 100.138999 44.6479 0.12982 3.97448 0.190735 0.569209 7.99688 0.12982 38.6762 0.239667 3.1656 0.279611
11601.00 1259.93 100.138999 44.6479 0.12982 3.97448 0.190735 0.569209 7.99688 0.12982 38.6762 0.239667 3.1656 0.279611
11501.00 1259.60 100.138999 44.6479 0.12982 3.97448 0.190735 0.569209 7.99688 0.12982 38.6762 0.239667 3.1656 0.279611
11401.00 1259.26 100.138999 44.6479 0.12982 3.97448 0.190735 0.569209 7.99688 0.12982 38.6762 0.239667 3.1656 0.279611
11301.00 1258.92 100.138999 44.6479 0.12982 3.97448 0.190735 0.569209 7.99688 0.12982 38.6762 0.239667 3.1656 0.279611
11201.00 1258.57 100.138999 44.6479 0.12982 3.97448 0.190735 0.569209 7.99688 0.12982 38.6762 0.239667 3.1656 0.279611
11101.00 1258.23 100.138999 44.6479 0.12982 3.97448 0.190735 0.569209 7.99688 0.12982 38.6762 0.239667 3.1656 0.279611
11001.00 1257.88 100.138999 44.6479 0.12982 3.97448 0.190735 0.569209 7.99688 0.12982 38.6762 0.239667 3.1656 0.279611
10901.00 1257.53 100.138999 44.6479 0.12982 3.97448 0.190735 0.569209 7.99688 0.12982 38.6762 0.239667 3.1656 0.279611
10801.00 1257.18 100.138999 44.6479 0.12982 3.97448 0.190735 0.569209 7.99688 0.12982 38.6762 0.239667 3.1656 0.279611
10701.00 1256.83 100.138999 44.6479 0.12982 3.97448 0.190735 0.569209 7.99688 0.12982 38.6762 0.239667 3.1656 0.279611
10601.00 1256.47 100.138999 44.6479 0.12982 3.97448 0.190735 0.569209 7.99688 0.12982 38.6762 0.239667 3.1656 0.279611
10501.00 1256.11 100.138999 44.6479 0.12982 3.97448 0.190735 0.569209 7.99688 0.12982 38.6762 0.239667 3.1656 0.279611
10401.00 1255.75 100.138999 44.6479 0.12982 3.97448 0.190735 0.569209 7.99688 0.12982 38.6762 0.239667 3.1656 0.279611
10301.00 1255.39 100.138999 44.6479 0.12982 3.97448 0.190735 0.569209 7.99688 0.12982 38.6762 0.239667 3.1656 0.279611
10201.00 1255.02 100.138999 44.6479 0.12982 3.97448 0.190735 0.569209 7.99688 0.12982 38.6762 0.239667 3.1656 0.279611
10101.00 1254.65 100.138999 44.6479 0.12982 3.97448 0.190735 0.569209 7.99688 0.12982 38.6762 0.239667 3.1656 0.279611
10001.00 1254.28 100.138999 44.6479 0.12982 3.97448 0.190735 0.569209 7.99688 0.12982 38.6762 0.239667 3.1656 0.279611
9901.00 1253.90 100.138999 44.6479 0.12982 3.97448 0.190735 0.569209 7.99688 0.12982 38.6762 0.239667 3.1656 0.279611
9801.00 1253.52 100.126414 44.6468 0.129759 3.9726 0.190744 0.569254 7.99738 0.129834 38.6801 0.239696 3.16531 0.278555
9701.00 1253.13 100.065877 44.6411 0.129467 3.96356 0.190787 0.569475 7.99978 0.129907 38.6987 0.239838 3.16387 0.273545
9601.00 1252.75 100.004653 44.6354 0.129172 3.9544 0.19083 0.569701 8.0022 0.12998 38.7175 0.239981 3.16237 0.268547
9501.00 1252.36 99.942719 44.6295 0.128873 3.94512 0.190871 0.569933 8.00466 0.130054 38.7365 0.240126 3.1608 0.263563
9401.00 1251.97 99.880048 44.6236 0.128569 3.93572 0.190912 0.570169 8.00715 0.130129 38.7558 0.240273 3.15916 0.258592
9301.00 1251.58 99.816610 44.6175 0.128262 3.9262 0.190951 0.570412 8.00967 0.130205 38.7753 0.240423 3.15745 0.253634
9201.00 1251.19 99.752377 44.6113 0.12795 3.91654 0.19099 0.57066 8.01223 0.130282 38.7951 0.240574 3.15566 0.248689
9101.00 1250.80 99.687318 44.6051 0.127633 3.90674 0.191027 0.570915 8.01482 0.130361 38.8152 0.240728 3.15379 0.243758
9001.00 1250.40 99.621400 44.5987 0.127312 3.89681 0.191063 0.571175 8.01745 0.130441 38.8355 0.240883 3.15184 0.23884
8901.00 1250.00 99.554589 44.5922 0.126985 3.88672 0.191097 0.571442 8.02012 0.130522 38.8562 0.241042 3.1498 0.233936
8801.00 1249.60 99.486847 44.5855 0.126653 3.87648 0.19113 0.571715 8.02283 0.130605 38.8771 0.241202 3.14767 0.229045
8701.00 1249.20 99.418136 44.5788 0.126315 3.86608 0.191162 0.571996 8.02558 0.130689 38.8984 0.241366 3.14544 0.224167
8601.00 1248.79 99.348416 44.5719 0.125971 3.85552 0.191191 0.572283 8.02838 0.130774 38.92 0.241532 3.14311 0.219304
8501.00 1248.38 99.277644 44.5649 0.125621 3.84478 0.191219 0.572577 8.03122 0.130861 38.942 0.2417 3.14067 0.214454
8401.00 1247.97 99.205774 44.5577 0.125265 3.83387 0.191245 0.57288 8.0341 0.130949 38.9643 0.241872 3.13813 0.209619
8301.00 1247.55 99.132757 44.5505 0.124901 3.82276 0.191269 0.57319 8.03703 0.131039 38.987 0.242047 3.13547 0.204797
8201.00 1247.13 99.058542 44.543 0.12453 3.81146 0.19129 0.573508 8.04001 0.131131 39.0101 0.242225 3.13268 0.19999
8101.00 1246.71 98.983076 44.5354 0.124152 3.79996 0.191309 0.573834 8.04304 0.131225 39.0337 0.242406 3.12977 0.195198
8001.00 1246.29 98.906300 44.5277 0.123765 3.78824 0.191326 0.57417 8.04613 0.131321 39.0576 0.242591 3.12672 0.19042
7901.00 1245.86 98.828154 44.5198 0.12337 3.77631 0.191339 0.574515 8.04927 0.131418 39.082 0.242779 3.12353 0.185658
7801.00 1245.43 98.748572 44.5117 0.122965 3.76413 0.191349 0.574869 8.05247 0.131518 39.1069 0.242972 3.12019 0.180911
7701.00 1244.99 98.667486 44.5035 0.122552 3.75172 0.191356 0.575233 8.05573 0.131619 39.1323 0.243168 3.11669 0.17618
7601.00 1244.55 98.584822 44.495 0.122128 3.73904 0.191359 0.575608 8.05905 0.131723 39.1582 0.243368 3.11302 0.171465
7501.00 1244.10 98.500502 44.4864 0.121693 3.7261 0.191358 0.575993 8.06244 0.13183 39.1846 0.243573 3.10918 0.166767
7401.00 1243.65 98.414443 44.4776 0.121247 3.71288 0.191353 0.57639 8.0659 0.131939 39.2117 0.243783 3.10515 0.162085
7301.00 1243.19 98.326555 44.4686 0.120789 3.69936 0.191344 0.576799 8.06943 0.13205 39.2393 0.243998 3.10092 0.157422
7201.00 1242.73 98.236744 44.4593 0.120319 3.68553 0.191329 0.577221 8.07303 0.132165 39.2676 0.244217 3.09648 0.152776
7101.00 1242.27 98.144909 44.4499 0.119835 3.67137 0.191309 0.577655 8.07672 0.132282 39.2966 0.244442 3.09181 0.14815
7001.00 1241.79 98.050942 44.4402 0.119336 3.65687 0.191283 0.578104 8.08049 0.132402 39.3262 0.244673 3.08691 0.143543
6901.00 1241.32 97.954727 44.4302 0.118823 3.64201 0.19125 0.578567 8.08434 0.132526 39.3567 0.24491 3.08176 0.138957
6801.00 1240.83 97.856140 44.42 0.118294 3.62676 0.19121 0.579045 8.08829 0.132653 39.3879 0.245153 3.07635 0.134392
6701.00 1240.34 97.755048 44.4095 0.117747 3.61111 0.191163 0.57954 8.09234 0.132783 39.4199 0.245403 3.07065 0.129849
6601.00 1239.84 97.651309 44.3987 0.117183 3.59503 0.191107 0.580051 8.09648 0.132918 39.4529 0.24566 3.06465 0.12533
6501.00 1239.33 97.544772 44.3877 0.116599 3.57849 0.191043 0.58058 8.10074 0.133056 39.4867 0.245925 3.05832 0.120836
6401.00 1238.81 97.435271 44.3763 0.115994 3.56148 0.190968 0.581129 8.10511 0.133199 39.5216 0.246198 3.05165 0.116368
6301.00 1238.29 97.322631 44.3646 0.115368 3.54395 0.190883 0.581697 8.1096 0.133346 39.5576 0.246479 3.04462 0.111927
6201.00 1237.75 97.206662 44.3525 0.114718 3.52589 0.190786 0.582287 8.11422 0.133498 39.5946 0.24677 3.03719 0.107516
6101.00 1237.21 97.087161 44.34 0.114043 3.50726 0.190676 0.582899 8.11898 0.133656 39.6329 0.24707 3.02934 0.103136
6001.00 1236.65 96.963907 44.3272 0.113342 3.48801 0.190552 0.583535 8.12388 0.133819 39.6724 0.24738 3.02105 0.098789
5901.00 1236.09 96.836663 44.3139 0.112612 3.46812 0.190412 0.584197 8.12893 0.133987 39.7134 0.247701 3.01227 0.0944772
5801.00 1235.51 96.705174 44.3002 0.111851 3.44753 0.190256 0.584886 8.13415 0.134162 39.7557 0.248034 3.00298 0.0902031
5701.00 1234.92 96.569163 44.286 0.111058 3.4262 0.190082 0.585604 8.13955 0.134344 39.7996 0.24838 2.99313 0.0859693
5601.00 1234.31 96.428330 44.2714 0.11023 3.40409 0.189887 0.586353 8.14513 0.134533 39.8452 0.248739 2.98268 0.0817785
5501.00 1233.69 96.282353 44.2561 0.109365 3.38113 0.18967 0.587135 8.15091 0.134729 39.8926 0.249112 2.9716 0.077634
5401.00 1233.05 96.130881 44.2403 0.108459 3.35727 0.189429 0.587952 8.15691 0.134934 39.9419 0.2495 2.95982 0.0735391
5301.00 1232.40 95.973536 44.2239 0.107511 3.33243 0.189161 0.588807 8.16313 0.135147 39.9932 0.249905 2.9473 0.0694975
5201.00 1231.73 95.809907 44.2068 0.106516 3.30656 0.188864 0.589703 8.16961 0.13537 40.0467 0.250328 2.93398 0.0655132
5101.00 1231.04 95.639549 44.189 0.105472 3.27958 0.188535 0.590642 8.17635 0.135603 40.1026 0.250769 2.91979 0.0615907
5001.00 1230.33 95.461983 44.1705 0.104374 3.25139 0.188171 0.591627 8.18338 0.135847 40.1611 0.251232 2.90467 0.0577345
4901.00 1229.59 95.276687 44.1511 0.10322 3.22191 0.187769 0.592664 8.19073 0.136103 40.2223 0.251716 2.88853 0.05395
4801.00 1228.83 95.083101 44.1308 0.102004 3.19103 0.187323 0.593754 8.19841 0.136372 40.2865 0.252224 2.87129 0.0502426
4701.00 1228.05 94.880619 44.1096 0.100722 3.15866 0.186831 0.594902 8.20646 0.136654 40.354 0.252757 2.85288 0.0466184
4601.00 1227.24 94.668591 44.0873 0.0993703 3.12466 0.186288 0.596114 8.2149 0.136951 40.4249 0.253319 2.83317 0.0430838
4501.00 1226.39 94.446325 44.0639 0.0979428 3.08892 0.185689 0.597393 8.22377 0.137264 40.4995 0.25391 2.81208 0.0396458
4401.00 1225.52 94.213080 44.0392 0.0964347 3.0513 0.185028 0.598745 8.23312 0.137594 40.5782 0.254534 2.78949 0.0363118
4301.00 1224.61 93.968079 44.0133 0.0948406 3.01164 0.1843 0.600176 8.24297 0.137943 40.6613 0.255192 2.76527 0.0330897
4201.00 1223.67 93.710510 43.9858 0.0931549 2.9698 0.183498 0.601692 8.25337 0.138312 40.7492 0.255888 2.73929 0.0299878
4101.00 1222.68 93.439541 43.9568 0.0913723 2.9256 0.182615 0.603299 8.26438 0.138703 40.8421 0.256625 2.71143 0.0270148
4001.00 1221.66 93.154332 43.9262 0.0894875 2.87889 0.181645 0.605004 8.27604 0.139117 40.9405 0.257405 2.68152 0.0241794
3901.00 1220.59 92.854065 43.8936 0.0874956 2.82948 0.180579 0.606812 8.2884 0.139556 41.0449 0.258232 2.64945 0.0214908
3801.00 1219.47 92.537973 43.8592 0.0853926 2.77722 0.179412 0.608732 8.30152 0.140021 41.1554 0.259108 2.61505 0.0189577
3701.00 1218.31 92.205387 43.8225 0.0831754 2.72193 0.178134 0.610768 8.31545 0.140514 41.2727 0.260036 2.5782 0.0165884
3601.00 1217.10 91.855786 43.7837 0.0808426 2.6635 0.176741 0.612927 8.33024 0.141037 41.3969 0.26102 2.53877 0.0143906
3501.00 1215.84 91.488869 43.7424 0.0783945 2.60181 0.175225 0.615211 8.34595 0.14159 41.5283 0.26206 2.49668 0.0123705
3401.00 1214.54 91.104622 43.6987 0.0758342 2.53679 0.173581 0.617625 8.36261 0.142175 41.6672 0.263159 2.45185 0.0105326
3301.00 1213.18 90.703396 43.6524 0.0731677 2.46845 0.171808 0.620169 8.38024 0.14279 41.8135 0.264316 2.40428 0.00887919
3201.00 1211.79 90.285975 43.6035 0.0704045 2.39685 0.169905 0.622839 8.39885 0.143437 41.9673 0.265531 2.35399 0.0074097
3101.00 1210.36 89.853627 43.552 0.0675575 2.32216 0.167873 0.625631 8.41844 0.144114 42.1282 0.266802 2.3011 0.00612058
3001.00 1208.89 89.408124 43.498 0.0646436 2.24462 0.165719 0.628535 8.43896 0.144818 42.2958 0.268124 2.24578 0.00500501
2901.00 1207.41 88.951726 43.4416 0.0616824 2.16457 0.163451 0.631539 8.46035 0.145547 42.4694 0.269492 2.18829 0.00405308
2801.00 1205.90 88.487114 43.3831 0.0586963 2.08245 0.161081 0.634626 8.48253 0.146297 42.6482 0.2709 2.12894 0.00325217
2701.00 1204.39 88.017294 43.3226 0.0557091 1.99877 0.158624 0.637779 8.50538 0.147064 42.831 0.272339 2.06811 0.00258762
2601.00 1202.88 87.545459 43.2606 0.0527452 1.91409 0.156098 0.640976 8.52877 0.147842 43.0168 0.273799 2.00622 0.00204351
2501.00 1201.37 87.074851 43.1973 0.049828 1.829 0.153522 0.644196 8.55255 0.148627 43.2043 0.275272 1.94371 0.00160352
2401.00 1199.89 86.608626 43.1332 0.0469794 1.74409 0.150915 0.647416 8.57657 0.149414 43.3923 0.276747 1.88103 0.00125175
2301.00 1198.44 86.149736 43.0687 0.0442186 1.65995 0.148296 0.650616 8.60067 0.150196 43.5796 0.278214 1.81862 0.000973318
2201.00 1197.01 85.700843 43.0041 0.041562 1.57711 0.145686 0.653774 8.62469 0.15097 43.7648 0.279665 1.75688 0.000754846
2101.00 1195.63 85.264266 42.9398 0.0390225 1.49607 0.1431 0.656873 8.64849 0.151731 43.9471 0.281091 1.69619 0.000584651
2001.00 1194.29 84.841955 42.8761 0.0366099 1.41727 0.140557 0.659898 8.67192 0.152474 44.1253 0.282484 1.63689 0.000452822
1901.00 1192.99 84.435481 42.8135 0.0343308 1.34106 0.138069 0.662833 8.69487 0.153196 44.2987 0.283838 1.57925 0.00035115
1801.00 1191.75 84.046053 42.7521 0.032189 1.26776 0.13565 0.665667 8.71723 0.153895 44.4666 0.285147 1.52351 0.000272962
1701.00 1190.55 83.674533 42.6922 0.0301855 1.19759 0.133311 0.668392 8.7389 0.154568 44.6284 0.286408 1.46987 0.000212928
1601.00 1189.41 83.321462 42.6341 0.0283194 1.13074 0.131059 0.671001 8.75982 0.155212 44.7835 0.287616 1.41846 0.000166849
1501.00 1188.32 82.987088 42.5778 0.0265877 1.06732 0.1289 0.67349 8.77992 0.155828 44.9318 0.28877 1.3694 0.00013145
1401.00 1187.29 82.671393 42.5236 0.0249858 1.00737 0.12684 0.675854 8.79916 0.156414 45.0731 0.289868 1.32273 0.000104203
1301.00 1186.30 82.374128 42.4715 0.0235081 0.950911 0.124881 0.678095 8.81751 0.15697 45.2071 0.29091 1.27848 8.31695e-005
1201.00 1185.37 82.094840 42.4216 0.0221479 0.897887 0.123024 0.680213 8.83497 0.157496 45.334 0.291896 1.23664 6.68696e-005
1101.00 1184.48 81.832908 42.3739 0.020898 0.848217 0.121267 0.68221 8.85154 0.157992 45.4539 0.292826 1.19716 5.41795e-005
1001.00 1183.64 81.587581 42.3284 0.0197508 0.801785 0.11961 0.684091 8.86722 0.15846 45.567 0.293703 1.15998 4.4247e-005
901.00 1182.84 81.358004 42.285 0.0186985 0.758447 0.118048 0.68586 8.88205 0.1589 45.6734 0.294528 1.12499 3.64267e-005
801.00 1182.07 81.143261 42.2437 0.0177334 0.718044 0.116578 0.687523 8.89605 0.159314 45.7736 0.295305 1.09211 3.02303e-005
701.00 1181.35 80.942396 42.2044 0.0168482 0.680401 0.115196 0.689085 8.90927 0.159703 45.8678 0.296034 1.06122 2.52875e-005
601.00 1180.66 80.754446 42.167 0.0160356 0.64534 0.113896 0.690553 8.92174 0.160069 45.9564 0.29672 1.03219 2.13172e-005
501.00 1180.00 80.578459 42.1314 0.015289 0.612681 0.112673 0.691933 8.93351 0.160413 46.0398 0.297366 1.00491 1.81053e-005
401.00 1179.37 80.413510 42.0975 0.0146021 0.582247 0.111522 0.693232 8.94463 0.160737 46.1183 0.297973 0.979242 1.54883e-005
301.00 1178.77 80.258716 42.0652 0.0139693 0.553869 0.110439 0.694455 8.95513 0.161042 46.1923 0.298545 0.955079 1.33408e-005
201.00 1178.19 80.113243 42.0343 0.0133852 0.527384 0.109417 0.695609 8.96506 0.16133 46.2621 0.299085 0.932303 1.15662e-005
101.00 1177.63 79.976310 42.0049 0.0128451 0.502639 0.108453 0.696698 8.97447 0.161601 46.328 0.299595 0.910804 1.00896e-005
1.00 1177.09 79.847191 41.9767 0.0123447 0.479492 0.107541 0.697729 8.98338 0.161858 46.3904 0.300077 0.890482 8.85263e-006