Title: Depleted MORB Mantle of Workmann & Hart 2005

Liquid Composition:
Pressure Temperature mass SiO2 TiO2 Al2O3 Fe2O3 Cr2O3 FeO MnO MgO NiO CaO Na2O 
44001.00 1328.06 0.000000 ---
43901.00 1327.86 0.000000 ---
43801.00 1327.67 0.000000 ---
43701.00 1327.47 0.000000 ---
43601.00 1327.28 0.000000 ---
43501.00 1327.08 0.000000 ---
43401.00 1326.89 0.000000 ---
43301.00 1326.69 0.000000 ---
43201.00 1326.50 0.000000 ---
43101.00 1326.30 0.000000 ---
43001.00 1326.10 0.000000 ---
42901.00 1325.91 0.000000 ---
42801.00 1325.71 0.000000 ---
42701.00 1325.52 0.000000 ---
42601.00 1325.32 0.000000 ---
42501.00 1325.13 0.000000 ---
42401.00 1324.93 0.000000 ---
42301.00 1324.73 0.000000 ---
42201.00 1324.54 0.000000 ---
42101.00 1324.34 0.000000 ---
42001.00 1324.15 0.000000 ---
41901.00 1323.95 0.000000 ---
41801.00 1323.76 0.000000 ---
41701.00 1323.56 0.000000 ---
41601.00 1323.36 0.000000 ---
41501.00 1323.17 0.000000 ---
41401.00 1322.97 0.000000 ---
41301.00 1322.78 0.000000 ---
41201.00 1322.58 0.000000 ---
41101.00 1322.38 0.000000 ---
41001.00 1322.19 0.000000 ---
40901.00 1321.99 0.000000 ---
40801.00 1321.79 0.000000 ---
40701.00 1321.60 0.000000 ---
40601.00 1321.40 0.000000 ---
40501.00 1321.21 0.000000 ---
40401.00 1321.01 0.000000 ---
40301.00 1320.81 0.000000 ---
40201.00 1320.62 0.000000 ---
40101.00 1320.42 0.000000 ---
40001.00 1320.22 0.000000 ---
39901.00 1320.03 0.000000 ---
39801.00 1319.83 0.000000 ---
39701.00 1319.63 0.000000 ---
39601.00 1319.44 0.000000 ---
39501.00 1319.24 0.000000 ---
39401.00 1319.04 0.000000 ---
39301.00 1318.85 0.000000 ---
39201.00 1318.65 0.000000 ---
39101.00 1318.45 0.000000 ---
39001.00 1318.25 0.000000 ---
38901.00 1318.06 0.000000 ---
38801.00 1317.86 0.000000 ---
38701.00 1317.66 0.000000 ---
38601.00 1317.47 0.000000 ---
38501.00 1317.27 0.000000 ---
38401.00 1317.07 0.000000 ---
38301.00 1316.87 0.000000 ---
38201.00 1316.68 0.000000 ---
38101.00 1316.48 0.000000 ---
38001.00 1316.28 0.000000 ---
37901.00 1316.08 0.000000 ---
37801.00 1315.89 0.000000 ---
37701.00 1315.69 0.000000 ---
37601.00 1315.49 0.000000 ---
37501.00 1315.29 0.000000 ---
37401.00 1315.09 0.000000 ---
37301.00 1314.90 0.000000 ---
37201.00 1314.70 0.000000 ---
37101.00 1314.50 0.000000 ---
37001.00 1314.30 0.000000 ---
36901.00 1314.10 0.000000 ---
36801.00 1313.91 0.000000 ---
36701.00 1313.71 0.000000 ---
36601.00 1313.51 0.000000 ---
36501.00 1313.31 0.000000 ---
36401.00 1313.11 0.000000 ---
36301.00 1312.91 0.000000 ---
36201.00 1312.71 0.000000 ---
36101.00 1312.52 0.000000 ---
36001.00 1312.32 0.000000 ---
35901.00 1312.12 0.000000 ---
35801.00 1311.92 0.000000 ---
35701.00 1311.72 0.000000 ---
35601.00 1311.52 0.000000 ---
35501.00 1311.32 0.000000 ---
35401.00 1311.12 0.000000 ---
35301.00 1310.92 0.000000 ---
35201.00 1310.72 0.000000 ---
35101.00 1310.52 0.000000 ---
35001.00 1310.32 0.000000 ---
34901.00 1310.12 0.000000 ---
34801.00 1309.92 0.000000 ---
34701.00 1309.72 0.000000 ---
34601.00 1309.52 0.000000 ---
34501.00 1309.32 0.000000 ---
34401.00 1309.12 0.000000 ---
34301.00 1308.92 0.000000 ---
34201.00 1308.72 0.000000 ---
34101.00 1308.52 0.000000 ---
34001.00 1308.32 0.000000 ---
33901.00 1308.12 0.000000 ---
33801.00 1307.92 0.000000 ---
33701.00 1307.72 0.000000 ---
33601.00 1307.52 0.000000 ---
33501.00 1307.31 0.000000 ---
33401.00 1307.11 0.000000 ---
33301.00 1306.91 0.000000 ---
33201.00 1306.71 0.000000 ---
33101.00 1306.51 0.000000 ---
33001.00 1306.31 0.000000 ---
32901.00 1306.10 0.000000 ---
32801.00 1305.90 0.000000 ---
32701.00 1305.70 0.000000 ---
32601.00 1305.50 0.000000 ---
32501.00 1305.29 0.000000 ---
32401.00 1305.09 0.000000 ---
32301.00 1304.89 0.000000 ---
32201.00 1304.69 0.000000 ---
32101.00 1304.48 0.000000 ---
32001.00 1304.28 0.000000 ---
31901.00 1304.08 0.000000 ---
31801.00 1303.87 0.000000 ---
31701.00 1303.67 0.000000 ---
31601.00 1303.47 0.000000 ---
31501.00 1303.26 0.000000 ---
31401.00 1303.06 0.000000 ---
31301.00 1302.85 0.000000 ---
31201.00 1302.65 0.000000 ---
31101.00 1302.44 0.000000 ---
31001.00 1302.24 0.000000 ---
30901.00 1302.03 0.000000 ---
30801.00 1301.83 0.000000 ---
30701.00 1301.62 0.000000 ---
30601.00 1301.42 0.000000 ---
30501.00 1301.21 0.000000 ---
30401.00 1301.01 0.000000 ---
30301.00 1300.80 0.000000 ---
30201.00 1300.59 0.000000 ---
30101.00 1300.39 0.000000 ---
30001.00 1300.18 0.000000 ---
29901.00 1299.97 0.000000 ---
29801.00 1299.77 0.000000 ---
29701.00 1299.56 0.000000 ---
29601.00 1299.35 0.000000 ---
29501.00 1299.14 0.000000 ---
29401.00 1298.93 0.000000 ---
29301.00 1298.73 0.000000 ---
29201.00 1298.52 0.000000 ---
29101.00 1298.31 0.000000 ---
29001.00 1298.10 0.000000 ---
28901.00 1297.89 0.000000 ---
28801.00 1297.68 0.000000 ---
28701.00 1297.47 0.000000 ---
28601.00 1297.26 0.000000 ---
28501.00 1297.05 0.000000 ---
28401.00 1296.84 0.000000 ---
28301.00 1296.63 0.000000 ---
28201.00 1296.42 0.000000 ---
28101.00 1296.21 0.000000 ---
28001.00 1296.00 0.000000 ---
27901.00 1295.78 0.000000 ---
27801.00 1295.57 0.000000 ---
27701.00 1295.36 0.000000 ---
27601.00 1295.15 0.000000 ---
27501.00 1294.93 0.000000 ---
27401.00 1294.72 0.000000 ---
27301.00 1294.51 0.000000 ---
27201.00 1294.29 0.000000 ---
27101.00 1294.08 0.000000 ---
27001.00 1293.86 0.000000 ---
26901.00 1293.65 0.000000 ---
26801.00 1293.43 0.000000 ---
26701.00 1293.22 0.000000 ---
26601.00 1293.00 0.000000 ---
26501.00 1292.78 0.000000 ---
26401.00 1292.57 0.000000 ---
26301.00 1292.35 0.000000 ---
26201.00 1292.13 0.000000 ---
26101.00 1291.91 0.000000 ---
26001.00 1291.69 0.000000 ---
25901.00 1291.47 0.000000 ---
25801.00 1291.25 0.000000 ---
25701.00 1291.03 0.000000 ---
25601.00 1290.81 0.000000 ---
25501.00 1290.59 0.000000 ---
25401.00 1290.37 0.000000 ---
25301.00 1290.15 0.000000 ---
25201.00 1289.93 0.000000 ---
25101.00 1289.70 0.000000 ---
25001.00 1289.48 0.000000 ---
24901.00 1289.25 0.000000 ---
24801.00 1289.03 0.000000 ---
24701.00 1288.80 0.000000 ---
24601.00 1288.58 0.000000 ---
24501.00 1288.35 0.000000 ---
24401.00 1288.13 0.000000 ---
24301.00 1287.90 0.000000 ---
24201.00 1287.67 0.000000 ---
24101.00 1287.44 0.000000 ---
24001.00 1287.21 0.000000 ---
23901.00 1286.98 0.000000 ---
23801.00 1286.75 0.000000 ---
23701.00 1286.52 0.000000 ---
23601.00 1286.29 0.000000 ---
23501.00 1286.05 0.000000 ---
23401.00 1285.82 0.000000 ---
23301.00 1285.58 0.000000 ---
23201.00 1285.35 0.000000 ---
23101.00 1285.11 0.000000 ---
23001.00 1284.88 0.000000 ---
22901.00 1284.64 0.000000 ---
22801.00 1284.40 0.000000 ---
22701.00 1284.16 0.000000 ---
22601.00 1283.92 0.000000 ---
22501.00 1283.68 0.000000 ---
22401.00 1283.43 0.000000 ---
22301.00 1283.19 0.000000 ---
22201.00 1282.95 0.000000 ---
22101.00 1282.70 0.000000 ---
22001.00 1282.45 0.000000 ---
21901.00 1282.21 0.000000 ---
21801.00 1281.96 0.000000 ---
21701.00 1281.71 0.000000 ---
21601.00 1281.45 0.000000 ---
21501.00 1281.20 0.000000 ---
21401.00 1280.95 0.000000 ---
21301.00 1280.69 0.000000 ---
21201.00 1280.43 0.000000 ---
21101.00 1280.18 0.000000 ---
21001.00 1279.92 0.000000 ---
20901.00 1279.65 0.000000 ---
20801.00 1279.39 0.000000 ---
20701.00 1279.13 0.000000 ---
20601.00 1278.86 0.000000 ---
20501.00 1278.59 0.000000 ---
20401.00 1278.32 0.000000 ---
20301.00 1278.05 0.000000 ---
20201.00 1277.77 0.000000 ---
20101.00 1277.50 0.000000 ---
20001.00 1277.22 0.000000 ---
19901.00 1276.94 0.000000 ---
19801.00 1276.66 0.000000 ---
19701.00 1276.37 0.000000 ---
19601.00 1276.08 0.000000 ---
19501.00 1275.79 0.000000 ---
19401.00 1275.50 0.000000 ---
19301.00 1275.20 0.000000 ---
19201.00 1274.90 0.000000 ---
19101.00 1274.60 0.000000 ---
19001.00 1274.29 0.000000 ---
18901.00 1273.98 0.000000 ---
18801.00 1273.67 0.000000 ---
18701.00 1273.49 0.000000 ---
18601.00 1273.31 0.000000 ---
18501.00 1273.13 0.000000 ---
18401.00 1272.95 0.000000 ---
18301.00 1272.77 0.000000 ---
18201.00 1272.58 0.000000 ---
18101.00 1272.40 0.000000 ---
18001.00 1272.22 0.000000 ---
17901.00 1272.04 0.000000 ---
17801.00 1271.86 0.000000 ---
17701.00 1271.67 0.000000 ---
17601.00 1271.49 0.000000 ---
17501.00 1271.31 0.000000 ---
17401.00 1271.13 0.000000 ---
17301.00 1270.95 0.000000 ---
17201.00 1270.77 0.000000 ---
17101.00 1270.58 0.000000 ---
17001.00 1270.40 0.000000 ---
16901.00 1270.22 0.000000 ---
16801.00 1270.04 0.000000 ---
16701.00 1269.86 0.000000 ---
16601.00 1269.68 0.000000 ---
16501.00 1269.49 0.000000 ---
16401.00 1269.31 0.000000 ---
16301.00 1269.13 0.000000 ---
16201.00 1268.95 0.000000 ---
16101.00 1268.77 0.000000 ---
16001.00 1268.59 0.000000 ---
15901.00 1268.40 0.000000 ---
15801.00 1268.22 0.000000 ---
15701.00 1268.04 0.000000 ---
15601.00 1267.86 0.000000 ---
15501.00 1267.68 0.000000 ---
15401.00 1267.49 0.000000 ---
15301.00 1267.31 0.000000 ---
15201.00 1267.13 0.000000 ---
15101.00 1266.95 0.000000 ---
15001.00 1266.77 0.000000 ---
14901.00 1266.59 0.000000 ---
14801.00 1266.40 0.000000 ---
14701.00 1266.22 0.000000 ---
14601.00 1266.04 0.000000 ---
14501.00 1265.86 0.000000 ---
14401.00 1265.68 0.000000 ---
14301.00 1265.50 0.000000 ---
14201.00 1265.31 0.000000 ---
14101.00 1265.13 0.000000 ---
14001.00 1264.95 0.000000 ---
13901.00 1264.77 0.000000 ---
13801.00 1264.59 0.000000 ---
13701.00 1264.40 0.000000 ---
13601.00 1264.22 0.000000 ---
13501.00 1264.04 0.000000 ---
13401.00 1263.86 0.000000 ---
13301.00 1263.68 0.000000 ---
13201.00 1263.50 0.000000 ---
13101.00 1263.31 0.000000 ---
13001.00 1263.13 0.000000 ---
12901.00 1262.95 0.000000 ---
12801.00 1262.77 0.000000 ---
12701.00 1262.59 0.000000 ---
12601.00 1262.40 0.000000 ---
12501.00 1262.22 0.000000 ---
12401.00 1262.04 0.000000 ---
12301.00 1261.86 0.000000 ---
12201.00 1261.68 0.000000 ---
12101.00 1261.50 0.000000 ---
12001.00 1261.26 0.012740 52.8566 0.623945 18.7627 0.083179 0.301319 4.13698 0.0148462 7.90862 0.00808812 4.15393 11.1497
11901.00 1260.93 0.052061 52.9163 0.622898 18.7736 0.0843846 0.296457 4.13024 0.0146463 7.90917 0.00797608 4.20652 11.0378
11801.00 1260.60 0.092013 52.9754 0.621895 18.7841 0.0856219 0.291637 4.1237 0.0144479 7.91002 0.00786493 4.25999 10.9253
11701.00 1260.27 0.132623 53.0339 0.620936 18.7943 0.086892 0.286858 4.11737 0.0142509 7.91115 0.00775465 4.31434 10.8123
11601.00 1259.93 0.173915 53.0917 0.620023 18.8042 0.0881962 0.282121 4.11125 0.0140555 7.91257 0.00764525 4.3696 10.6987
11501.00 1259.60 0.215918 53.1488 0.619156 18.8137 0.0895357 0.277425 4.10534 0.0138615 7.91428 0.00753672 4.42578 10.5846
11401.00 1259.26 0.258660 53.2053 0.618334 18.8229 0.0909119 0.272771 4.09965 0.013669 7.9163 0.00742907 4.48291 10.4699
11301.00 1258.92 0.302172 53.261 0.61756 18.8317 0.0923262 0.268159 4.09418 0.013478 7.91861 0.0073223 4.541 10.3547
11201.00 1258.57 0.346487 53.316 0.616832 18.8401 0.09378 0.263589 4.08893 0.0132884 7.92123 0.00721639 4.60006 10.2389
11101.00 1258.23 0.391637 53.3703 0.616153 18.8483 0.0952747 0.259061 4.08391 0.0131004 7.92415 0.00711136 4.66012 10.1226
11001.00 1257.88 0.437659 53.4238 0.615521 18.856 0.096812 0.254575 4.07911 0.0129138 7.92738 0.00700719 4.7212 10.0057
10901.00 1257.53 0.484591 53.4765 0.614938 18.8634 0.0983935 0.250133 4.07455 0.0127286 7.93092 0.00690388 4.78332 9.88826
10801.00 1257.18 0.532471 53.5284 0.614405 18.8703 0.100021 0.245733 4.07023 0.0125449 7.93477 0.00680144 4.84649 9.77027
10701.00 1256.83 0.581342 53.5795 0.613921 18.8769 0.101696 0.241376 4.06614 0.0123627 7.93893 0.00669986 4.91074 9.65173
10601.00 1256.47 0.631249 53.6297 0.613488 18.8832 0.103421 0.237062 4.06229 0.012182 7.94341 0.00659913 4.97608 9.53264
10501.00 1256.11 0.682236 53.679 0.613106 18.889 0.105197 0.232791 4.05869 0.0120027 7.9482 0.00649927 5.04254 9.41301
10401.00 1255.75 0.734355 53.7274 0.612774 18.8944 0.107026 0.228565 4.05534 0.0118248 7.95331 0.00640025 5.11013 9.29283
10301.00 1255.39 0.787657 53.7749 0.612495 18.8994 0.108911 0.224382 4.05223 0.0116484 7.95874 0.00630209 5.17887 9.17211
10201.00 1255.02 0.842198 53.8215 0.612267 18.904 0.110854 0.220243 4.04937 0.0114735 7.96447 0.00620477 5.24878 9.05085
10101.00 1254.65 0.898035 53.8671 0.612092 18.9082 0.112857 0.216149 4.04677 0.0113 7.97053 0.0061083 5.31988 8.92906
10001.00 1254.28 0.955230 53.9117 0.61197 18.9119 0.114923 0.2121 4.04443 0.011128 7.97689 0.00601267 5.39219 8.80674
9901.00 1253.90 1.013849 53.9553 0.611901 18.9152 0.117053 0.208095 4.04234 0.0109573 7.98357 0.00591789 5.46573 8.6839
9801.00 1253.52 1.061196 53.9979 0.611887 18.9181 0.119251 0.204133 4.04052 0.0107882 7.99057 0.00582394 5.54055 8.5605
9701.00 1253.13 1.061270 54.0392 0.611935 18.9205 0.121519 0.200201 4.03905 0.0106205 7.998 0.00573087 5.61678 8.43639
9601.00 1252.75 1.061361 54.0794 0.612047 18.9225 0.123861 0.1963 4.03793 0.0104543 8.00584 0.00563866 5.69446 8.31154
9501.00 1252.36 1.061472 54.1183 0.612223 18.9241 0.12628 0.192429 4.03717 0.0102895 8.01411 0.00554731 5.77362 8.18596
9401.00 1251.97 1.061604 54.1559 0.612465 18.9252 0.128779 0.18859 4.03677 0.0101262 8.02281 0.00545682 5.8543 8.05964
9301.00 1251.58 1.061756 54.1921 0.612774 18.9258 0.131362 0.184781 4.03675 0.00996436 8.03195 0.00536719 5.93653 7.93258
9201.00 1251.19 1.061932 54.227 0.613153 18.926 0.134032 0.181005 4.03711 0.00980396 8.04151 0.0052784 6.02034 7.80478
9101.00 1250.80 1.062132 54.2605 0.613602 18.9257 0.136792 0.17726 4.03786 0.00964501 8.05152 0.00519046 6.10576 7.67623
9001.00 1250.40 1.062358 54.2925 0.614124 18.9248 0.139647 0.173547 4.03901 0.00948749 8.06196 0.00510336 6.19284 7.54694
8901.00 1250.00 1.062610 54.323 0.614719 18.9235 0.142602 0.169866 4.04056 0.00933141 8.07285 0.0050171 6.28161 7.41689
8801.00 1249.60 1.062892 54.3521 0.615389 18.9217 0.145659 0.166219 4.04252 0.00917675 8.08417 0.00493167 6.37209 7.2861
8701.00 1249.20 1.063204 54.3795 0.616136 18.9193 0.148825 0.162605 4.0449 0.00902351 8.09594 0.00484707 6.46433 7.15456
8601.00 1248.79 1.063549 54.4054 0.616961 18.9165 0.152103 0.159025 4.0477 0.00887169 8.10814 0.00476329 6.55835 7.02227
8501.00 1248.38 1.063928 54.4296 0.617867 18.913 0.155498 0.155478 4.05094 0.00872127 8.12078 0.00468034 6.6542 6.88924
8401.00 1247.97 1.064344 54.4521 0.618854 18.9091 0.159016 0.151966 4.05462 0.00857226 8.13386 0.00459821 6.75191 6.75548
8301.00 1247.55 1.064800 54.4729 0.619923 18.9045 0.162662 0.14849 4.05874 0.00842465 8.14736 0.00451688 6.8515 6.62098
8201.00 1247.13 1.065297 54.4919 0.621078 18.8994 0.166441 0.145049 4.06331 0.00827842 8.16129 0.00443637 6.95301 6.48576
8101.00 1246.71 1.065839 54.5092 0.622318 18.8937 0.17036 0.141644 4.06834 0.00813359 8.17564 0.00435666 7.05647 6.34983
8001.00 1246.29 1.066428 54.5246 0.623646 18.8874 0.174423 0.138275 4.07384 0.00799013 8.1904 0.00427775 7.16191 6.21319
7901.00 1245.86 1.067067 54.5382 0.625062 18.8806 0.178638 0.134944 4.0798 0.00784805 8.20555 0.00419964 7.26936 6.07587
7801.00 1245.43 1.067761 54.5498 0.626568 18.8731 0.18301 0.131651 4.08623 0.00770734 8.2211 0.00412233 7.37883 5.93788
7701.00 1244.99 1.068512 54.5595 0.628166 18.865 0.187547 0.128396 4.09313 0.007568 8.23702 0.0040458 7.49036 5.79923
7601.00 1244.55 1.069325 54.5673 0.629854 18.8563 0.192255 0.125181 4.1005 0.00743002 8.2533 0.00397006 7.60396 5.65996
7501.00 1244.10 1.070204 54.5731 0.631636 18.8469 0.197141 0.122006 4.10835 0.0072934 8.26991 0.00389511 7.71965 5.52008
7401.00 1243.65 1.071153 54.5769 0.63351 18.837 0.202212 0.118872 4.11667 0.00715813 8.28685 0.00382093 7.83744 5.37963
7301.00 1243.19 1.072178 54.5786 0.635478 18.8263 0.207474 0.11578 4.12546 0.00702422 8.30409 0.00374754 7.95734 5.23864
7201.00 1242.73 1.073284 54.5784 0.637539 18.8151 0.212937 0.11273 4.13471 0.00689165 8.3216 0.00367492 8.07936 5.09714
7101.00 1242.27 1.074477 54.576 0.639692 18.8031 0.218606 0.109724 4.14443 0.00676043 8.33935 0.00360307 8.20349 4.95518
7001.00 1241.79 1.075763 54.5717 0.641938 18.7905 0.22449 0.106762 4.15459 0.00663056 8.35732 0.003532 8.32973 4.8128
6901.00 1241.32 1.077149 54.5653 0.644275 18.7773 0.230595 0.103847 4.16519 0.00650204 8.37546 0.0034617 8.45806 4.67006
6801.00 1240.83 1.078642 54.5568 0.6467 18.7634 0.236929 0.100978 4.17622 0.00637486 8.39374 0.00339217 8.58847 4.527
6701.00 1240.34 1.080251 54.5463 0.649213 18.7488 0.243499 0.0981566 4.18766 0.00624903 8.41212 0.0033234 8.72092 4.3837
6601.00 1239.84 1.081985 54.5339 0.651809 18.7336 0.250311 0.0953846 4.19949 0.00612455 8.43055 0.00325541 8.85538 4.24022
6501.00 1239.33 1.083853 54.5195 0.654485 18.7177 0.257373 0.092663 4.21168 0.00600143 8.44898 0.00318819 8.9918 4.09663
6401.00 1238.81 1.085866 54.5032 0.657237 18.7012 0.26469 0.089993 4.2242 0.00587967 8.46735 0.00312174 9.13012 3.95301
6301.00 1238.29 1.088035 54.485 0.660058 18.6841 0.272269 0.087376 4.23704 0.00575927 8.48562 0.00305607 9.27028 3.80946
6201.00 1237.75 1.090373 54.4651 0.662943 18.6663 0.280113 0.0848134 4.25014 0.00564025 8.50371 0.00299117 9.41219 3.66607
6101.00 1237.21 1.092893 54.4435 0.665883 18.6479 0.288228 0.0823066 4.26348 0.00552261 8.52156 0.00292706 9.55577 3.52294
6001.00 1236.65 1.095610 54.4203 0.66887 18.6289 0.296616 0.0798572 4.27699 0.00540636 8.5391 0.00286373 9.70091 3.38018
5901.00 1236.09 1.098541 54.3957 0.671893 18.6093 0.305279 0.0774666 4.29064 0.00529153 8.55626 0.00280119 9.84748 3.23791
5801.00 1235.51 1.101703 54.3698 0.674939 18.5891 0.31422 0.0751364 4.30436 0.00517811 8.57295 0.00273945 9.99535 3.09627
5701.00 1234.92 1.105116 54.3427 0.677995 18.5684 0.323437 0.0728683 4.31809 0.00506613 8.58909 0.00267852 10.1444 2.95537
5601.00 1234.31 1.108801 54.3146 0.681045 18.5471 0.332928 0.0706639 4.33175 0.00495561 8.60459 0.00261839 10.2943 2.81538
5501.00 1233.69 1.112781 54.2857 0.684071 18.5254 0.342689 0.0685249 4.34528 0.00484657 8.61937 0.00255909 10.4451 2.67645
5401.00 1233.05 1.117081 54.2563 0.687052 18.5032 0.352715 0.0664531 4.35857 0.00473903 8.63332 0.00250062 10.5965 2.53873
5301.00 1232.40 1.121728 54.2265 0.689966 18.4805 0.362997 0.0644504 4.37155 0.00463301 8.64634 0.002443 10.7481 2.40241
5201.00 1231.73 1.126753 54.1968 0.692787 18.4575 0.373526 0.0625185 4.3841 0.00452856 8.65834 0.00238624 10.8999 2.26767
5101.00 1231.04 1.132186 54.1673 0.695487 18.434 0.384288 0.0606595 4.39613 0.00442569 8.66922 0.00233035 11.0515 2.1347
5001.00 1230.33 1.138063 54.1384 0.698033 18.4102 0.395266 0.0588752 4.40751 0.00432444 8.67885 0.00227535 11.2026 2.0037
4901.00 1229.59 1.144417 54.1105 0.700391 18.386 0.406443 0.0571679 4.41811 0.00422486 8.68715 0.00222126 11.3529 1.8749
4801.00 1228.83 1.151288 54.084 0.702522 18.3616 0.417796 0.0555398 4.4278 0.00412698 8.69398 0.0021681 11.502 1.74851
4701.00 1228.05 1.158713 54.0593 0.704382 18.3369 0.429299 0.0539931 4.43643 0.00403085 8.69925 0.00211588 11.6496 1.62478
4601.00 1227.24 1.166730 54.0369 0.705926 18.3119 0.440922 0.0525304 4.44386 0.00393653 8.70284 0.00206465 11.7952 1.50397
4501.00 1226.39 1.175376 54.0173 0.707102 18.2867 0.452634 0.0511543 4.44992 0.00384406 8.70463 0.00201441 11.9384 1.38632
4401.00 1225.52 1.184682 54.001 0.707857 18.2613 0.464396 0.0498676 4.45443 0.00375351 8.70452 0.00196521 12.0788 1.27212
4301.00 1224.61 1.194674 53.9887 0.708132 18.2357 0.476168 0.0486733 4.45724 0.00366496 8.7024 0.00191708 12.2158 1.16164
4201.00 1223.67 1.205365 53.9809 0.707864 18.2098 0.487906 0.0475747 4.45815 0.00357847 8.69817 0.00187004 12.349 1.0552
4101.00 1222.68 1.216752 53.9784 0.706991 18.1836 0.499562 0.0465752 4.45698 0.00349413 8.69171 0.00182416 12.4777 0.953083
4001.00 1221.66 1.228808 53.9819 0.705445 18.1572 0.511085 0.0456785 4.45355 0.00341204 8.68295 0.00177946 12.6014 0.855608
3901.00 1220.59 1.241471 53.9919 0.703161 18.1304 0.522422 0.0448885 4.44769 0.00333228 8.67179 0.001736 12.7195 0.76308
3801.00 1219.47 1.254640 54.0094 0.700074 18.1031 0.533517 0.044209 4.43924 0.00325499 8.65817 0.00169384 12.8315 0.675801
3701.00 1218.31 1.268158 54.0349 0.696124 18.0753 0.544316 0.0436438 4.42804 0.00318027 8.64203 0.00165304 12.9368 0.594054
3601.00 1217.10 1.281806 54.0692 0.691259 18.0467 0.554766 0.0431966 4.41398 0.00310825 8.62337 0.00161366 13.0347 0.518095
3501.00 1215.84 1.295293 54.1129 0.685438 18.0171 0.564815 0.0428705 4.39698 0.00303906 8.60217 0.00157577 13.125 0.448133
3401.00 1214.54 1.308260 54.1665 0.678635 17.9864 0.574419 0.0426678 4.37702 0.00297285 8.57848 0.00153945 13.2071 0.384317
3301.00 1213.18 1.320281 54.2304 0.670842 17.9542 0.583539 0.0425896 4.35413 0.00290976 8.55238 0.00150476 13.2808 0.326721
3201.00 1211.79 1.330884 54.3049 0.662073 17.9202 0.592149 0.0426356 4.32841 0.00284991 8.52402 0.00147177 13.346 0.275324
3101.00 1210.36 1.339584 54.39 0.652366 17.8841 0.600229 0.0428036 4.30002 0.00279344 8.49356 0.00144057 13.4027 0.230005
3001.00 1208.89 1.345915 54.4856 0.64178 17.8455 0.607773 0.0430893 4.26921 0.00274045 8.46123 0.00141119 13.4512 0.190536
2901.00 1207.41 1.349482 54.5913 0.630397 17.804 0.614785 0.0434862 4.23628 0.00269103 8.42732 0.0013837 13.4918 0.156589
2801.00 1205.90 1.349993 54.7068 0.618314 17.7592 0.621278 0.0439856 4.20158 0.00264526 8.39212 0.00135814 13.525 0.12775
2701.00 1204.39 1.347290 54.8312 0.605643 17.7108 0.627271 0.044577 4.16548 0.00260318 8.35595 0.00133454 13.5515 0.103544
2601.00 1202.88 1.341356 54.964 0.592501 17.6585 0.632789 0.0452483 4.12838 0.00256483 8.31915 0.0013129 13.5721 0.0834534
2501.00 1201.37 1.332311 55.1044 0.579006 17.6019 0.637858 0.0459863 4.09067 0.00253021 8.28205 0.00129325 13.5874 0.0669511
2401.00 1199.89 1.320388 55.2514 0.565274 17.5408 0.642503 0.0467772 4.05272 0.00249933 8.24497 0.00127558 13.5982 0.0535223
2301.00 1198.44 1.305902 55.4045 0.551415 17.4749 0.646746 0.0476073 4.01485 0.00247216 8.2082 0.00125987 13.6053 0.042683
2201.00 1197.01 1.289219 55.5628 0.537529 17.4042 0.650609 0.0484629 3.97735 0.00244869 8.17199 0.00124613 13.6094 0.0339944
2101.00 1195.63 1.270731 55.7258 0.523708 17.3284 0.65411 0.0493314 3.94049 0.00242888 8.13659 0.00123433 13.6109 0.0270688
2001.00 1194.29 1.250828 55.8928 0.510034 17.2474 0.657265 0.0502007 3.90446 0.00241272 8.10219 0.00122445 13.6104 0.021573
1901.00 1192.99 1.229888 56.0634 0.49658 17.1613 0.660088 0.0510601 3.86943 0.00240016 8.06897 0.00121647 13.6083 0.0172256
1801.00 1191.75 1.208265 56.2371 0.483407 17.07 0.662592 0.0519001 3.83554 0.00239119 8.03707 0.00121038 13.605 0.0137938
1701.00 1190.55 1.186286 56.4135 0.470571 16.9735 0.664793 0.0527123 3.80288 0.00238576 8.00662 0.00120615 13.6007 0.0110872
1601.00 1189.41 1.164245 56.5924 0.458114 16.8719 0.666704 0.0534897 3.77154 0.00238385 7.9777 0.00120377 13.5957 0.00895236
1501.00 1188.32 1.142408 56.7733 0.446072 16.7652 0.668343 0.0542265 3.74154 0.00238541 7.95039 0.00120319 13.5901 0.0072666
1401.00 1187.29 1.121007 56.9561 0.434471 16.6535 0.669725 0.0549181 3.71293 0.00239042 7.92475 0.00120441 13.584 0.00593279
1301.00 1186.30 1.100237 57.1406 0.423325 16.537 0.67087 0.0555612 3.6857 0.00239882 7.90082 0.00120738 13.5776 0.00487441
1201.00 1185.37 1.080260 57.3266 0.412645 16.4158 0.671795 0.0561534 3.65986 0.00241058 7.87862 0.00121209 13.5709 0.00403154
1101.00 1184.48 1.061204 57.5139 0.402428 16.29 0.672519 0.0566932 3.63539 0.00242565 7.85817 0.00121851 13.564 0.0033574
1001.00 1183.64 1.043157 57.7023 0.392668 16.1598 0.67306 0.0571801 3.61227 0.00244399 7.83948 0.0012266 13.5567 0.0028156
901.00 1182.84 1.026176 57.8918 0.383353 16.0254 0.673436 0.0576143 3.59046 0.00246557 7.82253 0.00123635 13.5492 0.00237781
801.00 1182.07 1.010289 58.0823 0.374464 15.887 0.673663 0.0579966 3.56994 0.00249036 7.80733 0.00124774 13.5415 0.00202204
701.00 1181.35 0.995494 58.2737 0.36598 15.7447 0.673757 0.0583284 3.55065 0.00251833 7.79387 0.00126074 13.5335 0.00173119
601.00 1180.66 0.981772 58.4659 0.35788 15.5987 0.673731 0.0586113 3.53258 0.00254947 7.78211 0.00127534 13.5251 0.00149193
501.00 1180.00 0.969084 58.6589 0.350139 15.4491 0.673598 0.0588475 3.51568 0.00258379 7.77207 0.00129155 13.5165 0.00129389
401.00 1179.37 0.957381 58.8527 0.342733 15.296 0.673371 0.0590392 3.49991 0.0026213 7.76372 0.00130936 13.5075 0.00112891
301.00 1178.77 0.946605 59.0471 0.335638 15.1395 0.673058 0.0591888 3.48525 0.00266204 7.75705 0.00132878 13.4982 0.000990629
201.00 1178.19 0.936696 59.2423 0.328832 14.9798 0.67267 0.0592988 3.47166 0.00270604 7.75205 0.00134984 13.4884 0.000873999
101.00 1177.63 0.927591 59.4382 0.322293 14.8169 0.672216 0.0593717 3.45912 0.00275339 7.74873 0.00137257 13.4783 0.000775036
1.00 1177.09 0.919228 59.6348 0.316 14.6508 0.671704 0.0594101 3.4476 0.00280416 7.74708 0.00139699 13.4677 0.000690569