Title: Depleted MORB Mantle of Workmann & Hart 2005

Phase Masses:
Pressure Temperature mass liquid_0 olivine_0 garnet_0 orthopyroxene_0 clinopyroxene_0 feldspar_0 spinel_0 
44001.00 1328.06 100.138999 0.000000 59.086772 13.369693 13.862709 12.787365 0.000000 1.032460 
43901.00 1327.86 100.138999 0.000000 59.086060 13.360541 13.870688 12.788467 0.000000 1.033244 
43801.00 1327.67 100.138999 0.000000 59.085341 13.351325 13.878712 12.789586 0.000000 1.034035 
43701.00 1327.47 100.138999 0.000000 59.084617 13.342044 13.886782 12.790725 0.000000 1.034831 
43601.00 1327.28 100.138999 0.000000 59.083887 13.332698 13.894898 12.791881 0.000000 1.035634 
43501.00 1327.08 100.138999 0.000000 59.083151 13.323286 13.903061 12.793057 0.000000 1.036444 
43401.00 1326.89 100.138999 0.000000 59.082409 13.313808 13.911272 12.794251 0.000000 1.037260 
43301.00 1326.69 100.138999 0.000000 59.081661 13.304262 13.919530 12.795464 0.000000 1.038082 
43201.00 1326.50 100.138999 0.000000 59.080907 13.294648 13.927837 12.796696 0.000000 1.038912 
43101.00 1326.30 100.138999 0.000000 59.080146 13.284966 13.936191 12.797948 0.000000 1.039748 
43001.00 1326.10 100.138999 0.000000 59.079379 13.275214 13.944595 12.799220 0.000000 1.040591 
42901.00 1325.91 100.138999 0.000000 59.078605 13.265393 13.953049 12.800511 0.000000 1.041441 
42801.00 1325.71 100.138999 0.000000 59.077825 13.255501 13.961552 12.801822 0.000000 1.042298 
42701.00 1325.52 100.138999 0.000000 59.077038 13.245538 13.970106 12.803154 0.000000 1.043163 
42601.00 1325.32 100.138999 0.000000 59.076245 13.235503 13.978711 12.804506 0.000000 1.044035 
42501.00 1325.13 100.138999 0.000000 59.075444 13.225395 13.987367 12.805879 0.000000 1.044914 
42401.00 1324.93 100.138999 0.000000 59.074637 13.215214 13.996075 12.807273 0.000000 1.045801 
42301.00 1324.73 100.138999 0.000000 59.073823 13.204959 14.004835 12.808687 0.000000 1.046695 
42201.00 1324.54 100.138999 0.000000 59.073001 13.194629 14.013649 12.810123 0.000000 1.047597 
42101.00 1324.34 100.138999 0.000000 59.072172 13.184223 14.022515 12.811581 0.000000 1.048507 
42001.00 1324.15 100.138999 0.000000 59.071336 13.173742 14.031436 12.813060 0.000000 1.049425 
41901.00 1323.95 100.138999 0.000000 59.070492 13.163183 14.040411 12.814562 0.000000 1.050352 
41801.00 1323.76 100.138999 0.000000 59.069641 13.152546 14.049441 12.816085 0.000000 1.051286 
41701.00 1323.56 100.138999 0.000000 59.068782 13.141831 14.058527 12.817631 0.000000 1.052229 
41601.00 1323.36 100.138999 0.000000 59.067915 13.131036 14.067669 12.819200 0.000000 1.053180 
41501.00 1323.17 100.138999 0.000000 59.067040 13.120161 14.076867 12.820792 0.000000 1.054140 
41401.00 1322.97 100.138999 0.000000 59.066157 13.109205 14.086123 12.822407 0.000000 1.055108 
41301.00 1322.78 100.138999 0.000000 59.065266 13.098166 14.095436 12.824045 0.000000 1.056085 
41201.00 1322.58 100.138999 0.000000 59.064366 13.087046 14.104808 12.825707 0.000000 1.057072 
41101.00 1322.38 100.138999 0.000000 59.063458 13.075841 14.114239 12.827393 0.000000 1.058067 
41001.00 1322.19 100.138999 0.000000 59.062542 13.064552 14.123729 12.829103 0.000000 1.059072 
40901.00 1321.99 100.138999 0.000000 59.061617 13.053178 14.133280 12.830838 0.000000 1.060086 
40801.00 1321.79 100.138999 0.000000 59.060683 13.041718 14.142892 12.832597 0.000000 1.061109 
40701.00 1321.60 100.138999 0.000000 59.059740 13.030170 14.152565 12.834382 0.000000 1.062143 
40601.00 1321.40 100.138999 0.000000 59.058788 13.018534 14.162300 12.836191 0.000000 1.063186 
40501.00 1321.21 100.138999 0.000000 59.057827 13.006809 14.172098 12.838027 0.000000 1.064239 
40401.00 1321.01 100.138999 0.000000 59.056856 12.994995 14.181959 12.839888 0.000000 1.065302 
40301.00 1320.81 100.138999 0.000000 59.055876 12.983089 14.191884 12.841775 0.000000 1.066376 
40201.00 1320.62 100.138999 0.000000 59.054886 12.971092 14.201874 12.843688 0.000000 1.067460 
40101.00 1320.42 100.138999 0.000000 59.053886 12.959001 14.211930 12.845628 0.000000 1.068554 
40001.00 1320.22 100.138999 0.000000 59.052876 12.946817 14.222052 12.847595 0.000000 1.069660 
39901.00 1320.03 100.138999 0.000000 59.051856 12.934537 14.232240 12.849590 0.000000 1.070776 
39801.00 1319.83 100.138999 0.000000 59.050825 12.922162 14.242496 12.851612 0.000000 1.071904 
39701.00 1319.63 100.138999 0.000000 59.049784 12.909690 14.252821 12.853661 0.000000 1.073043 
39601.00 1319.44 100.138999 0.000000 59.048733 12.897119 14.263215 12.855739 0.000000 1.074193 
39501.00 1319.24 100.138999 0.000000 59.047670 12.884450 14.273678 12.857846 0.000000 1.075355 
39401.00 1319.04 100.138999 0.000000 59.046597 12.871680 14.284212 12.859981 0.000000 1.076529 
39301.00 1318.85 100.138999 0.000000 59.045512 12.858809 14.294818 12.862145 0.000000 1.077715 
39201.00 1318.65 100.138999 0.000000 59.044416 12.845835 14.305496 12.864339 0.000000 1.078913 
39101.00 1318.45 100.138999 0.000000 59.043309 12.832757 14.316247 12.866563 0.000000 1.080124 
39001.00 1318.25 100.138999 0.000000 59.042189 12.819575 14.327071 12.868817 0.000000 1.081347 
38901.00 1318.06 100.138999 0.000000 59.041058 12.806286 14.337971 12.871101 0.000000 1.082583 
38801.00 1317.86 100.138999 0.000000 59.039914 12.792890 14.348945 12.873416 0.000000 1.083833 
38701.00 1317.66 100.138999 0.000000 59.038758 12.779386 14.359997 12.875763 0.000000 1.085095 
38601.00 1317.47 100.138999 0.000000 59.037590 12.765772 14.371125 12.878141 0.000000 1.086372 
38501.00 1317.27 100.138999 0.000000 59.036408 12.752047 14.382332 12.880550 0.000000 1.087661 
38401.00 1317.07 100.138999 0.000000 59.035214 12.738209 14.393618 12.882992 0.000000 1.088965 
38301.00 1316.87 100.138999 0.000000 59.034006 12.724258 14.404984 12.885467 0.000000 1.090284 
38201.00 1316.68 100.138999 0.000000 59.032785 12.710192 14.416431 12.887975 0.000000 1.091616 
38101.00 1316.48 100.138999 0.000000 59.031550 12.696010 14.427960 12.890516 0.000000 1.092964 
38001.00 1316.28 100.138999 0.000000 59.030301 12.681709 14.439572 12.893091 0.000000 1.094326 
37901.00 1316.08 100.138999 0.000000 59.029038 12.667290 14.451267 12.895700 0.000000 1.095703 
37801.00 1315.89 100.138999 0.000000 59.027761 12.652750 14.463048 12.898344 0.000000 1.097097 
37701.00 1315.69 100.138999 0.000000 59.026469 12.638088 14.474915 12.901023 0.000000 1.098505 
37601.00 1315.49 100.138999 0.000000 59.025162 12.623302 14.486868 12.903737 0.000000 1.099930 
37501.00 1315.29 100.138999 0.000000 59.023839 12.608392 14.498910 12.906487 0.000000 1.101371 
37401.00 1315.09 100.138999 0.000000 59.022502 12.593354 14.511041 12.909273 0.000000 1.102829 
37301.00 1314.90 100.138999 0.000000 59.021148 12.578189 14.523262 12.912096 0.000000 1.104304 
37201.00 1314.70 100.138999 0.000000 59.019778 12.562894 14.535574 12.914957 0.000000 1.105796 
37101.00 1314.50 100.138999 0.000000 59.018392 12.547468 14.547979 12.917854 0.000000 1.107305 
37001.00 1314.30 100.138999 0.000000 59.016990 12.531909 14.560478 12.920790 0.000000 1.108833 
36901.00 1314.10 100.138999 0.000000 59.015570 12.516215 14.573071 12.923765 0.000000 1.110378 
36801.00 1313.91 100.138999 0.000000 59.014133 12.500384 14.585761 12.926778 0.000000 1.111942 
36701.00 1313.71 100.138999 0.000000 59.012679 12.484416 14.598548 12.929831 0.000000 1.113525 
36601.00 1313.51 100.138999 0.000000 59.011207 12.468308 14.611433 12.932924 0.000000 1.115126 
36501.00 1313.31 100.138999 0.000000 59.009716 12.452058 14.624419 12.936058 0.000000 1.116748 
36401.00 1313.11 100.138999 0.000000 59.008207 12.435665 14.637505 12.939232 0.000000 1.118389 
36301.00 1312.91 100.138999 0.000000 59.006679 12.419127 14.650694 12.942448 0.000000 1.120050 
36201.00 1312.71 100.138999 0.000000 59.005132 12.402441 14.663987 12.945706 0.000000 1.121733 
36101.00 1312.52 100.138999 0.000000 59.003565 12.385606 14.677385 12.949007 0.000000 1.123436 
36001.00 1312.32 100.138999 0.000000 59.001978 12.368621 14.690890 12.952350 0.000000 1.125160 
35901.00 1312.12 100.138999 0.000000 59.000371 12.351482 14.704503 12.955738 0.000000 1.126906 
35801.00 1311.92 100.138999 0.000000 58.998743 12.334187 14.718225 12.959169 0.000000 1.128675 
35701.00 1311.72 100.138999 0.000000 58.997094 12.316736 14.732058 12.962645 0.000000 1.130466 
35601.00 1311.52 100.138999 0.000000 58.995423 12.299125 14.746004 12.966167 0.000000 1.132280 
35501.00 1311.32 100.138999 0.000000 58.993731 12.281353 14.760064 12.969734 0.000000 1.134117 
35401.00 1311.12 100.138999 0.000000 58.992016 12.263417 14.774239 12.973348 0.000000 1.135979 
35301.00 1310.92 100.138999 0.000000 58.990278 12.245316 14.788532 12.977009 0.000000 1.137865 
35201.00 1310.72 100.138999 0.000000 58.988516 12.227046 14.802944 12.980718 0.000000 1.139775 
35101.00 1310.52 100.138999 0.000000 58.986731 12.208605 14.817476 12.984475 0.000000 1.141711 
35001.00 1310.32 100.138999 0.000000 58.984922 12.189991 14.832130 12.988282 0.000000 1.143673 
34901.00 1310.12 100.138999 0.000000 58.983088 12.171203 14.846909 12.992138 0.000000 1.145662 
34801.00 1309.92 100.138999 0.000000 58.981229 12.152236 14.861813 12.996044 0.000000 1.147677 
34701.00 1309.72 100.138999 0.000000 58.979344 12.133089 14.876845 13.000001 0.000000 1.149720 
34601.00 1309.52 100.138999 0.000000 58.977433 12.113759 14.892007 13.004010 0.000000 1.151790 
34501.00 1309.32 100.138999 0.000000 58.975496 12.094243 14.907299 13.008072 0.000000 1.153889 
34401.00 1309.12 100.138999 0.000000 58.973531 12.074539 14.922725 13.012186 0.000000 1.156017 
34301.00 1308.92 100.138999 0.000000 58.971538 12.054644 14.938287 13.016355 0.000000 1.158175 
34201.00 1308.72 100.138999 0.000000 58.969517 12.034556 14.953985 13.020578 0.000000 1.160363 
34101.00 1308.52 100.138999 0.000000 58.967466 12.014271 14.969823 13.024856 0.000000 1.162582 
34001.00 1308.32 100.138999 0.000000 58.965387 11.993786 14.985803 13.029191 0.000000 1.164833 
33901.00 1308.12 100.138999 0.000000 58.963277 11.973099 15.001926 13.033582 0.000000 1.167115 
33801.00 1307.92 100.138999 0.000000 58.961136 11.952206 15.018194 13.038032 0.000000 1.169431 
33701.00 1307.72 100.138999 0.000000 58.958964 11.931105 15.034611 13.042539 0.000000 1.171780 
33601.00 1307.52 100.138999 0.000000 58.956759 11.909792 15.051178 13.047107 0.000000 1.174163 
33501.00 1307.31 100.138999 0.000000 58.954522 11.888264 15.067898 13.051734 0.000000 1.176581 
33401.00 1307.11 100.138999 0.000000 58.952251 11.866518 15.084772 13.056423 0.000000 1.179035 
33301.00 1306.91 100.138999 0.000000 58.949947 11.844550 15.101805 13.061173 0.000000 1.181525 
33201.00 1306.71 100.138999 0.000000 58.947607 11.822357 15.118997 13.065987 0.000000 1.184052 
33101.00 1306.51 100.138999 0.000000 58.945232 11.799935 15.136351 13.070864 0.000000 1.186617 
33001.00 1306.31 100.138999 0.000000 58.942820 11.777282 15.153871 13.075806 0.000000 1.189221 
32901.00 1306.10 100.138999 0.000000 58.940371 11.754392 15.171558 13.080814 0.000000 1.191864 
32801.00 1305.90 100.138999 0.000000 58.937884 11.731263 15.189416 13.085888 0.000000 1.194548 
32701.00 1305.70 100.138999 0.000000 58.935358 11.707891 15.207447 13.091030 0.000000 1.197273 
32601.00 1305.50 100.138999 0.000000 58.932792 11.684271 15.225654 13.096241 0.000000 1.200041 
32501.00 1305.29 100.138999 0.000000 58.930186 11.660400 15.244040 13.101521 0.000000 1.202851 
32401.00 1305.09 100.138999 0.000000 58.927539 11.636274 15.262608 13.106873 0.000000 1.205706 
32301.00 1304.89 100.138999 0.000000 58.924849 11.611887 15.281362 13.112296 0.000000 1.208605 
32201.00 1304.69 100.138999 0.000000 58.922116 11.587238 15.300303 13.117793 0.000000 1.211550 
32101.00 1304.48 100.138999 0.000000 58.919338 11.562319 15.319436 13.123363 0.000000 1.214543 
32001.00 1304.28 100.138999 0.000000 58.916515 11.537129 15.338763 13.129009 0.000000 1.217583 
31901.00 1304.08 100.138999 0.000000 58.913647 11.511661 15.358288 13.134731 0.000000 1.220673 
31801.00 1303.87 100.138999 0.000000 58.910730 11.485911 15.378014 13.140531 0.000000 1.223813 
31701.00 1303.67 100.138999 0.000000 58.907766 11.459874 15.397946 13.146410 0.000000 1.227004 
31601.00 1303.47 100.138999 0.000000 58.904752 11.433545 15.418085 13.152370 0.000000 1.230247 
31501.00 1303.26 100.138999 0.000000 58.901687 11.406920 15.438437 13.158410 0.000000 1.233544 
31401.00 1303.06 100.138999 0.000000 58.898571 11.379993 15.459005 13.164534 0.000000 1.236896 
31301.00 1302.85 100.138999 0.000000 58.895401 11.352759 15.479792 13.170742 0.000000 1.240305 
31201.00 1302.65 100.138999 0.000000 58.892178 11.325213 15.500803 13.177035 0.000000 1.243770 
31101.00 1302.44 100.138999 0.000000 58.888899 11.297349 15.522041 13.183415 0.000000 1.247294 
31001.00 1302.24 100.138999 0.000000 58.885564 11.269161 15.543511 13.189884 0.000000 1.250879 
30901.00 1302.03 100.138999 0.000000 58.882170 11.240644 15.565217 13.196442 0.000000 1.254525 
30801.00 1301.83 100.138999 0.000000 58.878718 11.211792 15.587164 13.203092 0.000000 1.258233 
30701.00 1301.62 100.138999 0.000000 58.875204 11.182598 15.609355 13.209835 0.000000 1.262006 
30601.00 1301.42 100.138999 0.000000 58.871629 11.153057 15.631795 13.216673 0.000000 1.265845 
30501.00 1301.21 100.138999 0.000000 58.867989 11.123162 15.654489 13.223607 0.000000 1.269751 
30401.00 1301.01 100.138999 0.000000 58.864285 11.092907 15.677442 13.230638 0.000000 1.273727 
30301.00 1300.80 100.138999 0.000000 58.860514 11.062285 15.700658 13.237769 0.000000 1.277772 
30201.00 1300.59 100.138999 0.000000 58.856675 11.031289 15.724143 13.245002 0.000000 1.281891 
30101.00 1300.39 100.138999 0.000000 58.852766 10.999913 15.747901 13.252337 0.000000 1.286083 
30001.00 1300.18 100.138999 0.000000 58.848785 10.968148 15.771938 13.259777 0.000000 1.290350 
29901.00 1299.97 100.138999 0.000000 58.844731 10.935988 15.796260 13.267325 0.000000 1.294696 
29801.00 1299.77 100.138999 0.000000 58.840602 10.903426 15.820871 13.274980 0.000000 1.299120 
29701.00 1299.56 100.138999 0.000000 58.836396 10.870452 15.845777 13.282747 0.000000 1.303626 
29601.00 1299.35 100.138999 0.000000 58.832111 10.837061 15.870985 13.290626 0.000000 1.308216 
29501.00 1299.14 100.138999 0.000000 58.827746 10.803243 15.896500 13.298620 0.000000 1.312890 
29401.00 1298.93 100.138999 0.000000 58.823298 10.768990 15.922328 13.306730 0.000000 1.317652 
29301.00 1298.73 100.138999 0.000000 58.818766 10.734294 15.948476 13.314960 0.000000 1.322504 
29201.00 1298.52 100.138999 0.000000 58.814146 10.699146 15.974949 13.323311 0.000000 1.327447 
29101.00 1298.31 100.138999 0.000000 58.809438 10.663536 16.001755 13.331785 0.000000 1.332484 
29001.00 1298.10 100.138999 0.000000 58.804639 10.627457 16.028900 13.340386 0.000000 1.337617 
28901.00 1297.89 100.138999 0.000000 58.799747 10.590898 16.056391 13.349114 0.000000 1.342849 
28801.00 1297.68 100.138999 0.000000 58.794758 10.553850 16.084235 13.357973 0.000000 1.348182 
28701.00 1297.47 100.138999 0.000000 58.789672 10.516302 16.112440 13.366966 0.000000 1.353619 
28601.00 1297.26 100.138999 0.000000 58.784486 10.478245 16.141013 13.376094 0.000000 1.359162 
28501.00 1297.05 100.138999 0.000000 58.779196 10.439669 16.169961 13.385361 0.000000 1.364813 
28401.00 1296.84 100.138999 0.000000 58.773801 10.400562 16.199292 13.394768 0.000000 1.370576 
28301.00 1296.63 100.138999 0.000000 58.768297 10.360913 16.229015 13.404320 0.000000 1.376453 
28201.00 1296.42 100.138999 0.000000 58.762683 10.320712 16.259137 13.414019 0.000000 1.382448 
28101.00 1296.21 100.138999 0.000000 58.756954 10.279947 16.289668 13.423868 0.000000 1.388563 
28001.00 1296.00 100.138999 0.000000 58.751109 10.238605 16.320615 13.433869 0.000000 1.394800 
27901.00 1295.78 100.138999 0.000000 58.745145 10.196675 16.351989 13.444026 0.000000 1.401165 
27801.00 1295.57 100.138999 0.000000 58.739057 10.154144 16.383797 13.454343 0.000000 1.407658 
27701.00 1295.36 100.138999 0.000000 58.732844 10.110999 16.416049 13.464822 0.000000 1.414285 
27601.00 1295.15 100.138999 0.000000 58.726501 10.067228 16.448756 13.475467 0.000000 1.421048 
27501.00 1294.93 100.138999 0.000000 58.720026 10.022816 16.481926 13.486281 0.000000 1.427950 
27401.00 1294.72 100.138999 0.000000 58.713415 9.977750 16.515571 13.497267 0.000000 1.434996 
27301.00 1294.51 100.138999 0.000000 58.706665 9.932015 16.549700 13.508431 0.000000 1.442189 
27201.00 1294.29 100.138999 0.000000 58.699772 9.885596 16.584324 13.519774 0.000000 1.449533 
27101.00 1294.08 100.138999 0.000000 58.692731 9.838480 16.619455 13.531302 0.000000 1.457031 
27001.00 1293.86 100.138999 0.000000 58.685541 9.790649 16.655103 13.543018 0.000000 1.464688 
26901.00 1293.65 100.138999 0.000000 58.678195 9.742089 16.691281 13.554925 0.000000 1.472508 
26801.00 1293.43 100.138999 0.000000 58.670691 9.692782 16.728000 13.567030 0.000000 1.480496 
26701.00 1293.22 100.138999 0.000000 58.663025 9.642713 16.765272 13.579335 0.000000 1.488655 
26601.00 1293.00 100.138999 0.000000 58.655191 9.591863 16.803111 13.591845 0.000000 1.496990 
26501.00 1292.78 100.138999 0.000000 58.647185 9.540215 16.841529 13.604565 0.000000 1.505506 
26401.00 1292.57 100.138999 0.000000 58.639004 9.487750 16.880539 13.617499 0.000000 1.514207 
26301.00 1292.35 100.138999 0.000000 58.630641 9.434451 16.920156 13.630653 0.000000 1.523099 
26201.00 1292.13 100.138999 0.000000 58.622093 9.380297 16.960393 13.644031 0.000000 1.532186 
26101.00 1291.91 100.138999 0.000000 58.613354 9.325268 17.001264 13.657638 0.000000 1.541474 
26001.00 1291.69 100.138999 0.000000 58.604420 9.269345 17.042786 13.671480 0.000000 1.550968 
25901.00 1291.47 100.138999 0.000000 58.595284 9.212505 17.084972 13.685563 0.000000 1.560674 
25801.00 1291.25 100.138999 0.000000 58.585942 9.154728 17.127840 13.699891 0.000000 1.570598 
25701.00 1291.03 100.138999 0.000000 58.576388 9.095991 17.171405 13.714471 0.000000 1.580745 
25601.00 1290.81 100.138999 0.000000 58.566616 9.036270 17.215683 13.729309 0.000000 1.591121 
25501.00 1290.59 100.138999 0.000000 58.556620 8.975543 17.260693 13.744411 0.000000 1.601732 
25401.00 1290.37 100.138999 0.000000 58.546393 8.913785 17.306452 13.759783 0.000000 1.612586 
25301.00 1290.15 100.138999 0.000000 58.535931 8.850970 17.352977 13.775432 0.000000 1.623689 
25201.00 1289.93 100.138999 0.000000 58.525225 8.787073 17.400289 13.791364 0.000000 1.635047 
25101.00 1289.70 100.138999 0.000000 58.514269 8.722067 17.448407 13.807587 0.000000 1.646668 
25001.00 1289.48 100.138999 0.000000 58.503057 8.655924 17.497350 13.824108 0.000000 1.658560 
24901.00 1289.25 100.138999 0.000000 58.491581 8.588617 17.547139 13.840934 0.000000 1.670728 
24801.00 1289.03 100.138999 0.000000 58.479833 8.520114 17.597795 13.858074 0.000000 1.683183 
24701.00 1288.80 100.138999 0.000000 58.467806 8.450387 17.649341 13.875534 0.000000 1.695931 
24601.00 1288.58 100.138999 0.000000 58.455492 8.379403 17.701799 13.893324 0.000000 1.708980 
24501.00 1288.35 100.138999 0.000000 58.442883 8.307131 17.755192 13.911452 0.000000 1.722341 
24401.00 1288.13 100.138999 0.000000 58.429969 8.233537 17.809545 13.929927 0.000000 1.736020 
24301.00 1287.90 100.138999 0.000000 58.416743 8.158587 17.864883 13.948757 0.000000 1.750029 
24201.00 1287.67 100.138999 0.000000 58.403196 8.082244 17.921231 13.967953 0.000000 1.764375 
24101.00 1287.44 100.138999 0.000000 58.389317 8.004473 17.978616 13.987524 0.000000 1.779070 
24001.00 1287.21 100.138999 0.000000 58.375097 7.925234 18.037065 14.007481 0.000000 1.794123 
23901.00 1286.98 100.138999 0.000000 58.360525 7.844488 18.096608 14.027833 0.000000 1.809545 
23801.00 1286.75 100.138999 0.000000 58.345592 7.762194 18.157273 14.048593 0.000000 1.825346 
23701.00 1286.52 100.138999 0.000000 58.330287 7.678310 18.219092 14.069771 0.000000 1.841539 
23601.00 1286.29 100.138999 0.000000 58.314598 7.592792 18.282095 14.091378 0.000000 1.858136 
23501.00 1286.05 100.138999 0.000000 58.298513 7.505595 18.346316 14.113428 0.000000 1.875147 
23401.00 1285.82 100.138999 0.000000 58.282021 7.416670 18.411789 14.135933 0.000000 1.892587 
23301.00 1285.58 100.138999 0.000000 58.265108 7.325970 18.478548 14.158906 0.000000 1.910468 
23201.00 1285.35 100.138999 0.000000 58.247762 7.233443 18.546631 14.182361 0.000000 1.928803 
23101.00 1285.11 100.138999 0.000000 58.229969 7.139036 18.616074 14.206311 0.000000 1.947608 
23001.00 1284.88 100.138999 0.000000 58.211715 7.042695 18.686918 14.230773 0.000000 1.966897 
22901.00 1284.64 100.138999 0.000000 58.192985 6.944364 18.759204 14.255761 0.000000 1.986686 
22801.00 1284.40 100.138999 0.000000 58.173763 6.843981 18.832973 14.281292 0.000000 2.006990 
22701.00 1284.16 100.138999 0.000000 58.154035 6.741487 18.908270 14.307381 0.000000 2.027826 
22601.00 1283.92 100.138999 0.000000 58.133783 6.636817 18.985141 14.334048 0.000000 2.049211 
22501.00 1283.68 100.138999 0.000000 58.112989 6.529904 19.063633 14.361309 0.000000 2.071164 
22401.00 1283.43 100.138999 0.000000 58.091637 6.420679 19.143795 14.389184 0.000000 2.093704 
22301.00 1283.19 100.138999 0.000000 58.069707 6.309070 19.225681 14.417692 0.000000 2.116849 
22201.00 1282.95 100.138999 0.000000 58.047180 6.195001 19.309342 14.446855 0.000000 2.140621 
22101.00 1282.70 100.138999 0.000000 58.024034 6.078394 19.394836 14.476693 0.000000 2.165041 
22001.00 1282.45 100.138999 0.000000 58.000250 5.959167 19.482220 14.507230 0.000000 2.190132 
21901.00 1282.21 100.138999 0.000000 57.975804 5.837235 19.571556 14.538489 0.000000 2.215915 
21801.00 1281.96 100.138999 0.000000 57.950673 5.712507 19.662907 14.570495 0.000000 2.242417 
21701.00 1281.71 100.138999 0.000000 57.924833 5.584892 19.756340 14.603273 0.000000 2.269662 
21601.00 1281.45 100.138999 0.000000 57.898258 5.454292 19.851922 14.636850 0.000000 2.297677 
21501.00 1281.20 100.138999 0.000000 57.870922 5.320605 19.949728 14.671255 0.000000 2.326489 
21401.00 1280.95 100.138999 0.000000 57.842797 5.183724 20.049832 14.706518 0.000000 2.356129 
21301.00 1280.69 100.138999 0.000000 57.813853 5.043538 20.152312 14.742669 0.000000 2.386626 
21201.00 1280.43 100.138999 0.000000 57.784061 4.899931 20.257253 14.779742 0.000000 2.418012 
21101.00 1280.18 100.138999 0.000000 57.753387 4.752781 20.364739 14.817770 0.000000 2.450321 
21001.00 1279.92 100.138999 0.000000 57.721800 4.601960 20.474862 14.856789 0.000000 2.483588 
20901.00 1279.65 100.138999 0.000000 57.689262 4.447334 20.587716 14.896838 0.000000 2.517850 
20801.00 1279.39 100.138999 0.000000 57.655738 4.288762 20.703400 14.937955 0.000000 2.553144 
20701.00 1279.13 100.138999 0.000000 57.621188 4.126098 20.822017 14.980183 0.000000 2.589513 
20601.00 1278.86 100.138999 0.000000 57.585572 3.959186 20.943678 15.023565 0.000000 2.626998 
20501.00 1278.59 100.138999 0.000000 57.548848 3.787865 21.068495 15.068148 0.000000 2.665643 
20401.00 1278.32 100.138999 0.000000 57.510969 3.611964 21.196588 15.113981 0.000000 2.705497 
20301.00 1278.05 100.138999 0.000000 57.471890 3.431304 21.328084 15.161113 0.000000 2.746607 
20201.00 1277.77 100.138999 0.000000 57.431560 3.245698 21.463113 15.209601 0.000000 2.789027 
20101.00 1277.50 100.138999 0.000000 57.389927 3.054948 21.601815 15.259499 0.000000 2.832810 
20001.00 1277.22 100.138999 0.000000 57.346936 2.858845 21.744335 15.310869 0.000000 2.878014 
19901.00 1276.94 100.138999 0.000000 57.302530 2.657171 21.890825 15.363774 0.000000 2.924699 
19801.00 1276.66 100.138999 0.000000 57.256647 2.449697 22.041446 15.418280 0.000000 2.972929 
19701.00 1276.37 100.138999 0.000000 57.209224 2.236178 22.196368 15.474459 0.000000 3.022771 
19601.00 1276.08 100.138999 0.000000 57.160192 2.016361 22.355767 15.532384 0.000000 3.074294 
19501.00 1275.79 100.138999 0.000000 57.109481 1.789977 22.519831 15.592135 0.000000 3.127575 
19401.00 1275.50 100.138999 0.000000 57.057016 1.556741 22.688756 15.653795 0.000000 3.182690 
19301.00 1275.20 100.138999 0.000000 57.002717 1.316356 22.862749 15.717453 0.000000 3.239723 
19201.00 1274.90 100.138999 0.000000 56.946502 1.068507 23.042029 15.783201 0.000000 3.298761 
19101.00 1274.60 100.138999 0.000000 56.888281 0.812861 23.226824 15.851138 0.000000 3.359895 
19001.00 1274.29 100.138999 0.000000 56.827962 0.549068 23.417377 15.921370 0.000000 3.423223 
18901.00 1273.98 100.138999 0.000000 56.765448 0.276758 23.613941 15.994006 0.000000 3.488846 
18801.00 1273.67 100.138999 0.000000 56.701665 0.000000 23.813523 16.068024 0.000000 3.555787 
18701.00 1273.49 100.138999 0.000000 56.701748 0.000000 23.810422 16.071403 0.000000 3.555426 
18601.00 1273.31 100.138999 0.000000 56.701832 0.000000 23.807304 16.074799 0.000000 3.555064 
18501.00 1273.13 100.138999 0.000000 56.701918 0.000000 23.804170 16.078211 0.000000 3.554700 
18401.00 1272.95 100.138999 0.000000 56.702004 0.000000 23.801019 16.081641 0.000000 3.554335 
18301.00 1272.77 100.138999 0.000000 56.702091 0.000000 23.797851 16.085088 0.000000 3.553969 
18201.00 1272.58 100.138999 0.000000 56.702180 0.000000 23.794666 16.088553 0.000000 3.553601 
18101.00 1272.40 100.138999 0.000000 56.702269 0.000000 23.791463 16.092035 0.000000 3.553232 
18001.00 1272.22 100.138999 0.000000 56.702359 0.000000 23.788244 16.095535 0.000000 3.552862 
17901.00 1272.04 100.138999 0.000000 56.702450 0.000000 23.785006 16.099053 0.000000 3.552490 
17801.00 1271.86 100.138999 0.000000 56.702542 0.000000 23.781751 16.102589 0.000000 3.552117 
17701.00 1271.67 100.138999 0.000000 56.702636 0.000000 23.778477 16.106144 0.000000 3.551742 
17601.00 1271.49 100.138999 0.000000 56.702730 0.000000 23.775185 16.109718 0.000000 3.551367 
17501.00 1271.31 100.138999 0.000000 56.702825 0.000000 23.771874 16.113311 0.000000 3.550989 
17401.00 1271.13 100.138999 0.000000 56.702921 0.000000 23.768544 16.116923 0.000000 3.550611 
17301.00 1270.95 100.138999 0.000000 56.703018 0.000000 23.765195 16.120554 0.000000 3.550231 
17201.00 1270.77 100.138999 0.000000 56.703116 0.000000 23.761827 16.124206 0.000000 3.549850 
17101.00 1270.58 100.138999 0.000000 56.703216 0.000000 23.758439 16.127877 0.000000 3.549467 
17001.00 1270.40 100.138999 0.000000 56.703316 0.000000 23.755031 16.131569 0.000000 3.549083 
16901.00 1270.22 100.138999 0.000000 56.703417 0.000000 23.751603 16.135281 0.000000 3.548698 
16801.00 1270.04 100.138999 0.000000 56.703519 0.000000 23.748155 16.139014 0.000000 3.548311 
16701.00 1269.86 100.138999 0.000000 56.703622 0.000000 23.744686 16.142768 0.000000 3.547923 
16601.00 1269.68 100.138999 0.000000 56.703726 0.000000 23.741196 16.146543 0.000000 3.547534 
16501.00 1269.49 100.138999 0.000000 56.703831 0.000000 23.737685 16.150340 0.000000 3.547143 
16401.00 1269.31 100.138999 0.000000 56.703937 0.000000 23.734152 16.154159 0.000000 3.546751 
16301.00 1269.13 100.138999 0.000000 56.704044 0.000000 23.730597 16.158000 0.000000 3.546357 
16201.00 1268.95 100.138999 0.000000 56.704152 0.000000 23.727021 16.161864 0.000000 3.545963 
16101.00 1268.77 100.138999 0.000000 56.704261 0.000000 23.723422 16.165750 0.000000 3.545566 
16001.00 1268.59 100.138999 0.000000 56.704371 0.000000 23.719800 16.169660 0.000000 3.545169 
15901.00 1268.40 100.138999 0.000000 56.704482 0.000000 23.716155 16.173592 0.000000 3.544770 
15801.00 1268.22 100.138999 0.000000 56.704594 0.000000 23.712487 16.177549 0.000000 3.544369 
15701.00 1268.04 100.138999 0.000000 56.704707 0.000000 23.708795 16.181530 0.000000 3.543968 
15601.00 1267.86 100.138999 0.000000 56.704821 0.000000 23.705079 16.185535 0.000000 3.543565 
15501.00 1267.68 100.138999 0.000000 56.704936 0.000000 23.701339 16.189564 0.000000 3.543160 
15401.00 1267.49 100.138999 0.000000 56.705052 0.000000 23.697574 16.193619 0.000000 3.542755 
15301.00 1267.31 100.138999 0.000000 56.705168 0.000000 23.693784 16.197700 0.000000 3.542347 
15201.00 1267.13 100.138999 0.000000 56.705286 0.000000 23.689969 16.201806 0.000000 3.541939 
15101.00 1266.95 100.138999 0.000000 56.705405 0.000000 23.686128 16.205938 0.000000 3.541529 
15001.00 1266.77 100.138999 0.000000 56.705525 0.000000 23.682260 16.210096 0.000000 3.541118 
14901.00 1266.59 100.138999 0.000000 56.705646 0.000000 23.678367 16.214282 0.000000 3.540705 
14801.00 1266.40 100.138999 0.000000 56.705767 0.000000 23.674446 16.218495 0.000000 3.540291 
14701.00 1266.22 100.138999 0.000000 56.705890 0.000000 23.670499 16.222735 0.000000 3.539875 
14601.00 1266.04 100.138999 0.000000 56.706014 0.000000 23.666523 16.227003 0.000000 3.539459 
14501.00 1265.86 100.138999 0.000000 56.706139 0.000000 23.662520 16.231300 0.000000 3.539040 
14401.00 1265.68 100.138999 0.000000 56.706264 0.000000 23.658488 16.235626 0.000000 3.538621 
14301.00 1265.50 100.138999 0.000000 56.706391 0.000000 23.654427 16.239981 0.000000 3.538200 
14201.00 1265.31 100.138999 0.000000 56.706518 0.000000 23.650337 16.244366 0.000000 3.537778 
14101.00 1265.13 100.138999 0.000000 56.706647 0.000000 23.646217 16.248781 0.000000 3.537354 
14001.00 1264.95 100.138999 0.000000 56.706777 0.000000 23.642067 16.253226 0.000000 3.536929 
13901.00 1264.77 100.138999 0.000000 56.706907 0.000000 23.637887 16.257703 0.000000 3.536502 
13801.00 1264.59 100.138999 0.000000 56.707039 0.000000 23.633675 16.262211 0.000000 3.536075 
13701.00 1264.40 100.138999 0.000000 56.707171 0.000000 23.629432 16.266751 0.000000 3.535645 
13601.00 1264.22 100.138999 0.000000 56.707304 0.000000 23.625156 16.271324 0.000000 3.535215 
13501.00 1264.04 100.138999 0.000000 56.707439 0.000000 23.620848 16.275930 0.000000 3.534783 
13401.00 1263.86 100.138999 0.000000 56.707574 0.000000 23.616507 16.280569 0.000000 3.534349 
13301.00 1263.68 100.138999 0.000000 56.707710 0.000000 23.612132 16.285242 0.000000 3.533914 
13201.00 1263.50 100.138999 0.000000 56.707848 0.000000 23.607724 16.289950 0.000000 3.533478 
13101.00 1263.31 100.138999 0.000000 56.707986 0.000000 23.603280 16.294692 0.000000 3.533040 
13001.00 1263.13 100.138999 0.000000 56.708125 0.000000 23.598802 16.299471 0.000000 3.532601 
12901.00 1262.95 100.138999 0.000000 56.708265 0.000000 23.594288 16.304285 0.000000 3.532161 
12801.00 1262.77 100.138999 0.000000 56.708406 0.000000 23.589737 16.309137 0.000000 3.531719 
12701.00 1262.59 100.138999 0.000000 56.708548 0.000000 23.585149 16.314025 0.000000 3.531276 
12601.00 1262.40 100.138999 0.000000 56.708691 0.000000 23.580524 16.318952 0.000000 3.530831 
12501.00 1262.22 100.138999 0.000000 56.708835 0.000000 23.575861 16.323917 0.000000 3.530385 
12401.00 1262.04 100.138999 0.000000 56.708980 0.000000 23.571159 16.328922 0.000000 3.529938 
12301.00 1261.86 100.138999 0.000000 56.709126 0.000000 23.566418 16.333966 0.000000 3.529489 
12201.00 1261.68 100.138999 0.000000 56.709273 0.000000 23.561637 16.339051 0.000000 3.529039 
12101.00 1261.50 100.138999 0.000000 56.709420 0.000000 23.556815 16.344176 0.000000 3.528587 
12001.00 1261.26 100.138999 0.012740 56.705937 0.000000 23.562892 16.328649 0.000000 3.528780 
11901.00 1260.93 100.138999 0.052061 56.695536 0.000000 23.590600 16.270580 0.000000 3.530223 
11801.00 1260.60 100.138999 0.092013 56.685965 0.000000 23.617039 16.212436 0.000000 3.531546 
11701.00 1260.27 100.138999 0.132623 56.677245 0.000000 23.642184 16.154201 0.000000 3.532746 
11601.00 1259.93 100.138999 0.173915 56.669394 0.000000 23.666009 16.095862 0.000000 3.533819 
11501.00 1259.60 100.138999 0.215918 56.662434 0.000000 23.688485 16.037400 0.000000 3.534762 
11401.00 1259.26 100.138999 0.258660 56.656385 0.000000 23.709585 15.978800 0.000000 3.535569 
11301.00 1258.92 100.138999 0.302172 56.651270 0.000000 23.729279 15.920041 0.000000 3.536237 
11201.00 1258.57 100.138999 0.346487 56.647114 0.000000 23.747534 15.861105 0.000000 3.536760 
11101.00 1258.23 100.138999 0.391637 56.643939 0.000000 23.764317 15.801970 0.000000 3.537135 
11001.00 1257.88 100.138999 0.437659 56.641774 0.000000 23.779596 15.742616 0.000000 3.537355 
10901.00 1257.53 100.138999 0.484591 56.640643 0.000000 23.793332 15.683018 0.000000 3.537415 
10801.00 1257.18 100.138999 0.532471 56.640578 0.000000 23.805488 15.623152 0.000000 3.537310 
10701.00 1256.83 100.138999 0.581342 56.641606 0.000000 23.816025 15.562992 0.000000 3.537033 
10601.00 1256.47 100.138999 0.631249 56.643761 0.000000 23.824900 15.502511 0.000000 3.536579 
10501.00 1256.11 100.138999 0.682236 56.647075 0.000000 23.832070 15.441678 0.000000 3.535940 
10401.00 1255.75 100.138999 0.734355 56.651584 0.000000 23.837487 15.380464 0.000000 3.535109 
10301.00 1255.39 100.138999 0.787657 56.657325 0.000000 23.841103 15.318835 0.000000 3.534079 
10201.00 1255.02 100.138999 0.842198 56.664336 0.000000 23.842868 15.256755 0.000000 3.532843 
10101.00 1254.65 100.138999 0.898035 56.672659 0.000000 23.842725 15.194189 0.000000 3.531391 
10001.00 1254.28 100.138999 0.955230 56.682339 0.000000 23.840619 15.131097 0.000000 3.529715 
9901.00 1253.90 100.138999 1.013849 56.693420 0.000000 23.836488 15.067436 0.000000 3.527805 
9801.00 1253.52 100.126414 1.061196 56.705797 0.000000 23.830489 15.003254 0.000000 3.525678 
9701.00 1253.13 100.065877 1.061270 56.718916 0.000000 23.823409 14.938864 0.000000 3.523418 
9601.00 1252.75 100.004653 1.061361 56.732793 0.000000 23.815228 14.874249 0.000000 3.521023 
9501.00 1252.36 99.942719 1.061472 56.747443 0.000000 23.805927 14.809388 0.000000 3.518489 
9401.00 1251.97 99.880048 1.061604 56.762885 0.000000 23.795485 14.744263 0.000000 3.515811 
9301.00 1251.58 99.816610 1.061756 56.779136 0.000000 23.783879 14.678853 0.000000 3.512986 
9201.00 1251.19 99.752377 1.061932 56.796215 0.000000 23.771087 14.613135 0.000000 3.510008 
9101.00 1250.80 99.687318 1.062132 56.814142 0.000000 23.757083 14.547087 0.000000 3.506874 
9001.00 1250.40 99.621400 1.062358 56.832939 0.000000 23.741841 14.480684 0.000000 3.503579 
8901.00 1250.00 99.554589 1.062610 56.852629 0.000000 23.725333 14.413900 0.000000 3.500116 
8801.00 1249.60 99.486847 1.062892 56.873234 0.000000 23.707531 14.346709 0.000000 3.496482 
8701.00 1249.20 99.418136 1.063204 56.894780 0.000000 23.688402 14.279081 0.000000 3.492669 
8601.00 1248.79 99.348416 1.063549 56.917295 0.000000 23.667914 14.210987 0.000000 3.488672 
8501.00 1248.38 99.277644 1.063928 56.940805 0.000000 23.646031 14.142395 0.000000 3.484484 
8401.00 1247.97 99.205774 1.064344 56.965342 0.000000 23.622717 14.073271 0.000000 3.480099 
8301.00 1247.55 99.132757 1.064800 56.990938 0.000000 23.597931 14.003578 0.000000 3.475509 
8201.00 1247.13 99.058542 1.065297 57.017626 0.000000 23.571632 13.933280 0.000000 3.470707 
8101.00 1246.71 98.983076 1.065839 57.045443 0.000000 23.543773 13.862337 0.000000 3.465684 
8001.00 1246.29 98.906300 1.066428 57.074427 0.000000 23.514308 13.790706 0.000000 3.460432 
7901.00 1245.86 98.828154 1.067067 57.104620 0.000000 23.483184 13.718342 0.000000 3.454941 
7801.00 1245.43 98.748572 1.067761 57.136065 0.000000 23.450346 13.645197 0.000000 3.449203 
7701.00 1244.99 98.667486 1.068512 57.168810 0.000000 23.415736 13.571222 0.000000 3.443205 
7601.00 1244.55 98.584822 1.069325 57.202905 0.000000 23.379291 13.496362 0.000000 3.436938 
7501.00 1244.10 98.500502 1.070204 57.238404 0.000000 23.340944 13.420561 0.000000 3.430390 
7401.00 1243.65 98.414443 1.071153 57.275364 0.000000 23.300621 13.343758 0.000000 3.423547 
7301.00 1243.19 98.326555 1.072178 57.313847 0.000000 23.258245 13.265888 0.000000 3.416397 
7201.00 1242.73 98.236744 1.073284 57.353919 0.000000 23.213734 13.186883 0.000000 3.408924 
7101.00 1242.27 98.144909 1.074477 57.395652 0.000000 23.166996 13.106670 0.000000 3.401114 
7001.00 1241.79 98.050942 1.075763 57.439122 0.000000 23.117935 13.025171 0.000000 3.392950 
6901.00 1241.32 97.954727 1.077149 57.484412 0.000000 23.066448 12.942303 0.000000 3.384415 
6801.00 1240.83 97.856140 1.078642 57.531611 0.000000 23.012422 12.857977 0.000000 3.375488 
6701.00 1240.34 97.755048 1.080251 57.580813 0.000000 22.955734 12.772098 0.000000 3.366151 
6601.00 1239.84 97.651309 1.081985 57.632123 0.000000 22.896255 12.684566 0.000000 3.356380 
6501.00 1239.33 97.544772 1.083853 57.685651 0.000000 22.833843 12.595271 0.000000 3.346153 
6401.00 1238.81 97.435271 1.085866 57.741520 0.000000 22.768343 12.504098 0.000000 3.335443 
6301.00 1238.29 97.322631 1.088035 57.799858 0.000000 22.699590 12.410923 0.000000 3.324225 
6201.00 1237.75 97.206662 1.090373 57.860809 0.000000 22.627403 12.315611 0.000000 3.312467 
6101.00 1237.21 97.087161 1.092893 57.924524 0.000000 22.551586 12.218021 0.000000 3.300137 
6001.00 1236.65 96.963907 1.095610 57.991170 0.000000 22.471926 12.117998 0.000000 3.287203 
5901.00 1236.09 96.836663 1.098541 58.060929 0.000000 22.388192 12.015376 0.000000 3.273625 
5801.00 1235.51 96.705174 1.101703 58.133997 0.000000 22.300131 11.909979 0.000000 3.259364 
5701.00 1234.92 96.569163 1.105116 58.210586 0.000000 22.207470 11.801615 0.000000 3.244376 
5601.00 1234.31 96.428330 1.108801 58.290931 0.000000 22.109908 11.690077 0.000000 3.228613 
5501.00 1233.69 96.282353 1.112781 58.375285 0.000000 22.007120 11.575144 0.000000 3.212024 
5401.00 1233.05 96.130881 1.117081 58.463924 0.000000 21.898749 11.456575 0.000000 3.194553 
5301.00 1232.40 95.973536 1.121728 58.557149 0.000000 21.784407 11.334114 0.000000 3.176138 
5201.00 1231.73 95.809907 1.126753 58.655288 0.000000 21.663669 11.207482 0.000000 3.156715 
5101.00 1231.04 95.639549 1.132186 58.758701 0.000000 21.536072 11.076378 0.000000 3.136211 
5001.00 1230.33 95.461983 1.138063 58.867777 0.000000 21.401112 10.940481 0.000000 3.114550 
4901.00 1229.59 95.276687 1.144417 58.982940 0.000000 21.258239 10.799444 0.000000 3.091648 
4801.00 1228.83 95.083101 1.151288 59.104652 0.000000 21.106853 10.652895 0.000000 3.067413 
4701.00 1228.05 94.880619 1.158713 59.233413 0.000000 20.946305 10.500439 0.000000 3.041749 
4601.00 1227.24 94.668591 1.166730 59.369762 0.000000 20.775894 10.341653 0.000000 3.014552 
4501.00 1226.39 94.446325 1.175376 59.514282 0.000000 20.594864 10.176094 0.000000 2.985710 
4401.00 1225.52 94.213080 1.184682 59.667590 0.000000 20.402407 10.003295 0.000000 2.955106 
4301.00 1224.61 93.968079 1.194674 59.830344 0.000000 20.197666 9.822777 0.000000 2.922618 
4201.00 1223.67 93.710510 1.205365 60.003230 0.000000 19.979745 9.634052 0.000000 2.888119 
4101.00 1222.68 93.439541 1.216752 60.186954 0.000000 19.747718 9.436635 0.000000 2.851481 
4001.00 1221.66 93.154332 1.228808 60.382229 0.000000 19.500653 9.230063 0.000000 2.812580 
3901.00 1220.59 92.854065 1.241471 60.589748 0.000000 19.237635 9.013912 0.000000 2.771298 
3801.00 1219.47 92.537973 1.254640 60.810158 0.000000 18.957812 8.787832 0.000000 2.727531 
3701.00 1218.31 92.205387 1.268158 61.044021 0.000000 18.660439 8.551572 0.000000 2.681197 
3601.00 1217.10 91.855786 1.281806 61.291764 0.000000 18.344941 8.305029 0.000000 2.632246 
3501.00 1215.84 91.488869 1.295293 61.553627 0.000000 18.010990 8.048288 0.000000 2.580671 
3401.00 1214.54 91.104622 1.308260 61.829602 0.000000 17.658575 7.781668 0.000000 2.526517 
3301.00 1213.18 90.703396 1.320281 62.119377 0.000000 17.288085 7.505758 0.000000 2.469895 
3201.00 1211.79 90.285975 1.330884 62.422285 0.000000 16.900365 7.221450 0.000000 2.410990 
3101.00 1210.36 89.853627 1.339584 62.737282 0.000000 16.496762 6.929941 0.000000 2.350058 
3001.00 1208.89 89.408124 1.345915 63.062942 0.000000 16.079119 6.632715 0.000000 2.287433 
2901.00 1207.41 88.951726 1.349482 63.397487 0.000000 15.649746 6.331501 0.000000 2.223510 
2801.00 1205.90 88.487114 1.349993 63.738851 0.000000 15.211332 6.028204 0.000000 2.158734 
2701.00 1204.39 88.017294 1.347290 64.084767 0.000000 14.766838 5.724815 0.000000 2.093584 
2601.00 1202.88 87.545459 1.341356 64.432862 0.000000 14.319368 5.423329 0.000000 2.028544 
2501.00 1201.37 87.074851 1.332311 64.780763 0.000000 13.872034 5.125654 0.000000 1.964089 
2401.00 1199.89 86.608626 1.320388 65.126180 0.000000 13.427841 4.833550 0.000000 1.900668 
2301.00 1198.44 86.149736 1.305902 65.466980 0.000000 12.989593 4.548574 0.000000 1.838688 
2201.00 1197.01 85.700843 1.289219 65.801237 0.000000 12.559827 4.272053 0.000000 1.778506 
2101.00 1195.63 85.264266 1.270731 66.127265 0.000000 12.140766 4.005077 0.000000 1.720427 
2001.00 1194.29 84.841955 1.250828 66.443629 0.000000 11.734304 3.748494 0.000000 1.664699 
1901.00 1192.99 84.435481 1.229888 66.749150 0.000000 11.341998 3.502928 0.000000 1.611517 
1801.00 1191.75 84.046053 1.208265 67.042902 0.000000 10.965075 3.268790 0.000000 1.561022 
1701.00 1190.55 83.674533 1.186286 67.324199 0.000000 10.604442 3.046301 0.000000 1.513307 
1601.00 1189.41 83.321462 1.164245 67.592586 0.000000 10.260705 2.835509 0.000000 1.468417 
1501.00 1188.32 82.987088 1.142408 67.847824 0.000000 9.934189 2.636310 0.000000 1.426356 
1401.00 1187.29 82.671393 1.121007 68.089868 0.000000 9.624958 2.448470 0.000000 1.387090 
1301.00 1186.30 82.374128 1.100237 68.318849 0.000000 9.332848 2.271644 0.000000 1.350550 
1201.00 1185.37 82.094840 1.080260 68.535054 0.000000 9.057491 2.105394 0.000000 1.316640 
1101.00 1184.48 81.832908 1.061204 68.738895 0.000000 8.798351 1.949217 0.000000 1.285242 
1001.00 1183.64 81.587581 1.043157 68.930887 0.000000 8.554759 1.802560 0.000000 1.256218 
901.00 1182.84 81.358004 1.026176 69.111619 0.000000 8.325947 1.664839 0.000000 1.229423 
801.00 1182.07 81.143261 1.010289 69.281730 0.000000 8.111081 1.535458 0.000000 1.204703 
701.00 1181.35 80.942396 0.995494 69.441887 0.000000 7.909287 1.413823 0.000000 1.181905 
601.00 1180.66 80.754446 0.981772 69.592766 0.000000 7.719681 1.299353 0.000000 1.160875 
501.00 1180.00 80.578459 0.969084 69.735034 0.000000 7.541386 1.191488 0.000000 1.141467 
401.00 1179.37 80.413510 0.957381 69.869340 0.000000 7.373550 1.089698 0.000000 1.123541 
301.00 1178.77 80.258716 0.946605 69.996304 0.000000 7.215355 0.993485 0.000000 1.106966 
201.00 1178.19 80.113243 0.936696 70.116514 0.000000 7.066027 0.902385 0.000000 1.091621 
101.00 1177.63 79.976310 0.927591 70.230521 0.000000 6.924836 0.815970 0.000000 1.077392 
1.00 1177.09 79.847191 0.919228 70.338837 0.000000 6.791104 0.733844 0.000000 1.064178 
