Title: Depleted MORB Mantle of Workmann & Hart 2005

Solid Composition:
Pressure Temperature mass SiO2 TiO2 Al2O3 Fe2O3 Cr2O3 FeO MnO MgO NiO CaO Na2O 
44001.00 1328.06 100.138999 44.6479 0.12982 3.97448 0.190735 0.569209 7.99688 0.12982 38.6762 0.239667 3.1656 0.279611
43901.00 1327.86 100.138999 44.6479 0.12982 3.97448 0.190735 0.569209 7.99688 0.12982 38.6762 0.239667 3.1656 0.279611
43801.00 1327.67 100.138999 44.6479 0.12982 3.97448 0.190735 0.569209 7.99688 0.12982 38.6762 0.239667 3.1656 0.279611
43701.00 1327.47 100.138999 44.6479 0.12982 3.97448 0.190735 0.569209 7.99688 0.12982 38.6762 0.239667 3.1656 0.279611
43601.00 1327.28 100.138999 44.6479 0.12982 3.97448 0.190735 0.569209 7.99688 0.12982 38.6762 0.239667 3.1656 0.279611
43501.00 1327.08 100.138999 44.6479 0.12982 3.97448 0.190735 0.569209 7.99688 0.12982 38.6762 0.239667 3.1656 0.279611
43401.00 1326.89 100.138999 44.6479 0.12982 3.97448 0.190735 0.569209 7.99688 0.12982 38.6762 0.239667 3.1656 0.279611
43301.00 1326.69 100.138999 44.6479 0.12982 3.97448 0.190735 0.569209 7.99688 0.12982 38.6762 0.239667 3.1656 0.279611
43201.00 1326.50 100.138999 44.6479 0.12982 3.97448 0.190735 0.569209 7.99688 0.12982 38.6762 0.239667 3.1656 0.279611
43101.00 1326.30 100.138999 44.6479 0.12982 3.97448 0.190735 0.569209 7.99688 0.12982 38.6762 0.239667 3.1656 0.279611
43001.00 1326.10 100.138999 44.6479 0.12982 3.97448 0.190735 0.569209 7.99688 0.12982 38.6762 0.239667 3.1656 0.279611
42901.00 1325.91 100.138999 44.6479 0.12982 3.97448 0.190735 0.569209 7.99688 0.12982 38.6762 0.239667 3.1656 0.279611
42801.00 1325.71 100.138999 44.6479 0.12982 3.97448 0.190735 0.569209 7.99688 0.12982 38.6762 0.239667 3.1656 0.279611
42701.00 1325.52 100.138999 44.6479 0.12982 3.97448 0.190735 0.569209 7.99688 0.12982 38.6762 0.239667 3.1656 0.279611
42601.00 1325.32 100.138999 44.6479 0.12982 3.97448 0.190735 0.569209 7.99688 0.12982 38.6762 0.239667 3.1656 0.279611
42501.00 1325.13 100.138999 44.6479 0.12982 3.97448 0.190735 0.569209 7.99688 0.12982 38.6762 0.239667 3.1656 0.279611
42401.00 1324.93 100.138999 44.6479 0.12982 3.97448 0.190735 0.569209 7.99688 0.12982 38.6762 0.239667 3.1656 0.279611
42301.00 1324.73 100.138999 44.6479 0.12982 3.97448 0.190735 0.569209 7.99688 0.12982 38.6762 0.239667 3.1656 0.279611
42201.00 1324.54 100.138999 44.6479 0.12982 3.97448 0.190735 0.569209 7.99688 0.12982 38.6762 0.239667 3.1656 0.279611
42101.00 1324.34 100.138999 44.6479 0.12982 3.97448 0.190735 0.569209 7.99688 0.12982 38.6762 0.239667 3.1656 0.279611
42001.00 1324.15 100.138999 44.6479 0.12982 3.97448 0.190735 0.569209 7.99688 0.12982 38.6762 0.239667 3.1656 0.279611
41901.00 1323.95 100.138999 44.6479 0.12982 3.97448 0.190735 0.569209 7.99688 0.12982 38.6762 0.239667 3.1656 0.279611
41801.00 1323.76 100.138999 44.6479 0.12982 3.97448 0.190735 0.569209 7.99688 0.12982 38.6762 0.239667 3.1656 0.279611
41701.00 1323.56 100.138999 44.6479 0.12982 3.97448 0.190735 0.569209 7.99688 0.12982 38.6762 0.239667 3.1656 0.279611
41601.00 1323.36 100.138999 44.6479 0.12982 3.97448 0.190735 0.569209 7.99688 0.12982 38.6762 0.239667 3.1656 0.279611
41501.00 1323.17 100.138999 44.6479 0.12982 3.97448 0.190735 0.569209 7.99688 0.12982 38.6762 0.239667 3.1656 0.279611
41401.00 1322.97 100.138999 44.6479 0.12982 3.97448 0.190735 0.569209 7.99688 0.12982 38.6762 0.239667 3.1656 0.279611
41301.00 1322.78 100.138999 44.6479 0.12982 3.97448 0.190735 0.569209 7.99688 0.12982 38.6762 0.239667 3.1656 0.279611
41201.00 1322.58 100.138999 44.6479 0.12982 3.97448 0.190735 0.569209 7.99688 0.12982 38.6762 0.239667 3.1656 0.279611
41101.00 1322.38 100.138999 44.6479 0.12982 3.97448 0.190735 0.569209 7.99688 0.12982 38.6762 0.239667 3.1656 0.279611
41001.00 1322.19 100.138999 44.6479 0.12982 3.97448 0.190735 0.569209 7.99688 0.12982 38.6762 0.239667 3.1656 0.279611
40901.00 1321.99 100.138999 44.6479 0.12982 3.97448 0.190735 0.569209 7.99688 0.12982 38.6762 0.239667 3.1656 0.279611
40801.00 1321.79 100.138999 44.6479 0.12982 3.97448 0.190735 0.569209 7.99688 0.12982 38.6762 0.239667 3.1656 0.279611
40701.00 1321.60 100.138999 44.6479 0.12982 3.97448 0.190735 0.569209 7.99688 0.12982 38.6762 0.239667 3.1656 0.279611
40601.00 1321.40 100.138999 44.6479 0.12982 3.97448 0.190735 0.569209 7.99688 0.12982 38.6762 0.239667 3.1656 0.279611
40501.00 1321.21 100.138999 44.6479 0.12982 3.97448 0.190735 0.569209 7.99688 0.12982 38.6762 0.239667 3.1656 0.279611
40401.00 1321.01 100.138999 44.6479 0.12982 3.97448 0.190735 0.569209 7.99688 0.12982 38.6762 0.239667 3.1656 0.279611
40301.00 1320.81 100.138999 44.6479 0.12982 3.97448 0.190735 0.569209 7.99688 0.12982 38.6762 0.239667 3.1656 0.279611
40201.00 1320.62 100.138999 44.6479 0.12982 3.97448 0.190735 0.569209 7.99688 0.12982 38.6762 0.239667 3.1656 0.279611
40101.00 1320.42 100.138999 44.6479 0.12982 3.97448 0.190735 0.569209 7.99688 0.12982 38.6762 0.239667 3.1656 0.279611
40001.00 1320.22 100.138999 44.6479 0.12982 3.97448 0.190735 0.569209 7.99688 0.12982 38.6762 0.239667 3.1656 0.279611
39901.00 1320.03 100.138999 44.6479 0.12982 3.97448 0.190735 0.569209 7.99688 0.12982 38.6762 0.239667 3.1656 0.279611
39801.00 1319.83 100.138999 44.6479 0.12982 3.97448 0.190735 0.569209 7.99688 0.12982 38.6762 0.239667 3.1656 0.279611
39701.00 1319.63 100.138999 44.6479 0.12982 3.97448 0.190735 0.569209 7.99688 0.12982 38.6762 0.239667 3.1656 0.279611
39601.00 1319.44 100.138999 44.6479 0.12982 3.97448 0.190735 0.569209 7.99688 0.12982 38.6762 0.239667 3.1656 0.279611
39501.00 1319.24 100.138999 44.6479 0.12982 3.97448 0.190735 0.569209 7.99688 0.12982 38.6762 0.239667 3.1656 0.279611
39401.00 1319.04 100.138999 44.6479 0.12982 3.97448 0.190735 0.569209 7.99688 0.12982 38.6762 0.239667 3.1656 0.279611
39301.00 1318.85 100.138999 44.6479 0.12982 3.97448 0.190735 0.569209 7.99688 0.12982 38.6762 0.239667 3.1656 0.279611
39201.00 1318.65 100.138999 44.6479 0.12982 3.97448 0.190735 0.569209 7.99688 0.12982 38.6762 0.239667 3.1656 0.279611
39101.00 1318.45 100.138999 44.6479 0.12982 3.97448 0.190735 0.569209 7.99688 0.12982 38.6762 0.239667 3.1656 0.279611
39001.00 1318.25 100.138999 44.6479 0.12982 3.97448 0.190735 0.569209 7.99688 0.12982 38.6762 0.239667 3.1656 0.279611
38901.00 1318.06 100.138999 44.6479 0.12982 3.97448 0.190735 0.569209 7.99688 0.12982 38.6762 0.239667 3.1656 0.279611
38801.00 1317.86 100.138999 44.6479 0.12982 3.97448 0.190735 0.569209 7.99688 0.12982 38.6762 0.239667 3.1656 0.279611
38701.00 1317.66 100.138999 44.6479 0.12982 3.97448 0.190735 0.569209 7.99688 0.12982 38.6762 0.239667 3.1656 0.279611
38601.00 1317.47 100.138999 44.6479 0.12982 3.97448 0.190735 0.569209 7.99688 0.12982 38.6762 0.239667 3.1656 0.279611
38501.00 1317.27 100.138999 44.6479 0.12982 3.97448 0.190735 0.569209 7.99688 0.12982 38.6762 0.239667 3.1656 0.279611
38401.00 1317.07 100.138999 44.6479 0.12982 3.97448 0.190735 0.569209 7.99688 0.12982 38.6762 0.239667 3.1656 0.279611
38301.00 1316.87 100.138999 44.6479 0.12982 3.97448 0.190735 0.569209 7.99688 0.12982 38.6762 0.239667 3.1656 0.279611
38201.00 1316.68 100.138999 44.6479 0.12982 3.97448 0.190735 0.569209 7.99688 0.12982 38.6762 0.239667 3.1656 0.279611
38101.00 1316.48 100.138999 44.6479 0.12982 3.97448 0.190735 0.569209 7.99688 0.12982 38.6762 0.239667 3.1656 0.279611
38001.00 1316.28 100.138999 44.6479 0.12982 3.97448 0.190735 0.569209 7.99688 0.12982 38.6762 0.239667 3.1656 0.279611
37901.00 1316.08 100.138999 44.6479 0.12982 3.97448 0.190735 0.569209 7.99688 0.12982 38.6762 0.239667 3.1656 0.279611
37801.00 1315.89 100.138999 44.6479 0.12982 3.97448 0.190735 0.569209 7.99688 0.12982 38.6762 0.239667 3.1656 0.279611
37701.00 1315.69 100.138999 44.6479 0.12982 3.97448 0.190735 0.569209 7.99688 0.12982 38.6762 0.239667 3.1656 0.279611
37601.00 1315.49 100.138999 44.6479 0.12982 3.97448 0.190735 0.569209 7.99688 0.12982 38.6762 0.239667 3.1656 0.279611
37501.00 1315.29 100.138999 44.6479 0.12982 3.97448 0.190735 0.569209 7.99688 0.12982 38.6762 0.239667 3.1656 0.279611
37401.00 1315.09 100.138999 44.6479 0.12982 3.97448 0.190735 0.569209 7.99688 0.12982 38.6762 0.239667 3.1656 0.279611
37301.00 1314.90 100.138999 44.6479 0.12982 3.97448 0.190735 0.569209 7.99688 0.12982 38.6762 0.239667 3.1656 0.279611
37201.00 1314.70 100.138999 44.6479 0.12982 3.97448 0.190735 0.569209 7.99688 0.12982 38.6762 0.239667 3.1656 0.279611
37101.00 1314.50 100.138999 44.6479 0.12982 3.97448 0.190735 0.569209 7.99688 0.12982 38.6762 0.239667 3.1656 0.279611
37001.00 1314.30 100.138999 44.6479 0.12982 3.97448 0.190735 0.569209 7.99688 0.12982 38.6762 0.239667 3.1656 0.279611
36901.00 1314.10 100.138999 44.6479 0.12982 3.97448 0.190735 0.569209 7.99688 0.12982 38.6762 0.239667 3.1656 0.279611
36801.00 1313.91 100.138999 44.6479 0.12982 3.97448 0.190735 0.569209 7.99688 0.12982 38.6762 0.239667 3.1656 0.279611
36701.00 1313.71 100.138999 44.6479 0.12982 3.97448 0.190735 0.569209 7.99688 0.12982 38.6762 0.239667 3.1656 0.279611
36601.00 1313.51 100.138999 44.6479 0.12982 3.97448 0.190735 0.569209 7.99688 0.12982 38.6762 0.239667 3.1656 0.279611
36501.00 1313.31 100.138999 44.6479 0.12982 3.97448 0.190735 0.569209 7.99688 0.12982 38.6762 0.239667 3.1656 0.279611
36401.00 1313.11 100.138999 44.6479 0.12982 3.97448 0.190735 0.569209 7.99688 0.12982 38.6762 0.239667 3.1656 0.279611
36301.00 1312.91 100.138999 44.6479 0.12982 3.97448 0.190735 0.569209 7.99688 0.12982 38.6762 0.239667 3.1656 0.279611
36201.00 1312.71 100.138999 44.6479 0.12982 3.97448 0.190735 0.569209 7.99688 0.12982 38.6762 0.239667 3.1656 0.279611
36101.00 1312.52 100.138999 44.6479 0.12982 3.97448 0.190735 0.569209 7.99688 0.12982 38.6762 0.239667 3.1656 0.279611
36001.00 1312.32 100.138999 44.6479 0.12982 3.97448 0.190735 0.569209 7.99688 0.12982 38.6762 0.239667 3.1656 0.279611
35901.00 1312.12 100.138999 44.6479 0.12982 3.97448 0.190735 0.569209 7.99688 0.12982 38.6762 0.239667 3.1656 0.279611
35801.00 1311.92 100.138999 44.6479 0.12982 3.97448 0.190735 0.569209 7.99688 0.12982 38.6762 0.239667 3.1656 0.279611
35701.00 1311.72 100.138999 44.6479 0.12982 3.97448 0.190735 0.569209 7.99688 0.12982 38.6762 0.239667 3.1656 0.279611
35601.00 1311.52 100.138999 44.6479 0.12982 3.97448 0.190735 0.569209 7.99688 0.12982 38.6762 0.239667 3.1656 0.279611
35501.00 1311.32 100.138999 44.6479 0.12982 3.97448 0.190735 0.569209 7.99688 0.12982 38.6762 0.239667 3.1656 0.279611
35401.00 1311.12 100.138999 44.6479 0.12982 3.97448 0.190735 0.569209 7.99688 0.12982 38.6762 0.239667 3.1656 0.279611
35301.00 1310.92 100.138999 44.6479 0.12982 3.97448 0.190735 0.569209 7.99688 0.12982 38.6762 0.239667 3.1656 0.279611
35201.00 1310.72 100.138999 44.6479 0.12982 3.97448 0.190735 0.569209 7.99688 0.12982 38.6762 0.239667 3.1656 0.279611
35101.00 1310.52 100.138999 44.6479 0.12982 3.97448 0.190735 0.569209 7.99688 0.12982 38.6762 0.239667 3.1656 0.279611
35001.00 1310.32 100.138999 44.6479 0.12982 3.97448 0.190735 0.569209 7.99688 0.12982 38.6762 0.239667 3.1656 0.279611
34901.00 1310.12 100.138999 44.6479 0.12982 3.97448 0.190735 0.569209 7.99688 0.12982 38.6762 0.239667 3.1656 0.279611
34801.00 1309.92 100.138999 44.6479 0.12982 3.97448 0.190735 0.569209 7.99688 0.12982 38.6762 0.239667 3.1656 0.279611
34701.00 1309.72 100.138999 44.6479 0.12982 3.97448 0.190735 0.569209 7.99688 0.12982 38.6762 0.239667 3.1656 0.279611
34601.00 1309.52 100.138999 44.6479 0.12982 3.97448 0.190735 0.569209 7.99688 0.12982 38.6762 0.239667 3.1656 0.279611
34501.00 1309.32 100.138999 44.6479 0.12982 3.97448 0.190735 0.569209 7.99688 0.12982 38.6762 0.239667 3.1656 0.279611
34401.00 1309.12 100.138999 44.6479 0.12982 3.97448 0.190735 0.569209 7.99688 0.12982 38.6762 0.239667 3.1656 0.279611
34301.00 1308.92 100.138999 44.6479 0.12982 3.97448 0.190735 0.569209 7.99688 0.12982 38.6762 0.239667 3.1656 0.279611
34201.00 1308.72 100.138999 44.6479 0.12982 3.97448 0.190735 0.569209 7.99688 0.12982 38.6762 0.239667 3.1656 0.279611
34101.00 1308.52 100.138999 44.6479 0.12982 3.97448 0.190735 0.569209 7.99688 0.12982 38.6762 0.239667 3.1656 0.279611
34001.00 1308.32 100.138999 44.6479 0.12982 3.97448 0.190735 0.569209 7.99688 0.12982 38.6762 0.239667 3.1656 0.279611
33901.00 1308.12 100.138999 44.6479 0.12982 3.97448 0.190735 0.569209 7.99688 0.12982 38.6762 0.239667 3.1656 0.279611
33801.00 1307.92 100.138999 44.6479 0.12982 3.97448 0.190735 0.569209 7.99688 0.12982 38.6762 0.239667 3.1656 0.279611
33701.00 1307.72 100.138999 44.6479 0.12982 3.97448 0.190735 0.569209 7.99688 0.12982 38.6762 0.239667 3.1656 0.279611
33601.00 1307.52 100.138999 44.6479 0.12982 3.97448 0.190735 0.569209 7.99688 0.12982 38.6762 0.239667 3.1656 0.279611
33501.00 1307.31 100.138999 44.6479 0.12982 3.97448 0.190735 0.569209 7.99688 0.12982 38.6762 0.239667 3.1656 0.279611
33401.00 1307.11 100.138999 44.6479 0.12982 3.97448 0.190735 0.569209 7.99688 0.12982 38.6762 0.239667 3.1656 0.279611
33301.00 1306.91 100.138999 44.6479 0.12982 3.97448 0.190735 0.569209 7.99688 0.12982 38.6762 0.239667 3.1656 0.279611
33201.00 1306.71 100.138999 44.6479 0.12982 3.97448 0.190735 0.569209 7.99688 0.12982 38.6762 0.239667 3.1656 0.279611
33101.00 1306.51 100.138999 44.6479 0.12982 3.97448 0.190735 0.569209 7.99688 0.12982 38.6762 0.239667 3.1656 0.279611
33001.00 1306.31 100.138999 44.6479 0.12982 3.97448 0.190735 0.569209 7.99688 0.12982 38.6762 0.239667 3.1656 0.279611
32901.00 1306.10 100.138999 44.6479 0.12982 3.97448 0.190735 0.569209 7.99688 0.12982 38.6762 0.239667 3.1656 0.279611
32801.00 1305.90 100.138999 44.6479 0.12982 3.97448 0.190735 0.569209 7.99688 0.12982 38.6762 0.239667 3.1656 0.279611
32701.00 1305.70 100.138999 44.6479 0.12982 3.97448 0.190735 0.569209 7.99688 0.12982 38.6762 0.239667 3.1656 0.279611
32601.00 1305.50 100.138999 44.6479 0.12982 3.97448 0.190735 0.569209 7.99688 0.12982 38.6762 0.239667 3.1656 0.279611
32501.00 1305.29 100.138999 44.6479 0.12982 3.97448 0.190735 0.569209 7.99688 0.12982 38.6762 0.239667 3.1656 0.279611
32401.00 1305.09 100.138999 44.6479 0.12982 3.97448 0.190735 0.569209 7.99688 0.12982 38.6762 0.239667 3.1656 0.279611
32301.00 1304.89 100.138999 44.6479 0.12982 3.97448 0.190735 0.569209 7.99688 0.12982 38.6762 0.239667 3.1656 0.279611
32201.00 1304.69 100.138999 44.6479 0.12982 3.97448 0.190735 0.569209 7.99688 0.12982 38.6762 0.239667 3.1656 0.279611
32101.00 1304.48 100.138999 44.6479 0.12982 3.97448 0.190735 0.569209 7.99688 0.12982 38.6762 0.239667 3.1656 0.279611
32001.00 1304.28 100.138999 44.6479 0.12982 3.97448 0.190735 0.569209 7.99688 0.12982 38.6762 0.239667 3.1656 0.279611
31901.00 1304.08 100.138999 44.6479 0.12982 3.97448 0.190735 0.569209 7.99688 0.12982 38.6762 0.239667 3.1656 0.279611
31801.00 1303.87 100.138999 44.6479 0.12982 3.97448 0.190735 0.569209 7.99688 0.12982 38.6762 0.239667 3.1656 0.279611
31701.00 1303.67 100.138999 44.6479 0.12982 3.97448 0.190735 0.569209 7.99688 0.12982 38.6762 0.239667 3.1656 0.279611
31601.00 1303.47 100.138999 44.6479 0.12982 3.97448 0.190735 0.569209 7.99688 0.12982 38.6762 0.239667 3.1656 0.279611
31501.00 1303.26 100.138999 44.6479 0.12982 3.97448 0.190735 0.569209 7.99688 0.12982 38.6762 0.239667 3.1656 0.279611
31401.00 1303.06 100.138999 44.6479 0.12982 3.97448 0.190735 0.569209 7.99688 0.12982 38.6762 0.239667 3.1656 0.279611
31301.00 1302.85 100.138999 44.6479 0.12982 3.97448 0.190735 0.569209 7.99688 0.12982 38.6762 0.239667 3.1656 0.279611
31201.00 1302.65 100.138999 44.6479 0.12982 3.97448 0.190735 0.569209 7.99688 0.12982 38.6762 0.239667 3.1656 0.279611
31101.00 1302.44 100.138999 44.6479 0.12982 3.97448 0.190735 0.569209 7.99688 0.12982 38.6762 0.239667 3.1656 0.279611
31001.00 1302.24 100.138999 44.6479 0.12982 3.97448 0.190735 0.569209 7.99688 0.12982 38.6762 0.239667 3.1656 0.279611
30901.00 1302.03 100.138999 44.6479 0.12982 3.97448 0.190735 0.569209 7.99688 0.12982 38.6762 0.239667 3.1656 0.279611
30801.00 1301.83 100.138999 44.6479 0.12982 3.97448 0.190735 0.569209 7.99688 0.12982 38.6762 0.239667 3.1656 0.279611
30701.00 1301.62 100.138999 44.6479 0.12982 3.97448 0.190735 0.569209 7.99688 0.12982 38.6762 0.239667 3.1656 0.279611
30601.00 1301.42 100.138999 44.6479 0.12982 3.97448 0.190735 0.569209 7.99688 0.12982 38.6762 0.239667 3.1656 0.279611
30501.00 1301.21 100.138999 44.6479 0.12982 3.97448 0.190735 0.569209 7.99688 0.12982 38.6762 0.239667 3.1656 0.279611
30401.00 1301.01 100.138999 44.6479 0.12982 3.97448 0.190735 0.569209 7.99688 0.12982 38.6762 0.239667 3.1656 0.279611
30301.00 1300.80 100.138999 44.6479 0.12982 3.97448 0.190735 0.569209 7.99688 0.12982 38.6762 0.239667 3.1656 0.279611
30201.00 1300.59 100.138999 44.6479 0.12982 3.97448 0.190735 0.569209 7.99688 0.12982 38.6762 0.239667 3.1656 0.279611
30101.00 1300.39 100.138999 44.6479 0.12982 3.97448 0.190735 0.569209 7.99688 0.12982 38.6762 0.239667 3.1656 0.279611
30001.00 1300.18 100.138999 44.6479 0.12982 3.97448 0.190735 0.569209 7.99688 0.12982 38.6762 0.239667 3.1656 0.279611
29901.00 1299.97 100.138999 44.6479 0.12982 3.97448 0.190735 0.569209 7.99688 0.12982 38.6762 0.239667 3.1656 0.279611
29801.00 1299.77 100.138999 44.6479 0.12982 3.97448 0.190735 0.569209 7.99688 0.12982 38.6762 0.239667 3.1656 0.279611
29701.00 1299.56 100.138999 44.6479 0.12982 3.97448 0.190735 0.569209 7.99688 0.12982 38.6762 0.239667 3.1656 0.279611
29601.00 1299.35 100.138999 44.6479 0.12982 3.97448 0.190735 0.569209 7.99688 0.12982 38.6762 0.239667 3.1656 0.279611
29501.00 1299.14 100.138999 44.6479 0.12982 3.97448 0.190735 0.569209 7.99688 0.12982 38.6762 0.239667 3.1656 0.279611
29401.00 1298.93 100.138999 44.6479 0.12982 3.97448 0.190735 0.569209 7.99688 0.12982 38.6762 0.239667 3.1656 0.279611
29301.00 1298.73 100.138999 44.6479 0.12982 3.97448 0.190735 0.569209 7.99688 0.12982 38.6762 0.239667 3.1656 0.279611
29201.00 1298.52 100.138999 44.6479 0.12982 3.97448 0.190735 0.569209 7.99688 0.12982 38.6762 0.239667 3.1656 0.279611
29101.00 1298.31 100.138999 44.6479 0.12982 3.97448 0.190735 0.569209 7.99688 0.12982 38.6762 0.239667 3.1656 0.279611
29001.00 1298.10 100.138999 44.6479 0.12982 3.97448 0.190735 0.569209 7.99688 0.12982 38.6762 0.239667 3.1656 0.279611
28901.00 1297.89 100.138999 44.6479 0.12982 3.97448 0.190735 0.569209 7.99688 0.12982 38.6762 0.239667 3.1656 0.279611
28801.00 1297.68 100.138999 44.6479 0.12982 3.97448 0.190735 0.569209 7.99688 0.12982 38.6762 0.239667 3.1656 0.279611
28701.00 1297.47 100.138999 44.6479 0.12982 3.97448 0.190735 0.569209 7.99688 0.12982 38.6762 0.239667 3.1656 0.279611
28601.00 1297.26 100.138999 44.6479 0.12982 3.97448 0.190735 0.569209 7.99688 0.12982 38.6762 0.239667 3.1656 0.279611
28501.00 1297.05 100.138999 44.6479 0.12982 3.97448 0.190735 0.569209 7.99688 0.12982 38.6762 0.239667 3.1656 0.279611
28401.00 1296.84 100.138999 44.6479 0.12982 3.97448 0.190735 0.569209 7.99688 0.12982 38.6762 0.239667 3.1656 0.279611
28301.00 1296.63 100.138999 44.6479 0.12982 3.97448 0.190735 0.569209 7.99688 0.12982 38.6762 0.239667 3.1656 0.279611
28201.00 1296.42 100.138999 44.6479 0.12982 3.97448 0.190735 0.569209 7.99688 0.12982 38.6762 0.239667 3.1656 0.279611
28101.00 1296.21 100.138999 44.6479 0.12982 3.97448 0.190735 0.569209 7.99688 0.12982 38.6762 0.239667 3.1656 0.279611
28001.00 1296.00 100.138999 44.6479 0.12982 3.97448 0.190735 0.569209 7.99688 0.12982 38.6762 0.239667 3.1656 0.279611
27901.00 1295.78 100.138999 44.6479 0.12982 3.97448 0.190735 0.569209 7.99688 0.12982 38.6762 0.239667 3.1656 0.279611
27801.00 1295.57 100.138999 44.6479 0.12982 3.97448 0.190735 0.569209 7.99688 0.12982 38.6762 0.239667 3.1656 0.279611
27701.00 1295.36 100.138999 44.6479 0.12982 3.97448 0.190735 0.569209 7.99688 0.12982 38.6762 0.239667 3.1656 0.279611
27601.00 1295.15 100.138999 44.6479 0.12982 3.97448 0.190735 0.569209 7.99688 0.12982 38.6762 0.239667 3.1656 0.279611
27501.00 1294.93 100.138999 44.6479 0.12982 3.97448 0.190735 0.569209 7.99688 0.12982 38.6762 0.239667 3.1656 0.279611
27401.00 1294.72 100.138999 44.6479 0.12982 3.97448 0.190735 0.569209 7.99688 0.12982 38.6762 0.239667 3.1656 0.279611
27301.00 1294.51 100.138999 44.6479 0.12982 3.97448 0.190735 0.569209 7.99688 0.12982 38.6762 0.239667 3.1656 0.279611
27201.00 1294.29 100.138999 44.6479 0.12982 3.97448 0.190735 0.569209 7.99688 0.12982 38.6762 0.239667 3.1656 0.279611
27101.00 1294.08 100.138999 44.6479 0.12982 3.97448 0.190735 0.569209 7.99688 0.12982 38.6762 0.239667 3.1656 0.279611
27001.00 1293.86 100.138999 44.6479 0.12982 3.97448 0.190735 0.569209 7.99688 0.12982 38.6762 0.239667 3.1656 0.279611
26901.00 1293.65 100.138999 44.6479 0.12982 3.97448 0.190735 0.569209 7.99688 0.12982 38.6762 0.239667 3.1656 0.279611
26801.00 1293.43 100.138999 44.6479 0.12982 3.97448 0.190735 0.569209 7.99688 0.12982 38.6762 0.239667 3.1656 0.279611
26701.00 1293.22 100.138999 44.6479 0.12982 3.97448 0.190735 0.569209 7.99688 0.12982 38.6762 0.239667 3.1656 0.279611
26601.00 1293.00 100.138999 44.6479 0.12982 3.97448 0.190735 0.569209 7.99688 0.12982 38.6762 0.239667 3.1656 0.279611
26501.00 1292.78 100.138999 44.6479 0.12982 3.97448 0.190735 0.569209 7.99688 0.12982 38.6762 0.239667 3.1656 0.279611
26401.00 1292.57 100.138999 44.6479 0.12982 3.97448 0.190735 0.569209 7.99688 0.12982 38.6762 0.239667 3.1656 0.279611
26301.00 1292.35 100.138999 44.6479 0.12982 3.97448 0.190735 0.569209 7.99688 0.12982 38.6762 0.239667 3.1656 0.279611
26201.00 1292.13 100.138999 44.6479 0.12982 3.97448 0.190735 0.569209 7.99688 0.12982 38.6762 0.239667 3.1656 0.279611
26101.00 1291.91 100.138999 44.6479 0.12982 3.97448 0.190735 0.569209 7.99688 0.12982 38.6762 0.239667 3.1656 0.279611
26001.00 1291.69 100.138999 44.6479 0.12982 3.97448 0.190735 0.569209 7.99688 0.12982 38.6762 0.239667 3.1656 0.279611
25901.00 1291.47 100.138999 44.6479 0.12982 3.97448 0.190735 0.569209 7.99688 0.12982 38.6762 0.239667 3.1656 0.279611
25801.00 1291.25 100.138999 44.6479 0.12982 3.97448 0.190735 0.569209 7.99688 0.12982 38.6762 0.239667 3.1656 0.279611
25701.00 1291.03 100.138999 44.6479 0.12982 3.97448 0.190735 0.569209 7.99688 0.12982 38.6762 0.239667 3.1656 0.279611
25601.00 1290.81 100.138999 44.6479 0.12982 3.97448 0.190735 0.569209 7.99688 0.12982 38.6762 0.239667 3.1656 0.279611
25501.00 1290.59 100.138999 44.6479 0.12982 3.97448 0.190735 0.569209 7.99688 0.12982 38.6762 0.239667 3.1656 0.279611
25401.00 1290.37 100.138999 44.6479 0.12982 3.97448 0.190735 0.569209 7.99688 0.12982 38.6762 0.239667 3.1656 0.279611
25301.00 1290.15 100.138999 44.6479 0.12982 3.97448 0.190735 0.569209 7.99688 0.12982 38.6762 0.239667 3.1656 0.279611
25201.00 1289.93 100.138999 44.6479 0.12982 3.97448 0.190735 0.569209 7.99688 0.12982 38.6762 0.239667 3.1656 0.279611
25101.00 1289.70 100.138999 44.6479 0.12982 3.97448 0.190735 0.569209 7.99688 0.12982 38.6762 0.239667 3.1656 0.279611
25001.00 1289.48 100.138999 44.6479 0.12982 3.97448 0.190735 0.569209 7.99688 0.12982 38.6762 0.239667 3.1656 0.279611
24901.00 1289.25 100.138999 44.6479 0.12982 3.97448 0.190735 0.569209 7.99688 0.12982 38.6762 0.239667 3.1656 0.279611
24801.00 1289.03 100.138999 44.6479 0.12982 3.97448 0.190735 0.569209 7.99688 0.12982 38.6762 0.239667 3.1656 0.279611
24701.00 1288.80 100.138999 44.6479 0.12982 3.97448 0.190735 0.569209 7.99688 0.12982 38.6762 0.239667 3.1656 0.279611
24601.00 1288.58 100.138999 44.6479 0.12982 3.97448 0.190735 0.569209 7.99688 0.12982 38.6762 0.239667 3.1656 0.279611
24501.00 1288.35 100.138999 44.6479 0.12982 3.97448 0.190735 0.569209 7.99688 0.12982 38.6762 0.239667 3.1656 0.279611
24401.00 1288.13 100.138999 44.6479 0.12982 3.97448 0.190735 0.569209 7.99688 0.12982 38.6762 0.239667 3.1656 0.279611
24301.00 1287.90 100.138999 44.6479 0.12982 3.97448 0.190735 0.569209 7.99688 0.12982 38.6762 0.239667 3.1656 0.279611
24201.00 1287.67 100.138999 44.6479 0.12982 3.97448 0.190735 0.569209 7.99688 0.12982 38.6762 0.239667 3.1656 0.279611
24101.00 1287.44 100.138999 44.6479 0.12982 3.97448 0.190735 0.569209 7.99688 0.12982 38.6762 0.239667 3.1656 0.279611
24001.00 1287.21 100.138999 44.6479 0.12982 3.97448 0.190735 0.569209 7.99688 0.12982 38.6762 0.239667 3.1656 0.279611
23901.00 1286.98 100.138999 44.6479 0.12982 3.97448 0.190735 0.569209 7.99688 0.12982 38.6762 0.239667 3.1656 0.279611
23801.00 1286.75 100.138999 44.6479 0.12982 3.97448 0.190735 0.569209 7.99688 0.12982 38.6762 0.239667 3.1656 0.279611
23701.00 1286.52 100.138999 44.6479 0.12982 3.97448 0.190735 0.569209 7.99688 0.12982 38.6762 0.239667 3.1656 0.279611
23601.00 1286.29 100.138999 44.6479 0.12982 3.97448 0.190735 0.569209 7.99688 0.12982 38.6762 0.239667 3.1656 0.279611
23501.00 1286.05 100.138999 44.6479 0.12982 3.97448 0.190735 0.569209 7.99688 0.12982 38.6762 0.239667 3.1656 0.279611
23401.00 1285.82 100.138999 44.6479 0.12982 3.97448 0.190735 0.569209 7.99688 0.12982 38.6762 0.239667 3.1656 0.279611
23301.00 1285.58 100.138999 44.6479 0.12982 3.97448 0.190735 0.569209 7.99688 0.12982 38.6762 0.239667 3.1656 0.279611
23201.00 1285.35 100.138999 44.6479 0.12982 3.97448 0.190735 0.569209 7.99688 0.12982 38.6762 0.239667 3.1656 0.279611
23101.00 1285.11 100.138999 44.6479 0.12982 3.97448 0.190735 0.569209 7.99688 0.12982 38.6762 0.239667 3.1656 0.279611
23001.00 1284.88 100.138999 44.6479 0.12982 3.97448 0.190735 0.569209 7.99688 0.12982 38.6762 0.239667 3.1656 0.279611
22901.00 1284.64 100.138999 44.6479 0.12982 3.97448 0.190735 0.569209 7.99688 0.12982 38.6762 0.239667 3.1656 0.279611
22801.00 1284.40 100.138999 44.6479 0.12982 3.97448 0.190735 0.569209 7.99688 0.12982 38.6762 0.239667 3.1656 0.279611
22701.00 1284.16 100.138999 44.6479 0.12982 3.97448 0.190735 0.569209 7.99688 0.12982 38.6762 0.239667 3.1656 0.279611
22601.00 1283.92 100.138999 44.6479 0.12982 3.97448 0.190735 0.569209 7.99688 0.12982 38.6762 0.239667 3.1656 0.279611
22501.00 1283.68 100.138999 44.6479 0.12982 3.97448 0.190735 0.569209 7.99688 0.12982 38.6762 0.239667 3.1656 0.279611
22401.00 1283.43 100.138999 44.6479 0.12982 3.97448 0.190735 0.569209 7.99688 0.12982 38.6762 0.239667 3.1656 0.279611
22301.00 1283.19 100.138999 44.6479 0.12982 3.97448 0.190735 0.569209 7.99688 0.12982 38.6762 0.239667 3.1656 0.279611
22201.00 1282.95 100.138999 44.6479 0.12982 3.97448 0.190735 0.569209 7.99688 0.12982 38.6762 0.239667 3.1656 0.279611
22101.00 1282.70 100.138999 44.6479 0.12982 3.97448 0.190735 0.569209 7.99688 0.12982 38.6762 0.239667 3.1656 0.279611
22001.00 1282.45 100.138999 44.6479 0.12982 3.97448 0.190735 0.569209 7.99688 0.12982 38.6762 0.239667 3.1656 0.279611
21901.00 1282.21 100.138999 44.6479 0.12982 3.97448 0.190735 0.569209 7.99688 0.12982 38.6762 0.239667 3.1656 0.279611
21801.00 1281.96 100.138999 44.6479 0.12982 3.97448 0.190735 0.569209 7.99688 0.12982 38.6762 0.239667 3.1656 0.279611
21701.00 1281.71 100.138999 44.6479 0.12982 3.97448 0.190735 0.569209 7.99688 0.12982 38.6762 0.239667 3.1656 0.279611
21601.00 1281.45 100.138999 44.6479 0.12982 3.97448 0.190735 0.569209 7.99688 0.12982 38.6762 0.239667 3.1656 0.279611
21501.00 1281.20 100.138999 44.6479 0.12982 3.97448 0.190735 0.569209 7.99688 0.12982 38.6762 0.239667 3.1656 0.279611
21401.00 1280.95 100.138999 44.6479 0.12982 3.97448 0.190735 0.569209 7.99688 0.12982 38.6762 0.239667 3.1656 0.279611
21301.00 1280.69 100.138999 44.6479 0.12982 3.97448 0.190735 0.569209 7.99688 0.12982 38.6762 0.239667 3.1656 0.279611
21201.00 1280.43 100.138999 44.6479 0.12982 3.97448 0.190735 0.569209 7.99688 0.12982 38.6762 0.239667 3.1656 0.279611
21101.00 1280.18 100.138999 44.6479 0.12982 3.97448 0.190735 0.569209 7.99688 0.12982 38.6762 0.239667 3.1656 0.279611
21001.00 1279.92 100.138999 44.6479 0.12982 3.97448 0.190735 0.569209 7.99688 0.12982 38.6762 0.239667 3.1656 0.279611
20901.00 1279.65 100.138999 44.6479 0.12982 3.97448 0.190735 0.569209 7.99688 0.12982 38.6762 0.239667 3.1656 0.279611
20801.00 1279.39 100.138999 44.6479 0.12982 3.97448 0.190735 0.569209 7.99688 0.12982 38.6762 0.239667 3.1656 0.279611
20701.00 1279.13 100.138999 44.6479 0.12982 3.97448 0.190735 0.569209 7.99688 0.12982 38.6762 0.239667 3.1656 0.279611
20601.00 1278.86 100.138999 44.6479 0.12982 3.97448 0.190735 0.569209 7.99688 0.12982 38.6762 0.239667 3.1656 0.279611
20501.00 1278.59 100.138999 44.6479 0.12982 3.97448 0.190735 0.569209 7.99688 0.12982 38.6762 0.239667 3.1656 0.279611
20401.00 1278.32 100.138999 44.6479 0.12982 3.97448 0.190735 0.569209 7.99688 0.12982 38.6762 0.239667 3.1656 0.279611
20301.00 1278.05 100.138999 44.6479 0.12982 3.97448 0.190735 0.569209 7.99688 0.12982 38.6762 0.239667 3.1656 0.279611
20201.00 1277.77 100.138999 44.6479 0.12982 3.97448 0.190735 0.569209 7.99688 0.12982 38.6762 0.239667 3.1656 0.279611
20101.00 1277.50 100.138999 44.6479 0.12982 3.97448 0.190735 0.569209 7.99688 0.12982 38.6762 0.239667 3.1656 0.279611
20001.00 1277.22 100.138999 44.6479 0.12982 3.97448 0.190735 0.569209 7.99688 0.12982 38.6762 0.239667 3.1656 0.279611
19901.00 1276.94 100.138999 44.6479 0.12982 3.97448 0.190735 0.569209 7.99688 0.12982 38.6762 0.239667 3.1656 0.279611
19801.00 1276.66 100.138999 44.6479 0.12982 3.97448 0.190735 0.569209 7.99688 0.12982 38.6762 0.239667 3.1656 0.279611
19701.00 1276.37 100.138999 44.6479 0.12982 3.97448 0.190735 0.569209 7.99688 0.12982 38.6762 0.239667 3.1656 0.279611
19601.00 1276.08 100.138999 44.6479 0.12982 3.97448 0.190735 0.569209 7.99688 0.12982 38.6762 0.239667 3.1656 0.279611
19501.00 1275.79 100.138999 44.6479 0.12982 3.97448 0.190735 0.569209 7.99688 0.12982 38.6762 0.239667 3.1656 0.279611
19401.00 1275.50 100.138999 44.6479 0.12982 3.97448 0.190735 0.569209 7.99688 0.12982 38.6762 0.239667 3.1656 0.279611
19301.00 1275.20 100.138999 44.6479 0.12982 3.97448 0.190735 0.569209 7.99688 0.12982 38.6762 0.239667 3.1656 0.279611
19201.00 1274.90 100.138999 44.6479 0.12982 3.97448 0.190735 0.569209 7.99688 0.12982 38.6762 0.239667 3.1656 0.279611
19101.00 1274.60 100.138999 44.6479 0.12982 3.97448 0.190735 0.569209 7.99688 0.12982 38.6762 0.239667 3.1656 0.279611
19001.00 1274.29 100.138999 44.6479 0.12982 3.97448 0.190735 0.569209 7.99688 0.12982 38.6762 0.239667 3.1656 0.279611
18901.00 1273.98 100.138999 44.6479 0.12982 3.97448 0.190735 0.569209 7.99688 0.12982 38.6762 0.239667 3.1656 0.279611
18801.00 1273.67 100.138999 44.6479 0.12982 3.97448 0.190735 0.569209 7.99688 0.12982 38.6762 0.239667 3.1656 0.279611
18701.00 1273.49 100.138999 44.6479 0.12982 3.97448 0.190735 0.569209 7.99688 0.12982 38.6762 0.239667 3.1656 0.279611
18601.00 1273.31 100.138999 44.6479 0.12982 3.97448 0.190735 0.569209 7.99688 0.12982 38.6762 0.239667 3.1656 0.279611
18501.00 1273.13 100.138999 44.6479 0.12982 3.97448 0.190735 0.569209 7.99688 0.12982 38.6762 0.239667 3.1656 0.279611
18401.00 1272.95 100.138999 44.6479 0.12982 3.97448 0.190735 0.569209 7.99688 0.12982 38.6762 0.239667 3.1656 0.279611
18301.00 1272.77 100.138999 44.6479 0.12982 3.97448 0.190735 0.569209 7.99688 0.12982 38.6762 0.239667 3.1656 0.279611
18201.00 1272.58 100.138999 44.6479 0.12982 3.97448 0.190735 0.569209 7.99688 0.12982 38.6762 0.239667 3.1656 0.279611
18101.00 1272.40 100.138999 44.6479 0.12982 3.97448 0.190735 0.569209 7.99688 0.12982 38.6762 0.239667 3.1656 0.279611
18001.00 1272.22 100.138999 44.6479 0.12982 3.97448 0.190735 0.569209 7.99688 0.12982 38.6762 0.239667 3.1656 0.279611
17901.00 1272.04 100.138999 44.6479 0.12982 3.97448 0.190735 0.569209 7.99688 0.12982 38.6762 0.239667 3.1656 0.279611
17801.00 1271.86 100.138999 44.6479 0.12982 3.97448 0.190735 0.569209 7.99688 0.12982 38.6762 0.239667 3.1656 0.279611
17701.00 1271.67 100.138999 44.6479 0.12982 3.97448 0.190735 0.569209 7.99688 0.12982 38.6762 0.239667 3.1656 0.279611
17601.00 1271.49 100.138999 44.6479 0.12982 3.97448 0.190735 0.569209 7.99688 0.12982 38.6762 0.239667 3.1656 0.279611
17501.00 1271.31 100.138999 44.6479 0.12982 3.97448 0.190735 0.569209 7.99688 0.12982 38.6762 0.239667 3.1656 0.279611
17401.00 1271.13 100.138999 44.6479 0.12982 3.97448 0.190735 0.569209 7.99688 0.12982 38.6762 0.239667 3.1656 0.279611
17301.00 1270.95 100.138999 44.6479 0.12982 3.97448 0.190735 0.569209 7.99688 0.12982 38.6762 0.239667 3.1656 0.279611
17201.00 1270.77 100.138999 44.6479 0.12982 3.97448 0.190735 0.569209 7.99688 0.12982 38.6762 0.239667 3.1656 0.279611
17101.00 1270.58 100.138999 44.6479 0.12982 3.97448 0.190735 0.569209 7.99688 0.12982 38.6762 0.239667 3.1656 0.279611
17001.00 1270.40 100.138999 44.6479 0.12982 3.97448 0.190735 0.569209 7.99688 0.12982 38.6762 0.239667 3.1656 0.279611
16901.00 1270.22 100.138999 44.6479 0.12982 3.97448 0.190735 0.569209 7.99688 0.12982 38.6762 0.239667 3.1656 0.279611
16801.00 1270.04 100.138999 44.6479 0.12982 3.97448 0.190735 0.569209 7.99688 0.12982 38.6762 0.239667 3.1656 0.279611
16701.00 1269.86 100.138999 44.6479 0.12982 3.97448 0.190735 0.569209 7.99688 0.12982 38.6762 0.239667 3.1656 0.279611
16601.00 1269.68 100.138999 44.6479 0.12982 3.97448 0.190735 0.569209 7.99688 0.12982 38.6762 0.239667 3.1656 0.279611
16501.00 1269.49 100.138999 44.6479 0.12982 3.97448 0.190735 0.569209 7.99688 0.12982 38.6762 0.239667 3.1656 0.279611
16401.00 1269.31 100.138999 44.6479 0.12982 3.97448 0.190735 0.569209 7.99688 0.12982 38.6762 0.239667 3.1656 0.279611
16301.00 1269.13 100.138999 44.6479 0.12982 3.97448 0.190735 0.569209 7.99688 0.12982 38.6762 0.239667 3.1656 0.279611
16201.00 1268.95 100.138999 44.6479 0.12982 3.97448 0.190735 0.569209 7.99688 0.12982 38.6762 0.239667 3.1656 0.279611
16101.00 1268.77 100.138999 44.6479 0.12982 3.97448 0.190735 0.569209 7.99688 0.12982 38.6762 0.239667 3.1656 0.279611
16001.00 1268.59 100.138999 44.6479 0.12982 3.97448 0.190735 0.569209 7.99688 0.12982 38.6762 0.239667 3.1656 0.279611
15901.00 1268.40 100.138999 44.6479 0.12982 3.97448 0.190735 0.569209 7.99688 0.12982 38.6762 0.239667 3.1656 0.279611
15801.00 1268.22 100.138999 44.6479 0.12982 3.97448 0.190735 0.569209 7.99688 0.12982 38.6762 0.239667 3.1656 0.279611
15701.00 1268.04 100.138999 44.6479 0.12982 3.97448 0.190735 0.569209 7.99688 0.12982 38.6762 0.239667 3.1656 0.279611
15601.00 1267.86 100.138999 44.6479 0.12982 3.97448 0.190735 0.569209 7.99688 0.12982 38.6762 0.239667 3.1656 0.279611
15501.00 1267.68 100.138999 44.6479 0.12982 3.97448 0.190735 0.569209 7.99688 0.12982 38.6762 0.239667 3.1656 0.279611
15401.00 1267.49 100.138999 44.6479 0.12982 3.97448 0.190735 0.569209 7.99688 0.12982 38.6762 0.239667 3.1656 0.279611
15301.00 1267.31 100.138999 44.6479 0.12982 3.97448 0.190735 0.569209 7.99688 0.12982 38.6762 0.239667 3.1656 0.279611
15201.00 1267.13 100.138999 44.6479 0.12982 3.97448 0.190735 0.569209 7.99688 0.12982 38.6762 0.239667 3.1656 0.279611
15101.00 1266.95 100.138999 44.6479 0.12982 3.97448 0.190735 0.569209 7.99688 0.12982 38.6762 0.239667 3.1656 0.279611
15001.00 1266.77 100.138999 44.6479 0.12982 3.97448 0.190735 0.569209 7.99688 0.12982 38.6762 0.239667 3.1656 0.279611
14901.00 1266.59 100.138999 44.6479 0.12982 3.97448 0.190735 0.569209 7.99688 0.12982 38.6762 0.239667 3.1656 0.279611
14801.00 1266.40 100.138999 44.6479 0.12982 3.97448 0.190735 0.569209 7.99688 0.12982 38.6762 0.239667 3.1656 0.279611
14701.00 1266.22 100.138999 44.6479 0.12982 3.97448 0.190735 0.569209 7.99688 0.12982 38.6762 0.239667 3.1656 0.279611
14601.00 1266.04 100.138999 44.6479 0.12982 3.97448 0.190735 0.569209 7.99688 0.12982 38.6762 0.239667 3.1656 0.279611
14501.00 1265.86 100.138999 44.6479 0.12982 3.97448 0.190735 0.569209 7.99688 0.12982 38.6762 0.239667 3.1656 0.279611
14401.00 1265.68 100.138999 44.6479 0.12982 3.97448 0.190735 0.569209 7.99688 0.12982 38.6762 0.239667 3.1656 0.279611
14301.00 1265.50 100.138999 44.6479 0.12982 3.97448 0.190735 0.569209 7.99688 0.12982 38.6762 0.239667 3.1656 0.279611
14201.00 1265.31 100.138999 44.6479 0.12982 3.97448 0.190735 0.569209 7.99688 0.12982 38.6762 0.239667 3.1656 0.279611
14101.00 1265.13 100.138999 44.6479 0.12982 3.97448 0.190735 0.569209 7.99688 0.12982 38.6762 0.239667 3.1656 0.279611
14001.00 1264.95 100.138999 44.6479 0.12982 3.97448 0.190735 0.569209 7.99688 0.12982 38.6762 0.239667 3.1656 0.279611
13901.00 1264.77 100.138999 44.6479 0.12982 3.97448 0.190735 0.569209 7.99688 0.12982 38.6762 0.239667 3.1656 0.279611
13801.00 1264.59 100.138999 44.6479 0.12982 3.97448 0.190735 0.569209 7.99688 0.12982 38.6762 0.239667 3.1656 0.279611
13701.00 1264.40 100.138999 44.6479 0.12982 3.97448 0.190735 0.569209 7.99688 0.12982 38.6762 0.239667 3.1656 0.279611
13601.00 1264.22 100.138999 44.6479 0.12982 3.97448 0.190735 0.569209 7.99688 0.12982 38.6762 0.239667 3.1656 0.279611
13501.00 1264.04 100.138999 44.6479 0.12982 3.97448 0.190735 0.569209 7.99688 0.12982 38.6762 0.239667 3.1656 0.279611
13401.00 1263.86 100.138999 44.6479 0.12982 3.97448 0.190735 0.569209 7.99688 0.12982 38.6762 0.239667 3.1656 0.279611
13301.00 1263.68 100.138999 44.6479 0.12982 3.97448 0.190735 0.569209 7.99688 0.12982 38.6762 0.239667 3.1656 0.279611
13201.00 1263.50 100.138999 44.6479 0.12982 3.97448 0.190735 0.569209 7.99688 0.12982 38.6762 0.239667 3.1656 0.279611
13101.00 1263.31 100.138999 44.6479 0.12982 3.97448 0.190735 0.569209 7.99688 0.12982 38.6762 0.239667 3.1656 0.279611
13001.00 1263.13 100.138999 44.6479 0.12982 3.97448 0.190735 0.569209 7.99688 0.12982 38.6762 0.239667 3.1656 0.279611
12901.00 1262.95 100.138999 44.6479 0.12982 3.97448 0.190735 0.569209 7.99688 0.12982 38.6762 0.239667 3.1656 0.279611
12801.00 1262.77 100.138999 44.6479 0.12982 3.97448 0.190735 0.569209 7.99688 0.12982 38.6762 0.239667 3.1656 0.279611
12701.00 1262.59 100.138999 44.6479 0.12982 3.97448 0.190735 0.569209 7.99688 0.12982 38.6762 0.239667 3.1656 0.279611
12601.00 1262.40 100.138999 44.6479 0.12982 3.97448 0.190735 0.569209 7.99688 0.12982 38.6762 0.239667 3.1656 0.279611
12501.00 1262.22 100.138999 44.6479 0.12982 3.97448 0.190735 0.569209 7.99688 0.12982 38.6762 0.239667 3.1656 0.279611
12401.00 1262.04 100.138999 44.6479 0.12982 3.97448 0.190735 0.569209 7.99688 0.12982 38.6762 0.239667 3.1656 0.279611
12301.00 1261.86 100.138999 44.6479 0.12982 3.97448 0.190735 0.569209 7.99688 0.12982 38.6762 0.239667 3.1656 0.279611
12201.00 1261.68 100.138999 44.6479 0.12982 3.97448 0.190735 0.569209 7.99688 0.12982 38.6762 0.239667 3.1656 0.279611
12101.00 1261.50 100.138999 44.6479 0.12982 3.97448 0.190735 0.569209 7.99688 0.12982 38.6762 0.239667 3.1656 0.279611
12001.00 1261.26 100.126259 44.6469 0.129757 3.97259 0.190749 0.569243 7.99738 0.129834 38.6802 0.239696 3.16547 0.278228
11901.00 1260.93 100.086938 44.6436 0.129563 3.96678 0.19079 0.569351 7.9989 0.129879 38.6922 0.239787 3.16506 0.274015
11801.00 1260.60 100.046986 44.6403 0.129367 3.96086 0.190832 0.569464 8.00045 0.129926 38.7045 0.23988 3.16459 0.26982
11701.00 1260.27 100.006376 44.6368 0.129168 3.95482 0.190873 0.569583 8.00203 0.129973 38.717 0.239974 3.16408 0.265644
11601.00 1259.93 99.965084 44.6332 0.128967 3.94868 0.190913 0.569708 8.00364 0.130021 38.7298 0.240071 3.16351 0.261485
11501.00 1259.60 99.923081 44.6296 0.128762 3.94241 0.190954 0.569839 8.00529 0.13007 38.7427 0.240168 3.16288 0.257344
11401.00 1259.26 99.880339 44.6258 0.128554 3.93602 0.190993 0.569976 8.00698 0.13012 38.7559 0.240268 3.16219 0.253222
11301.00 1258.92 99.836827 44.6219 0.128343 3.92951 0.191033 0.57012 8.0087 0.130172 38.7693 0.24037 3.16144 0.249118
11201.00 1258.57 99.792512 44.6178 0.128129 3.92286 0.191072 0.57027 8.01045 0.130224 38.783 0.240474 3.16062 0.245032
11101.00 1258.23 99.747362 44.6137 0.12791 3.91608 0.19111 0.570427 8.01225 0.130278 38.797 0.24058 3.15973 0.240965
11001.00 1257.88 99.701340 44.6094 0.127687 3.90915 0.191147 0.57059 8.01408 0.130333 38.8112 0.240688 3.15877 0.236917
10901.00 1257.53 99.654408 44.605 0.127461 3.90208 0.191184 0.57076 8.01596 0.130389 38.8257 0.240799 3.15773 0.232887
10801.00 1257.18 99.606528 44.6005 0.127229 3.89485 0.19122 0.570938 8.01788 0.130446 38.8406 0.240912 3.15661 0.228877
10701.00 1256.83 99.557657 44.5958 0.126993 3.88746 0.191255 0.571123 8.01984 0.130505 38.8557 0.241027 3.15541 0.224885
10601.00 1256.47 99.507751 44.591 0.126751 3.8799 0.191289 0.571316 8.02184 0.130566 38.8712 0.241145 3.15411 0.220913
10501.00 1256.11 99.456763 44.586 0.126504 3.87217 0.191322 0.571516 8.0239 0.130628 38.887 0.241266 3.15272 0.21696
10401.00 1255.75 99.404644 44.5809 0.126252 3.86425 0.191353 0.571725 8.026 0.130691 38.9032 0.24139 3.15123 0.213026
10301.00 1255.39 99.351342 44.5756 0.125993 3.85615 0.191384 0.571943 8.02816 0.130756 38.9198 0.241517 3.14964 0.209112
10201.00 1255.02 99.296801 44.5701 0.125728 3.84785 0.191412 0.572169 8.03037 0.130823 38.9367 0.241647 3.14793 0.205217
10101.00 1254.65 99.240964 44.5645 0.125455 3.83934 0.19144 0.572404 8.03263 0.130892 38.9541 0.24178 3.14611 0.201342
10001.00 1254.28 99.183769 44.5587 0.125176 3.83061 0.191465 0.572648 8.03495 0.130963 38.9719 0.241917 3.14416 0.197487
9901.00 1253.90 99.125150 44.5527 0.124889 3.82166 0.191488 0.572902 8.03733 0.131035 38.9902 0.242058 3.14207 0.193653
9801.00 1253.52 99.065218 44.5466 0.124594 3.8125 0.19151 0.573165 8.03977 0.13111 39.0088 0.242202 3.13987 0.189838
9701.00 1253.13 99.004607 44.5404 0.124296 3.80323 0.19153 0.573433 8.04223 0.131185 39.0278 0.242347 3.13758 0.186044
9601.00 1252.75 98.943292 44.5341 0.123992 3.79384 0.191548 0.573707 8.04473 0.131262 39.0469 0.242495 3.13521 0.18227
9501.00 1252.36 98.881247 44.5276 0.123684 3.78433 0.191565 0.573985 8.04725 0.131339 39.0663 0.242644 3.13275 0.178518
9401.00 1251.97 98.818444 44.5211 0.123371 3.77469 0.191579 0.574269 8.0498 0.131418 39.0859 0.242796 3.13021 0.174786
9301.00 1251.58 98.754853 44.5146 0.123053 3.76493 0.191592 0.574558 8.05238 0.131498 39.1058 0.24295 3.12757 0.171074
9201.00 1251.19 98.690445 44.5079 0.122729 3.75503 0.191603 0.574853 8.055 0.131579 39.126 0.243106 3.12484 0.167384
9101.00 1250.80 98.625186 44.5011 0.1224 3.745 0.191611 0.575154 8.05765 0.131661 39.1465 0.243264 3.122 0.163715
9001.00 1250.40 98.559043 44.4942 0.122064 3.73482 0.191617 0.575461 8.06034 0.131745 39.1672 0.243425 3.11906 0.160067
8901.00 1250.00 98.491978 44.4872 0.121723 3.72449 0.19162 0.575774 8.06306 0.13183 39.1883 0.243588 3.11601 0.15644
8801.00 1249.60 98.423955 44.4801 0.121375 3.71401 0.191621 0.576094 8.06582 0.131916 39.2097 0.243754 3.11284 0.152835
8701.00 1249.20 98.354932 44.4728 0.12102 3.70336 0.191619 0.576421 8.06862 0.132004 39.2314 0.243922 3.10956 0.149251
8601.00 1248.79 98.284868 44.4655 0.120658 3.69254 0.191614 0.576755 8.07145 0.132093 39.2535 0.244094 3.10615 0.145688
8501.00 1248.38 98.213716 44.458 0.120289 3.68155 0.191606 0.577096 8.07433 0.132184 39.2759 0.244268 3.10261 0.142148
8401.00 1247.97 98.141429 44.4504 0.119912 3.67038 0.191595 0.577444 8.07726 0.132277 39.2987 0.244445 3.09894 0.138629
8301.00 1247.55 98.067957 44.4427 0.119526 3.65901 0.191579 0.577801 8.08023 0.132371 39.3219 0.244626 3.09512 0.135132
8201.00 1247.13 97.993245 44.4349 0.119132 3.64744 0.19156 0.578166 8.08324 0.132467 39.3455 0.24481 3.09115 0.131657
8101.00 1246.71 97.917237 44.4269 0.118729 3.63566 0.191537 0.578539 8.08631 0.132565 39.3696 0.244997 3.08703 0.128204
8001.00 1246.29 97.839873 44.4187 0.118316 3.62367 0.19151 0.578921 8.08943 0.132665 39.3941 0.245189 3.08274 0.124774
7901.00 1245.86 97.761087 44.4104 0.117894 3.61144 0.191478 0.579313 8.0926 0.132767 39.419 0.245384 3.07828 0.121366
7801.00 1245.43 97.680811 44.402 0.11746 3.59897 0.19144 0.579714 8.09582 0.132871 39.4445 0.245583 3.07364 0.117981
7701.00 1244.99 97.598974 44.3934 0.117016 3.58626 0.191398 0.580125 8.09911 0.132978 39.4705 0.245786 3.06881 0.114619
7601.00 1244.55 97.515497 44.3846 0.11656 3.57327 0.191349 0.580547 8.10246 0.133086 39.4971 0.245994 3.06378 0.11128
7501.00 1244.10 97.430298 44.3756 0.116092 3.56001 0.191295 0.58098 8.10587 0.133198 39.5242 0.246206 3.05853 0.107964
7401.00 1243.65 97.343290 44.3665 0.11561 3.54646 0.191234 0.581425 8.10935 0.133312 39.552 0.246424 3.05307 0.104672
7301.00 1243.19 97.254377 44.3571 0.115115 3.53259 0.191166 0.581882 8.11291 0.133429 39.5804 0.246646 3.04738 0.101404
7201.00 1242.73 97.163460 44.3476 0.114605 3.51841 0.19109 0.582352 8.11654 0.133548 39.6094 0.246874 3.04143 0.09816
7101.00 1242.27 97.070433 44.3378 0.11408 3.50388 0.191007 0.582835 8.12024 0.133671 39.6392 0.247108 3.03523 0.0949406
7001.00 1241.79 96.975179 44.3278 0.113539 3.48899 0.190914 0.583333 8.12404 0.133797 39.6698 0.247348 3.02876 0.0917461
6901.00 1241.32 96.877578 44.3175 0.112981 3.47372 0.190812 0.583845 8.12792 0.133927 39.7011 0.247594 3.02199 0.0885769
6801.00 1240.83 96.777497 44.307 0.112404 3.45805 0.190701 0.584373 8.13189 0.13406 39.7333 0.247848 3.01491 0.0854335
6701.00 1240.34 96.674796 44.2962 0.111809 3.44196 0.190578 0.584919 8.13597 0.134197 39.7664 0.248108 3.00751 0.0823163
6601.00 1239.84 96.569324 44.2852 0.111193 3.42541 0.190444 0.585481 8.14015 0.134338 39.8004 0.248376 2.99977 0.079226
6501.00 1239.33 96.460918 44.2738 0.110555 3.40838 0.190297 0.586063 8.14444 0.134484 39.8355 0.248653 2.99165 0.0761632
6401.00 1238.81 96.349405 44.2622 0.109894 3.39085 0.190137 0.586664 8.14885 0.134634 39.8716 0.248937 2.98315 0.0731285
6301.00 1238.29 96.234596 44.2501 0.10921 3.37278 0.189963 0.587286 8.15339 0.134789 39.9089 0.249231 2.97423 0.0701227
6201.00 1237.75 96.116289 44.2378 0.108499 3.35414 0.189772 0.58793 8.15806 0.134949 39.9473 0.249535 2.96487 0.0671468
6101.00 1237.21 95.994268 44.225 0.107761 3.33488 0.189565 0.588598 8.16287 0.135115 39.9871 0.249849 2.95504 0.0642016
6001.00 1236.65 95.868297 44.2119 0.106993 3.31498 0.18934 0.589292 8.16784 0.135286 40.0282 0.250174 2.94471 0.0612883
5901.00 1236.09 95.738122 44.1983 0.106194 3.29438 0.189094 0.590012 8.17298 0.135464 40.0709 0.250511 2.93384 0.0584081
5801.00 1235.51 95.603471 44.1842 0.105363 3.27304 0.188828 0.59076 8.17829 0.135649 40.1151 0.250861 2.9224 0.0555622
5701.00 1234.92 95.464047 44.1696 0.104495 3.25091 0.188538 0.59154 8.18379 0.135841 40.1609 0.251224 2.91034 0.0527523
5601.00 1234.31 95.319529 44.1545 0.10359 3.22794 0.188223 0.592352 8.18949 0.13604 40.2086 0.251602 2.89763 0.04998
5501.00 1233.69 95.169572 44.1389 0.102645 3.20405 0.187881 0.593199 8.19541 0.136248 40.2583 0.251995 2.88421 0.0472471
5401.00 1233.05 95.013801 44.1226 0.101657 3.17919 0.187509 0.594083 8.20156 0.136465 40.31 0.252404 2.87004 0.0445557
5301.00 1232.40 94.851808 44.1056 0.100623 3.15329 0.187105 0.595008 8.20797 0.136691 40.3639 0.252832 2.85505 0.0419082
5201.00 1231.73 94.683154 44.0879 0.0995392 3.12626 0.186667 0.595976 8.21466 0.136927 40.4203 0.253278 2.83918 0.0393071
5101.00 1231.04 94.507363 44.0695 0.0984034 3.09803 0.18619 0.596991 8.22164 0.137175 40.4792 0.253746 2.82237 0.0367551
5001.00 1230.33 94.323920 44.0502 0.0972114 3.06849 0.185673 0.598055 8.22894 0.137434 40.541 0.254235 2.80455 0.0342555
4901.00 1229.59 94.132270 44.03 0.0959595 3.03755 0.18511 0.599174 8.23659 0.137706 40.6057 0.254749 2.78562 0.0318117
4801.00 1228.83 93.931812 44.0088 0.0946435 3.00509 0.184498 0.60035 8.24462 0.137993 40.6738 0.255289 2.76551 0.0294275
4701.00 1228.05 93.721905 43.9866 0.093259 2.97101 0.183834 0.60159 8.25307 0.138294 40.7453 0.255856 2.74412 0.027107
4601.00 1227.24 93.501861 43.9631 0.0918016 2.93516 0.183111 0.602897 8.26195 0.138611 40.8207 0.256454 2.72134 0.0248547
4501.00 1226.39 93.270949 43.9384 0.0902664 2.8974 0.182325 0.604277 8.27133 0.138945 40.9002 0.257084 2.69708 0.0226754
4401.00 1225.52 93.028398 43.9124 0.0886485 2.8576 0.181471 0.605735 8.28124 0.139299 40.9841 0.25775 2.67119 0.0205743
4301.00 1224.61 92.773405 43.8848 0.086943 2.8156 0.180541 0.607278 8.29172 0.139672 41.0729 0.258454 2.64357 0.018557
4201.00 1223.67 92.505145 43.8556 0.0851451 2.77122 0.179531 0.608913 8.30283 0.140068 41.1668 0.259198 2.61408 0.0166291
4101.00 1222.68 92.222789 43.8246 0.08325 2.72429 0.178433 0.610644 8.31461 0.140487 41.2663 0.259987 2.58257 0.0147966
4001.00 1221.66 91.925524 43.7917 0.0812537 2.67465 0.177241 0.61248 8.32713 0.140931 41.3717 0.260822 2.54892 0.0130654
3901.00 1220.59 91.612594 43.7568 0.0791525 2.62213 0.175947 0.614427 8.34044 0.141402 41.4836 0.261708 2.51298 0.0114413
3801.00 1219.47 91.283333 43.7196 0.0769441 2.56657 0.174545 0.616491 8.3546 0.141901 41.6021 0.262646 2.47463 0.00992973
3701.00 1218.31 90.937229 43.6801 0.0746276 2.50783 0.173028 0.618677 8.36966 0.14243 41.7277 0.26364 2.43374 0.00853544
3601.00 1217.10 90.573981 43.6381 0.0722039 2.4458 0.171391 0.620989 8.38567 0.142989 41.8607 0.264691 2.39023 0.00726219
3501.00 1215.84 90.193576 43.5935 0.0696766 2.38042 0.16963 0.623431 8.40266 0.14358 42.0012 0.265801 2.34404 0.00611242
3401.00 1214.54 89.796362 43.5462 0.0670519 2.3117 0.167741 0.626002 8.42067 0.144203 42.1492 0.26697 2.29516 0.00508689
3301.00 1213.18 89.383115 43.4961 0.0643394 2.23971 0.165727 0.6287 8.43971 0.144857 42.3048 0.268198 2.24362 0.00418434
3201.00 1211.79 88.955090 43.4434 0.0615523 2.1646 0.163587 0.63152 8.45975 0.145541 42.4677 0.269482 2.18954 0.00340135
3101.00 1210.36 88.514043 43.388 0.058707 2.08664 0.16133 0.634451 8.48076 0.146252 42.6373 0.270818 2.13309 0.00273228
3001.00 1208.89 88.062209 43.33 0.0558228 2.00618 0.158962 0.637483 8.50269 0.146989 42.8129 0.2722 2.07452 0.00216942
2901.00 1207.41 87.602243 43.2698 0.0529215 1.92365 0.156498 0.640598 8.52542 0.147747 42.9938 0.273622 2.01417 0.00170332
2801.00 1205.90 87.137121 43.2076 0.0500262 1.83958 0.153951 0.643777 8.54885 0.148522 43.1789 0.275076 1.95239 0.00132335
2701.00 1204.39 86.670004 43.1437 0.0471604 1.75453 0.151339 0.647001 8.57284 0.149309 43.3669 0.276552 1.8896 0.00101825
2601.00 1202.88 86.204103 43.0785 0.0443465 1.66911 0.148681 0.650246 8.59724 0.150103 43.5567 0.278039 1.82625 0.000776753
2501.00 1201.37 85.742540 43.0123 0.0416054 1.58391 0.145996 0.653491 8.62188 0.150898 43.747 0.279529 1.76279 0.000588115
2401.00 1199.89 85.288239 42.9456 0.0389554 1.49954 0.143304 0.656715 8.64661 0.151688 43.9365 0.281012 1.69963 0.000442521
2301.00 1198.44 84.843834 42.8788 0.0364119 1.41653 0.140624 0.659897 8.67125 0.15247 44.124 0.282477 1.6372 0.000331329
2201.00 1197.01 84.411624 42.8123 0.033987 1.33539 0.137974 0.663019 8.69567 0.153239 44.3084 0.283917 1.57586 0.000247179
2101.00 1195.63 83.993535 42.7463 0.0316897 1.25655 0.135369 0.666065 8.71971 0.153989 44.4888 0.285324 1.51594 0.000183974
2001.00 1194.29 83.591126 42.6814 0.0295257 1.18039 0.132825 0.669021 8.74326 0.154719 44.6644 0.286692 1.45772 0.000136788
1901.00 1192.99 83.205593 42.6176 0.0274982 1.10721 0.130353 0.671875 8.7662 0.155425 44.8343 0.288015 1.40144 0.000101722
1801.00 1191.75 82.837788 42.5554 0.0256075 1.03727 0.127964 0.67462 8.78843 0.156105 44.998 0.289289 1.34729 7.57475e-005
1701.00 1190.55 82.488248 42.4949 0.0238522 0.970715 0.125667 0.677247 8.80989 0.156756 45.155 0.290509 1.29541 5.65421e-005
1601.00 1189.41 82.157217 42.4363 0.0222288 0.907676 0.123468 0.679752 8.83051 0.157378 45.3051 0.291675 1.2459 4.23499e-005
1501.00 1188.32 81.844679 42.3797 0.0207324 0.848203 0.121371 0.682133 8.85025 0.15797 45.448 0.292784 1.19882 3.18558e-005
1401.00 1187.29 81.550387 42.3252 0.019357 0.792299 0.119378 0.68439 8.86908 0.158531 45.5837 0.293836 1.15418 2.40825e-005
1301.00 1186.30 81.273891 42.2729 0.0180956 0.739916 0.11749 0.686523 8.88699 0.159063 45.7122 0.294832 1.11198 1.83087e-005
1201.00 1185.37 81.014579 42.2229 0.016941 0.690969 0.115706 0.688534 8.90398 0.159564 45.8335 0.295772 1.07217 1.40042e-005
1101.00 1184.48 80.771705 42.175 0.0158853 0.645338 0.114025 0.690429 8.92007 0.160036 45.9479 0.296657 1.03468 1.07807e-005
1001.00 1183.64 80.544424 42.1293 0.014921 0.602878 0.112442 0.692211 8.93528 0.160481 46.0556 0.297491 0.999421 8.3543e-006
901.00 1182.84 80.331828 42.0856 0.0140403 0.563423 0.110953 0.693886 8.94965 0.160899 46.1569 0.298275 0.966285 6.51741e-006
801.00 1182.07 80.132972 42.044 0.0132359 0.526798 0.109555 0.69546 8.9632 0.161291 46.2523 0.299012 0.935157 5.11828e-006
701.00 1181.35 79.946902 42.0043 0.0125008 0.492821 0.108241 0.696939 8.976 0.161661 46.3419 0.299705 0.905916 4.04572e-006
601.00 1180.66 79.772674 41.9664 0.0118285 0.461307 0.107006 0.698331 8.98807 0.162008 46.4263 0.300356 0.878439 3.21809e-006
501.00 1180.00 79.609375 41.9302 0.0112129 0.432078 0.105845 0.69964 8.99946 0.162335 46.5056 0.30097 0.852603 2.57518e-006
401.00 1179.37 79.456129 41.8956 0.0106484 0.404959 0.104753 0.700874 9.01023 0.162642 46.5804 0.301547 0.828286 2.07243e-006
301.00 1178.77 79.312111 41.8625 0.0101301 0.379787 0.103724 0.702037 9.02041 0.162932 46.651 0.302092 0.805374 1.67672e-006
201.00 1178.19 79.176547 41.8308 0.00965328 0.356405 0.102754 0.703137 9.03005 0.163206 46.7177 0.302607 0.783757 1.36325e-006
101.00 1177.63 79.048719 41.8003 0.00921387 0.33467 0.101837 0.704177 9.03919 0.163465 46.7807 0.303094 0.763332 1.1134e-006
1.00 1177.09 78.927963 41.771 0.00880816 0.314446 0.100971 0.705163 9.04786 0.163711 46.8405 0.303555 0.744003 9.13076e-007