Title: Depleted MORB Mantle of Workmann & Hart 2005

System Thermodynamic Data:
Pressure Temperature mass F phi S H V Cp dVdP*10^6 dVdT*10^6 fO2(absolute) fO2(absolute) rhol rhos viscosity aH2O chisqr
44001.00 1328.06 100.138999 0.0000000000000000 0.000000 247.473399 -1160859.846272 30.073857 124.335060 -19.878613 1411.617006 -6.417 -6.417 0.000000 3.329769 0.000 0 0.000
43901.00 1327.86 100.138999 0.0000000000000000 0.000000 247.473399 -1161160.594462 30.075781 124.341374 -19.885610 1411.550606 -6.422 -6.422 0.000000 3.329556 0.000 0 0.000
43801.00 1327.67 100.138999 0.0000000000000000 0.000000 247.473399 -1161461.361899 30.077707 124.347689 -19.892613 1411.484347 -6.426 -6.426 0.000000 3.329343 0.000 0 0.000
43701.00 1327.47 100.138999 0.0000000000000000 0.000000 247.473399 -1161762.148604 30.079635 124.354003 -19.899620 1411.418232 -6.431 -6.431 0.000000 3.329130 0.000 0 0.000
43601.00 1327.28 100.138999 0.0000000000000000 0.000000 247.473399 -1162062.954599 30.081565 124.360317 -19.906631 1411.352261 -6.436 -6.436 0.000000 3.328916 0.000 0 0.000
43501.00 1327.08 100.138999 0.0000000000000000 0.000000 247.473399 -1162363.779905 30.083497 124.366632 -19.913647 1411.286436 -6.441 -6.441 0.000000 3.328702 0.000 0 0.000
43401.00 1326.89 100.138999 0.0000000000000000 0.000000 247.473399 -1162664.624543 30.085431 124.372947 -19.920668 1411.220758 -6.445 -6.445 0.000000 3.328488 0.000 0 0.000
43301.00 1326.69 100.138999 0.0000000000000000 0.000000 247.473399 -1162965.488535 30.087368 124.379262 -19.927694 1411.155228 -6.450 -6.450 0.000000 3.328274 0.000 0 0.000
43201.00 1326.50 100.138999 0.0000000000000000 0.000000 247.473399 -1163266.371903 30.089306 124.385577 -19.934724 1411.089847 -6.455 -6.455 0.000000 3.328059 0.000 0 0.000
43101.00 1326.30 100.138999 0.0000000000000000 0.000000 247.473399 -1163567.274669 30.091247 124.391892 -19.941760 1411.024616 -6.460 -6.460 0.000000 3.327845 0.000 0 0.000
43001.00 1326.10 100.138999 0.0000000000000000 0.000000 247.473399 -1163868.196855 30.093190 124.398208 -19.948800 1410.959538 -6.464 -6.464 0.000000 3.327630 0.000 0 0.000
42901.00 1325.91 100.138999 0.0000000000000000 0.000000 247.473399 -1164169.138484 30.095136 124.404524 -19.955845 1410.894612 -6.469 -6.469 0.000000 3.327415 0.000 0 0.000
42801.00 1325.71 100.138999 0.0000000000000000 0.000000 247.473399 -1164470.099576 30.097083 124.410840 -19.962895 1410.829841 -6.474 -6.474 0.000000 3.327199 0.000 0 0.000
42701.00 1325.52 100.138999 0.0000000000000000 0.000000 247.473399 -1164771.080157 30.099033 124.417157 -19.969950 1410.765225 -6.479 -6.479 0.000000 3.326984 0.000 0 0.000
42601.00 1325.32 100.138999 0.0000000000000000 0.000000 247.473399 -1165072.080246 30.100985 124.423473 -19.977011 1410.700767 -6.484 -6.484 0.000000 3.326768 0.000 0 0.000
42501.00 1325.13 100.138999 0.0000000000000000 0.000000 247.473399 -1165373.099869 30.102940 124.429791 -19.984076 1410.636466 -6.488 -6.488 0.000000 3.326552 0.000 0 0.000
42401.00 1324.93 100.138999 0.0000000000000000 0.000000 247.473399 -1165674.139047 30.104896 124.436108 -19.991147 1410.572326 -6.493 -6.493 0.000000 3.326336 0.000 0 0.000
42301.00 1324.73 100.138999 0.0000000000000000 0.000000 247.473399 -1165975.197804 30.106855 124.442426 -19.998223 1410.508347 -6.498 -6.498 0.000000 3.326120 0.000 0 0.000
42201.00 1324.54 100.138999 0.0000000000000000 0.000000 247.473399 -1166276.276163 30.108817 124.448745 -20.005304 1410.444530 -6.503 -6.503 0.000000 3.325903 0.000 0 0.000
42101.00 1324.34 100.138999 0.0000000000000000 0.000000 247.473399 -1166577.374147 30.110781 124.455063 -20.012390 1410.380877 -6.508 -6.508 0.000000 3.325686 0.000 0 0.000
42001.00 1324.15 100.138999 0.0000000000000000 0.000000 247.473399 -1166878.491781 30.112747 124.461383 -20.019482 1410.317390 -6.513 -6.513 0.000000 3.325469 0.000 0 0.000
41901.00 1323.95 100.138999 0.0000000000000000 0.000000 247.473399 -1167179.629087 30.114715 124.467702 -20.026579 1410.254069 -6.518 -6.518 0.000000 3.325251 0.000 0 0.000
41801.00 1323.76 100.138999 0.0000000000000000 0.000000 247.473399 -1167480.786091 30.116686 124.474023 -20.033681 1410.190917 -6.523 -6.523 0.000000 3.325034 0.000 0 0.000
41701.00 1323.56 100.138999 0.0000000000000000 0.000000 247.473399 -1167781.962815 30.118659 124.480344 -20.040790 1410.127935 -6.528 -6.528 0.000000 3.324816 0.000 0 0.000
41601.00 1323.36 100.138999 0.0000000000000000 0.000000 247.473399 -1168083.159284 30.120635 124.486665 -20.047903 1410.065124 -6.533 -6.533 0.000000 3.324598 0.000 0 0.000
41501.00 1323.17 100.138999 0.0000000000000000 0.000000 247.473399 -1168384.375522 30.122613 124.492987 -20.055023 1410.002486 -6.538 -6.538 0.000000 3.324380 0.000 0 0.000
41401.00 1322.97 100.138999 0.0000000000000000 0.000000 247.473399 -1168685.611555 30.124594 124.499309 -20.062148 1409.940023 -6.543 -6.543 0.000000 3.324161 0.000 0 0.000
41301.00 1322.78 100.138999 0.0000000000000000 0.000000 247.473399 -1168986.867407 30.126577 124.505633 -20.069278 1409.877736 -6.548 -6.548 0.000000 3.323942 0.000 0 0.000
41201.00 1322.58 100.138999 0.0000000000000000 0.000000 247.473399 -1169288.143103 30.128563 124.511956 -20.076415 1409.815626 -6.553 -6.553 0.000000 3.323723 0.000 0 0.000
41101.00 1322.38 100.138999 0.0000000000000000 0.000000 247.473399 -1169589.438668 30.130551 124.518281 -20.083557 1409.753696 -6.558 -6.558 0.000000 3.323504 0.000 0 0.000
41001.00 1322.19 100.138999 0.0000000000000000 0.000000 247.473399 -1169890.754127 30.132541 124.524606 -20.090706 1409.691947 -6.563 -6.563 0.000000 3.323284 0.000 0 0.000
40901.00 1321.99 100.138999 0.0000000000000000 0.000000 247.473399 -1170192.089506 30.134535 124.530932 -20.097860 1409.630381 -6.568 -6.568 0.000000 3.323064 0.000 0 0.000
40801.00 1321.79 100.138999 0.0000000000000000 0.000000 247.473399 -1170493.444831 30.136531 124.537259 -20.105020 1409.568999 -6.573 -6.573 0.000000 3.322844 0.000 0 0.000
40701.00 1321.60 100.138999 0.0000000000000000 0.000000 247.473399 -1170794.820127 30.138529 124.543587 -20.112186 1409.507803 -6.578 -6.578 0.000000 3.322624 0.000 0 0.000
40601.00 1321.40 100.138999 0.0000000000000000 0.000000 247.473399 -1171096.215421 30.140530 124.549915 -20.119359 1409.446795 -6.583 -6.583 0.000000 3.322403 0.000 0 0.000
40501.00 1321.21 100.138999 0.0000000000000000 0.000000 247.473399 -1171397.630739 30.142534 124.556244 -20.126538 1409.385977 -6.588 -6.588 0.000000 3.322183 0.000 0 0.000
40401.00 1321.01 100.138999 0.0000000000000000 0.000000 247.473399 -1171699.066106 30.144540 124.562574 -20.133722 1409.325351 -6.593 -6.593 0.000000 3.321961 0.000 0 0.000
40301.00 1320.81 100.138999 0.0000000000000000 0.000000 247.473399 -1172000.521551 30.146549 124.568905 -20.140914 1409.264918 -6.599 -6.599 0.000000 3.321740 0.000 0 0.000
40201.00 1320.62 100.138999 0.0000000000000000 0.000000 247.473399 -1172301.997100 30.148561 124.575237 -20.148111 1409.204680 -6.604 -6.604 0.000000 3.321518 0.000 0 0.000
40101.00 1320.42 100.138999 0.0000000000000000 0.000000 247.473399 -1172603.492780 30.150575 124.581570 -20.155315 1409.144639 -6.609 -6.609 0.000000 3.321296 0.000 0 0.000
40001.00 1320.22 100.138999 0.0000000000000000 0.000000 247.473399 -1172905.008618 30.152593 124.587904 -20.162526 1409.084798 -6.614 -6.614 0.000000 3.321074 0.000 0 0.000
39901.00 1320.03 100.138999 0.0000000000000000 0.000000 247.473399 -1173206.544642 30.154613 124.594239 -20.169743 1409.025157 -6.619 -6.619 0.000000 3.320852 0.000 0 0.000
39801.00 1319.83 100.138999 0.0000000000000000 0.000000 247.473399 -1173508.100879 30.156635 124.600575 -20.176967 1408.965720 -6.625 -6.625 0.000000 3.320629 0.000 0 0.000
39701.00 1319.63 100.138999 0.0000000000000000 0.000000 247.473399 -1173809.677358 30.158661 124.606912 -20.184197 1408.906487 -6.630 -6.630 0.000000 3.320406 0.000 0 0.000
39601.00 1319.44 100.138999 0.0000000000000000 0.000000 247.473399 -1174111.274106 30.160689 124.613250 -20.191434 1408.847462 -6.635 -6.635 0.000000 3.320183 0.000 0 0.000
39501.00 1319.24 100.138999 0.0000000000000000 0.000000 247.473399 -1174412.891153 30.162721 124.619590 -20.198679 1408.788645 -6.640 -6.640 0.000000 3.319959 0.000 0 0.000
39401.00 1319.04 100.138999 0.0000000000000000 0.000000 247.473399 -1174714.528526 30.164755 124.625930 -20.205930 1408.730040 -6.646 -6.646 0.000000 3.319735 0.000 0 0.000
39301.00 1318.85 100.138999 0.0000000000000000 0.000000 247.473399 -1175016.186255 30.166792 124.632272 -20.213188 1408.671648 -6.651 -6.651 0.000000 3.319511 0.000 0 0.000
39201.00 1318.65 100.138999 0.0000000000000000 0.000000 247.473399 -1175317.864369 30.168832 124.638615 -20.220453 1408.613472 -6.656 -6.656 0.000000 3.319287 0.000 0 0.000
39101.00 1318.45 100.138999 0.0000000000000000 0.000000 247.473399 -1175619.562896 30.170874 124.644959 -20.227725 1408.555514 -6.662 -6.662 0.000000 3.319062 0.000 0 0.000
39001.00 1318.25 100.138999 0.0000000000000000 0.000000 247.473399 -1175921.281868 30.172920 124.651305 -20.235004 1408.497776 -6.667 -6.667 0.000000 3.318837 0.000 0 0.000
38901.00 1318.06 100.138999 0.0000000000000000 0.000000 247.473399 -1176223.021312 30.174969 124.657652 -20.242291 1408.440260 -6.672 -6.672 0.000000 3.318611 0.000 0 0.000
38801.00 1317.86 100.138999 0.0000000000000000 0.000000 247.473399 -1176524.781261 30.177021 124.664001 -20.249585 1408.382968 -6.678 -6.678 0.000000 3.318386 0.000 0 0.000
38701.00 1317.66 100.138999 0.0000000000000000 0.000000 247.473399 -1176826.561743 30.179076 124.670351 -20.256886 1408.325904 -6.683 -6.683 0.000000 3.318160 0.000 0 0.000
38601.00 1317.47 100.138999 0.0000000000000000 0.000000 247.473399 -1177128.362790 30.181134 124.676702 -20.264195 1408.269069 -6.689 -6.689 0.000000 3.317934 0.000 0 0.000
38501.00 1317.27 100.138999 0.0000000000000000 0.000000 247.473399 -1177430.184433 30.183195 124.683055 -20.271512 1408.212466 -6.694 -6.694 0.000000 3.317707 0.000 0 0.000
38401.00 1317.07 100.138999 0.0000000000000000 0.000000 247.473399 -1177732.026702 30.185259 124.689410 -20.278836 1408.156097 -6.700 -6.700 0.000000 3.317480 0.000 0 0.000
38301.00 1316.87 100.138999 0.0000000000000000 0.000000 247.473399 -1178033.889629 30.187327 124.695766 -20.286168 1408.099964 -6.705 -6.705 0.000000 3.317253 0.000 0 0.000
38201.00 1316.68 100.138999 0.0000000000000000 0.000000 247.473399 -1178335.773246 30.189397 124.702124 -20.293508 1408.044071 -6.710 -6.710 0.000000 3.317025 0.000 0 0.000
38101.00 1316.48 100.138999 0.0000000000000000 0.000000 247.473399 -1178637.677585 30.191471 124.708483 -20.300856 1407.988420 -6.716 -6.716 0.000000 3.316798 0.000 0 0.000
38001.00 1316.28 100.138999 0.0000000000000000 0.000000 247.473399 -1178939.602677 30.193548 124.714844 -20.308211 1407.933014 -6.722 -6.722 0.000000 3.316569 0.000 0 0.000
37901.00 1316.08 100.138999 0.0000000000000000 0.000000 247.473399 -1179241.548557 30.195628 124.721207 -20.315575 1407.877855 -6.727 -6.727 0.000000 3.316341 0.000 0 0.000
37801.00 1315.89 100.138999 0.0000000000000000 0.000000 247.473399 -1179543.515256 30.197712 124.727572 -20.322947 1407.822945 -6.733 -6.733 0.000000 3.316112 0.000 0 0.000
37701.00 1315.69 100.138999 0.0000000000000000 0.000000 247.473399 -1179845.502807 30.199799 124.733939 -20.330328 1407.768289 -6.738 -6.738 0.000000 3.315883 0.000 0 0.000
37601.00 1315.49 100.138999 0.0000000000000000 0.000000 247.473399 -1180147.511245 30.201889 124.740308 -20.337716 1407.713888 -6.744 -6.744 0.000000 3.315653 0.000 0 0.000
37501.00 1315.29 100.138999 0.0000000000000000 0.000000 247.473399 -1180449.540603 30.203983 124.746678 -20.345114 1407.659745 -6.749 -6.749 0.000000 3.315424 0.000 0 0.000
37401.00 1315.09 100.138999 0.0000000000000000 0.000000 247.473399 -1180751.590914 30.206080 124.753051 -20.352519 1407.605864 -6.755 -6.755 0.000000 3.315193 0.000 0 0.000
37301.00 1314.90 100.138999 0.0000000000000000 0.000000 247.473399 -1181053.662215 30.208181 124.759426 -20.359934 1407.552247 -6.761 -6.761 0.000000 3.314963 0.000 0 0.000
37201.00 1314.70 100.138999 0.0000000000000000 0.000000 247.473399 -1181355.754538 30.210285 124.765803 -20.367357 1407.498897 -6.766 -6.766 0.000000 3.314732 0.000 0 0.000
37101.00 1314.50 100.138999 0.0000000000000000 0.000000 247.473399 -1181657.867920 30.212392 124.772182 -20.374789 1407.445817 -6.772 -6.772 0.000000 3.314501 0.000 0 0.000
37001.00 1314.30 100.138999 0.0000000000000000 0.000000 247.473399 -1181960.002396 30.214503 124.778563 -20.382230 1407.393011 -6.778 -6.778 0.000000 3.314269 0.000 0 0.000
36901.00 1314.10 100.138999 0.0000000000000000 0.000000 247.473399 -1182262.158001 30.216618 124.784947 -20.389680 1407.340482 -6.784 -6.784 0.000000 3.314037 0.000 0 0.000
36801.00 1313.91 100.138999 0.0000000000000000 0.000000 247.473399 -1182564.334772 30.218737 124.791332 -20.397139 1407.288233 -6.789 -6.789 0.000000 3.313805 0.000 0 0.000
36701.00 1313.71 100.138999 0.0000000000000000 0.000000 247.473399 -1182866.532745 30.220859 124.797721 -20.404607 1407.236266 -6.795 -6.795 0.000000 3.313572 0.000 0 0.000
36601.00 1313.51 100.138999 0.0000000000000000 0.000000 247.473399 -1183168.751957 30.222984 124.804111 -20.412085 1407.184587 -6.801 -6.801 0.000000 3.313339 0.000 0 0.000
36501.00 1313.31 100.138999 0.0000000000000000 0.000000 247.473399 -1183470.992446 30.225114 124.810505 -20.419573 1407.133197 -6.807 -6.807 0.000000 3.313106 0.000 0 0.000
36401.00 1313.11 100.138999 0.0000000000000000 0.000000 247.473399 -1183773.254248 30.227247 124.816900 -20.427069 1407.082101 -6.812 -6.812 0.000000 3.312872 0.000 0 0.000
36301.00 1312.91 100.138999 0.0000000000000000 0.000000 247.473399 -1184075.537402 30.229384 124.823299 -20.434576 1407.031301 -6.818 -6.818 0.000000 3.312638 0.000 0 0.000
36201.00 1312.71 100.138999 0.0000000000000000 0.000000 247.473399 -1184377.841947 30.231525 124.829700 -20.442092 1406.980802 -6.824 -6.824 0.000000 3.312403 0.000 0 0.000
36101.00 1312.52 100.138999 0.0000000000000000 0.000000 247.473399 -1184680.167921 30.233670 124.836104 -20.449619 1406.930608 -6.830 -6.830 0.000000 3.312168 0.000 0 0.000
36001.00 1312.32 100.138999 0.0000000000000000 0.000000 247.473399 -1184982.515363 30.235819 124.842510 -20.457155 1406.880721 -6.836 -6.836 0.000000 3.311933 0.000 0 0.000
35901.00 1312.12 100.138999 0.0000000000000000 0.000000 247.473399 -1185284.884313 30.237972 124.848920 -20.464702 1406.831146 -6.842 -6.842 0.000000 3.311697 0.000 0 0.000
35801.00 1311.92 100.138999 0.0000000000000000 0.000000 247.473399 -1185587.274810 30.240129 124.855332 -20.472259 1406.781887 -6.848 -6.848 0.000000 3.311461 0.000 0 0.000
35701.00 1311.72 100.138999 0.0000000000000000 0.000000 247.473399 -1185889.686897 30.242289 124.861748 -20.479826 1406.732947 -6.854 -6.854 0.000000 3.311224 0.000 0 0.000
35601.00 1311.52 100.138999 0.0000000000000000 0.000000 247.473399 -1186192.120612 30.244454 124.868166 -20.487404 1406.684331 -6.860 -6.860 0.000000 3.310987 0.000 0 0.000
35501.00 1311.32 100.138999 0.0000000000000000 0.000000 247.473399 -1186494.575998 30.246624 124.874588 -20.494992 1406.636043 -6.866 -6.866 0.000000 3.310750 0.000 0 0.000
35401.00 1311.12 100.138999 0.0000000000000000 0.000000 247.473399 -1186797.053096 30.248797 124.881013 -20.502592 1406.588086 -6.872 -6.872 0.000000 3.310512 0.000 0 0.000
35301.00 1310.92 100.138999 0.0000000000000000 0.000000 247.473399 -1187099.551949 30.250974 124.887441 -20.510202 1406.540466 -6.878 -6.878 0.000000 3.310274 0.000 0 0.000
35201.00 1310.72 100.138999 0.0000000000000000 0.000000 247.473399 -1187402.072599 30.253156 124.893872 -20.517824 1406.493186 -6.884 -6.884 0.000000 3.310035 0.000 0 0.000
35101.00 1310.52 100.138999 0.0000000000000000 0.000000 247.473399 -1187704.615090 30.255343 124.900307 -20.525456 1406.446251 -6.890 -6.890 0.000000 3.309796 0.000 0 0.000
35001.00 1310.32 100.138999 0.0000000000000000 0.000000 247.473399 -1188007.179465 30.257533 124.906746 -20.533100 1406.399665 -6.896 -6.896 0.000000 3.309556 0.000 0 0.000
34901.00 1310.12 100.138999 0.0000000000000000 0.000000 247.473399 -1188309.765769 30.259728 124.913188 -20.540756 1406.353434 -6.902 -6.902 0.000000 3.309316 0.000 0 0.000
34801.00 1309.92 100.138999 0.0000000000000000 0.000000 247.473399 -1188612.374045 30.261928 124.919634 -20.548423 1406.307561 -6.908 -6.908 0.000000 3.309075 0.000 0 0.000
34701.00 1309.72 100.138999 0.0000000000000000 0.000000 247.473399 -1188915.004340 30.264132 124.926083 -20.556102 1406.262052 -6.915 -6.915 0.000000 3.308834 0.000 0 0.000
34601.00 1309.52 100.138999 0.0000000000000000 0.000000 247.473399 -1189217.656699 30.266341 124.932537 -20.563793 1406.216911 -6.921 -6.921 0.000000 3.308593 0.000 0 0.000
34501.00 1309.32 100.138999 0.0000000000000000 0.000000 247.473399 -1189520.331169 30.268554 124.938994 -20.571496 1406.172143 -6.927 -6.927 0.000000 3.308351 0.000 0 0.000
34401.00 1309.12 100.138999 0.0000000000000000 0.000000 247.473399 -1189823.027795 30.270772 124.945455 -20.579211 1406.127754 -6.933 -6.933 0.000000 3.308109 0.000 0 0.000
34301.00 1308.92 100.138999 0.0000000000000000 0.000000 247.473399 -1190125.746626 30.272995 124.951921 -20.586939 1406.083748 -6.940 -6.940 0.000000 3.307866 0.000 0 0.000
34201.00 1308.72 100.138999 0.0000000000000000 0.000000 247.473399 -1190428.487710 30.275223 124.958390 -20.594679 1406.040131 -6.946 -6.946 0.000000 3.307622 0.000 0 0.000
34101.00 1308.52 100.138999 0.0000000000000000 0.000000 247.473399 -1190731.251095 30.277455 124.964864 -20.602433 1405.996909 -6.952 -6.952 0.000000 3.307378 0.000 0 0.000
34001.00 1308.32 100.138999 0.0000000000000000 0.000000 247.473399 -1191034.036830 30.279693 124.971343 -20.610199 1405.954086 -6.959 -6.959 0.000000 3.307134 0.000 0 0.000
33901.00 1308.12 100.138999 0.0000000000000000 0.000000 247.473399 -1191336.844965 30.281935 124.977825 -20.617978 1405.911669 -6.965 -6.965 0.000000 3.306889 0.000 0 0.000
33801.00 1307.92 100.138999 0.0000000000000000 0.000000 247.473399 -1191639.675551 30.284183 124.984313 -20.625770 1405.869663 -6.971 -6.971 0.000000 3.306644 0.000 0 0.000
33701.00 1307.72 100.138999 0.0000000000000000 0.000000 247.473399 -1191942.528638 30.286435 124.990805 -20.633576 1405.828074 -6.978 -6.978 0.000000 3.306398 0.000 0 0.000
33601.00 1307.52 100.138999 0.0000000000000000 0.000000 247.473399 -1192245.404277 30.288693 124.997302 -20.641396 1405.786908 -6.984 -6.984 0.000000 3.306151 0.000 0 0.000
33501.00 1307.31 100.138999 0.0000000000000000 0.000000 247.473399 -1192548.302523 30.290957 125.003804 -20.649229 1405.746171 -6.991 -6.991 0.000000 3.305904 0.000 0 0.000
33401.00 1307.11 100.138999 0.0000000000000000 0.000000 247.473399 -1192851.223426 30.293225 125.010311 -20.657077 1405.705870 -6.997 -6.997 0.000000 3.305657 0.000 0 0.000
33301.00 1306.91 100.138999 0.0000000000000000 0.000000 247.473399 -1193154.167042 30.295499 125.016823 -20.664939 1405.666010 -7.004 -7.004 0.000000 3.305408 0.000 0 0.000
33201.00 1306.71 100.138999 0.0000000000000000 0.000000 247.473399 -1193457.133424 30.297778 125.023340 -20.672815 1405.626599 -7.010 -7.010 0.000000 3.305160 0.000 0 0.000
33101.00 1306.51 100.138999 0.0000000000000000 0.000000 247.473399 -1193760.122627 30.300063 125.029863 -20.680706 1405.587642 -7.017 -7.017 0.000000 3.304911 0.000 0 0.000
33001.00 1306.31 100.138999 0.0000000000000000 0.000000 247.473399 -1194063.134708 30.302354 125.036391 -20.688611 1405.549147 -7.023 -7.023 0.000000 3.304661 0.000 0 0.000
32901.00 1306.10 100.138999 0.0000000000000000 0.000000 247.473399 -1194366.169723 30.304650 125.042924 -20.696532 1405.511121 -7.030 -7.030 0.000000 3.304410 0.000 0 0.000
32801.00 1305.90 100.138999 0.0000000000000000 0.000000 247.473399 -1194669.227729 30.306952 125.049464 -20.704468 1405.473571 -7.037 -7.037 0.000000 3.304159 0.000 0 0.000
32701.00 1305.70 100.138999 0.0000000000000000 0.000000 247.473399 -1194972.308784 30.309260 125.056009 -20.712419 1405.436504 -7.043 -7.043 0.000000 3.303908 0.000 0 0.000
32601.00 1305.50 100.138999 0.0000000000000000 0.000000 247.473399 -1195275.412947 30.311574 125.062560 -20.720386 1405.399927 -7.050 -7.050 0.000000 3.303656 0.000 0 0.000
32501.00 1305.29 100.138999 0.0000000000000000 0.000000 247.473399 -1195578.540279 30.313894 125.069118 -20.728369 1405.363848 -7.057 -7.057 0.000000 3.303403 0.000 0 0.000
32401.00 1305.09 100.138999 0.0000000000000000 0.000000 247.473399 -1195881.690838 30.316219 125.075682 -20.736369 1405.328275 -7.064 -7.064 0.000000 3.303149 0.000 0 0.000
32301.00 1304.89 100.138999 0.0000000000000000 0.000000 247.473399 -1196184.864688 30.318552 125.082252 -20.744384 1405.293215 -7.070 -7.070 0.000000 3.302895 0.000 0 0.000
32201.00 1304.69 100.138999 0.0000000000000000 0.000000 247.473399 -1196488.061891 30.320890 125.088828 -20.752416 1405.258678 -7.077 -7.077 0.000000 3.302641 0.000 0 0.000
32101.00 1304.48 100.138999 0.0000000000000000 0.000000 247.473399 -1196791.282508 30.323235 125.095412 -20.760466 1405.224670 -7.084 -7.084 0.000000 3.302385 0.000 0 0.000
32001.00 1304.28 100.138999 0.0000000000000000 0.000000 247.473399 -1197094.526605 30.325586 125.102002 -20.768532 1405.191202 -7.091 -7.091 0.000000 3.302129 0.000 0 0.000
31901.00 1304.08 100.138999 0.0000000000000000 0.000000 247.473399 -1197397.794247 30.327944 125.108599 -20.776616 1405.158280 -7.098 -7.098 0.000000 3.301872 0.000 0 0.000
31801.00 1303.87 100.138999 0.0000000000000000 0.000000 247.473399 -1197701.085499 30.330308 125.115204 -20.784717 1405.125915 -7.105 -7.105 0.000000 3.301615 0.000 0 0.000
31701.00 1303.67 100.138999 0.0000000000000000 0.000000 247.473399 -1198004.400429 30.332679 125.121815 -20.792837 1405.094115 -7.112 -7.112 0.000000 3.301357 0.000 0 0.000
31601.00 1303.47 100.138999 0.0000000000000000 0.000000 247.473399 -1198307.739104 30.335057 125.128435 -20.800974 1405.062889 -7.119 -7.119 0.000000 3.301098 0.000 0 0.000
31501.00 1303.26 100.138999 0.0000000000000000 0.000000 247.473399 -1198611.101593 30.337442 125.135062 -20.809130 1405.032248 -7.126 -7.126 0.000000 3.300839 0.000 0 0.000
31401.00 1303.06 100.138999 0.0000000000000000 0.000000 247.473399 -1198914.487967 30.339834 125.141696 -20.817305 1405.002201 -7.133 -7.133 0.000000 3.300578 0.000 0 0.000
31301.00 1302.85 100.138999 0.0000000000000000 0.000000 247.473399 -1199217.898297 30.342233 125.148339 -20.825499 1404.972757 -7.140 -7.140 0.000000 3.300317 0.000 0 0.000
31201.00 1302.65 100.138999 0.0000000000000000 0.000000 247.473399 -1199521.332654 30.344640 125.154990 -20.833713 1404.943927 -7.147 -7.147 0.000000 3.300056 0.000 0 0.000
31101.00 1302.44 100.138999 0.0000000000000000 0.000000 247.473399 -1199824.791111 30.347053 125.161650 -20.841946 1404.915722 -7.154 -7.154 0.000000 3.299793 0.000 0 0.000
31001.00 1302.24 100.138999 0.0000000000000000 0.000000 247.473399 -1200128.273745 30.349475 125.168318 -20.850199 1404.888152 -7.161 -7.161 0.000000 3.299530 0.000 0 0.000
30901.00 1302.03 100.138999 0.0000000000000000 0.000000 247.473399 -1200431.780629 30.351904 125.174995 -20.858473 1404.861229 -7.169 -7.169 0.000000 3.299266 0.000 0 0.000
30801.00 1301.83 100.138999 0.0000000000000000 0.000000 247.473399 -1200735.311841 30.354340 125.181680 -20.866767 1404.834962 -7.176 -7.176 0.000000 3.299001 0.000 0 0.000
30701.00 1301.62 100.138999 0.0000000000000000 0.000000 247.473399 -1201038.867459 30.356785 125.188376 -20.875082 1404.809365 -7.183 -7.183 0.000000 3.298735 0.000 0 0.000
30601.00 1301.42 100.138999 0.0000000000000000 0.000000 247.473399 -1201342.447562 30.359237 125.195080 -20.883419 1404.784448 -7.191 -7.191 0.000000 3.298469 0.000 0 0.000
30501.00 1301.21 100.138999 0.0000000000000000 0.000000 247.473399 -1201646.052231 30.361698 125.201794 -20.891777 1404.760224 -7.198 -7.198 0.000000 3.298202 0.000 0 0.000
30401.00 1301.01 100.138999 0.0000000000000000 0.000000 247.473399 -1201949.681547 30.364167 125.208518 -20.900158 1404.736705 -7.205 -7.205 0.000000 3.297933 0.000 0 0.000
30301.00 1300.80 100.138999 0.0000000000000000 0.000000 247.473399 -1202253.335595 30.366644 125.215252 -20.908561 1404.713904 -7.213 -7.213 0.000000 3.297664 0.000 0 0.000
30201.00 1300.59 100.138999 0.0000000000000000 0.000000 247.473399 -1202557.014457 30.369130 125.221997 -20.916986 1404.691834 -7.220 -7.220 0.000000 3.297394 0.000 0 0.000
30101.00 1300.39 100.138999 0.0000000000000000 0.000000 247.473399 -1202860.718222 30.371624 125.228752 -20.925435 1404.670508 -7.228 -7.228 0.000000 3.297124 0.000 0 0.000
30001.00 1300.18 100.138999 0.0000000000000000 0.000000 247.473399 -1203164.446975 30.374128 125.235517 -20.933908 1404.649939 -7.235 -7.235 0.000000 3.296852 0.000 0 0.000
29901.00 1299.97 100.138999 0.0000000000000000 0.000000 247.473399 -1203468.200806 30.376640 125.242294 -20.942405 1404.630143 -7.243 -7.243 0.000000 3.296579 0.000 0 0.000
29801.00 1299.77 100.138999 0.0000000000000000 0.000000 247.473399 -1203771.979806 30.379161 125.249083 -20.950926 1404.611132 -7.251 -7.251 0.000000 3.296306 0.000 0 0.000
29701.00 1299.56 100.138999 0.0000000000000000 0.000000 247.473399 -1204075.784066 30.381692 125.255882 -20.959471 1404.592922 -7.258 -7.258 0.000000 3.296031 0.000 0 0.000
29601.00 1299.35 100.138999 0.0000000000000000 0.000000 247.473399 -1204379.613681 30.384232 125.262694 -20.968043 1404.575528 -7.266 -7.266 0.000000 3.295755 0.000 0 0.000
29501.00 1299.14 100.138999 0.0000000000000000 0.000000 247.473399 -1204683.468745 30.386782 125.269518 -20.976640 1404.558966 -7.274 -7.274 0.000000 3.295479 0.000 0 0.000
29401.00 1298.93 100.138999 0.0000000000000000 0.000000 247.473399 -1204987.349356 30.389342 125.276355 -20.985263 1404.543251 -7.282 -7.282 0.000000 3.295201 0.000 0 0.000
29301.00 1298.73 100.138999 0.0000000000000000 0.000000 247.473399 -1205291.255613 30.391911 125.283204 -20.993913 1404.528399 -7.290 -7.290 0.000000 3.294923 0.000 0 0.000
29201.00 1298.52 100.138999 0.0000000000000000 0.000000 247.473399 -1205595.187615 30.394491 125.290066 -21.002590 1404.514427 -7.297 -7.297 0.000000 3.294643 0.000 0 0.000
29101.00 1298.31 100.138999 0.0000000000000000 0.000000 247.473399 -1205899.145465 30.397081 125.296941 -21.011294 1404.501353 -7.305 -7.305 0.000000 3.294362 0.000 0 0.000
29001.00 1298.10 100.138999 0.0000000000000000 0.000000 247.473399 -1206203.129268 30.399681 125.303831 -21.020027 1404.489193 -7.313 -7.313 0.000000 3.294081 0.000 0 0.000
28901.00 1297.89 100.138999 0.0000000000000000 0.000000 247.473399 -1206507.139129 30.402293 125.310734 -21.028789 1404.477966 -7.321 -7.321 0.000000 3.293798 0.000 0 0.000
28801.00 1297.68 100.138999 0.0000000000000000 0.000000 247.473399 -1206811.175157 30.404915 125.317652 -21.037579 1404.467691 -7.330 -7.330 0.000000 3.293514 0.000 0 0.000
28701.00 1297.47 100.138999 0.0000000000000000 0.000000 247.473399 -1207115.237461 30.407548 125.324584 -21.046400 1404.458386 -7.338 -7.338 0.000000 3.293228 0.000 0 0.000
28601.00 1297.26 100.138999 0.0000000000000000 0.000000 247.473399 -1207419.326153 30.410192 125.331532 -21.055251 1404.450070 -7.346 -7.346 0.000000 3.292942 0.000 0 0.000
28501.00 1297.05 100.138999 0.0000000000000000 0.000000 247.473399 -1207723.441349 30.412849 125.338495 -21.064132 1404.442765 -7.354 -7.354 0.000000 3.292654 0.000 0 0.000
28401.00 1296.84 100.138999 0.0000000000000000 0.000000 247.473399 -1208027.583164 30.415516 125.345473 -21.073045 1404.436490 -7.362 -7.362 0.000000 3.292366 0.000 0 0.000
28301.00 1296.63 100.138999 0.0000000000000000 0.000000 247.473399 -1208331.751716 30.418196 125.352468 -21.081990 1404.431266 -7.371 -7.371 0.000000 3.292076 0.000 0 0.000
28201.00 1296.42 100.138999 0.0000000000000000 0.000000 247.473399 -1208635.947127 30.420888 125.359480 -21.090968 1404.427115 -7.379 -7.379 0.000000 3.291784 0.000 0 0.000
28101.00 1296.21 100.138999 0.0000000000000000 0.000000 247.473399 -1208940.169521 30.423593 125.366509 -21.099979 1404.424059 -7.387 -7.387 0.000000 3.291492 0.000 0 0.000
28001.00 1296.00 100.138999 0.0000000000000000 0.000000 247.473399 -1209244.419021 30.426310 125.373555 -21.109024 1404.422121 -7.396 -7.396 0.000000 3.291198 0.000 0 0.000
27901.00 1295.78 100.138999 0.0000000000000000 0.000000 247.473399 -1209548.695758 30.429040 125.380619 -21.118104 1404.421325 -7.405 -7.405 0.000000 3.290902 0.000 0 0.000
27801.00 1295.57 100.138999 0.0000000000000000 0.000000 247.473399 -1209852.999860 30.431783 125.387701 -21.127219 1404.421694 -7.413 -7.413 0.000000 3.290606 0.000 0 0.000
27701.00 1295.36 100.138999 0.0000000000000000 0.000000 247.473399 -1210157.331462 30.434540 125.394802 -21.136370 1404.423253 -7.422 -7.422 0.000000 3.290308 0.000 0 0.000
27601.00 1295.15 100.138999 0.0000000000000000 0.000000 247.473399 -1210461.690700 30.437310 125.401922 -21.145557 1404.426028 -7.430 -7.430 0.000000 3.290008 0.000 0 0.000
27501.00 1294.93 100.138999 0.0000000000000000 0.000000 247.473399 -1210766.077711 30.440095 125.409062 -21.154782 1404.430045 -7.439 -7.439 0.000000 3.289707 0.000 0 0.000
27401.00 1294.72 100.138999 0.0000000000000000 0.000000 247.473399 -1211070.492638 30.442893 125.416222 -21.164045 1404.435330 -7.448 -7.448 0.000000 3.289405 0.000 0 0.000
27301.00 1294.51 100.138999 0.0000000000000000 0.000000 247.473399 -1211374.935625 30.445707 125.423403 -21.173348 1404.441911 -7.457 -7.457 0.000000 3.289101 0.000 0 0.000
27201.00 1294.29 100.138999 0.0000000000000000 0.000000 247.473399 -1211679.406818 30.448535 125.430606 -21.182690 1404.449816 -7.466 -7.466 0.000000 3.288795 0.000 0 0.000
27101.00 1294.08 100.138999 0.0000000000000000 0.000000 247.473399 -1211983.906370 30.451378 125.437830 -21.192072 1404.459074 -7.475 -7.475 0.000000 3.288488 0.000 0 0.000
27001.00 1293.86 100.138999 0.0000000000000000 0.000000 247.473399 -1212288.434432 30.454237 125.445076 -21.201496 1404.469716 -7.484 -7.484 0.000000 3.288180 0.000 0 0.000
26901.00 1293.65 100.138999 0.0000000000000000 0.000000 247.473399 -1212592.991162 30.457112 125.452345 -21.210962 1404.481772 -7.493 -7.493 0.000000 3.287869 0.000 0 0.000
26801.00 1293.43 100.138999 0.0000000000000000 0.000000 247.473399 -1212897.576719 30.460003 125.459638 -21.220471 1404.495274 -7.502 -7.502 0.000000 3.287557 0.000 0 0.000
26701.00 1293.22 100.138999 0.0000000000000000 0.000000 247.473399 -1213202.191268 30.462910 125.466955 -21.230025 1404.510253 -7.511 -7.511 0.000000 3.287243 0.000 0 0.000
26601.00 1293.00 100.138999 0.0000000000000000 0.000000 247.473399 -1213506.834975 30.465834 125.474296 -21.239623 1404.526745 -7.521 -7.521 0.000000 3.286928 0.000 0 0.000
26501.00 1292.78 100.138999 0.0000000000000000 0.000000 247.473399 -1213811.508010 30.468776 125.481663 -21.249268 1404.544782 -7.530 -7.530 0.000000 3.286611 0.000 0 0.000
26401.00 1292.57 100.138999 0.0000000000000000 0.000000 247.473399 -1214116.210549 30.471735 125.489056 -21.258959 1404.564401 -7.540 -7.540 0.000000 3.286291 0.000 0 0.000
26301.00 1292.35 100.138999 0.0000000000000000 0.000000 247.473399 -1214420.942768 30.474712 125.496476 -21.268698 1404.585637 -7.549 -7.549 0.000000 3.285970 0.000 0 0.000
26201.00 1292.13 100.138999 0.0000000000000000 0.000000 247.473399 -1214725.704849 30.477707 125.503923 -21.278486 1404.608529 -7.559 -7.559 0.000000 3.285647 0.000 0 0.000
26101.00 1291.91 100.138999 0.0000000000000000 0.000000 247.473399 -1215030.496980 30.480722 125.511398 -21.288325 1404.633115 -7.569 -7.569 0.000000 3.285322 0.000 0 0.000
26001.00 1291.69 100.138999 0.0000000000000000 0.000000 247.473399 -1215335.319349 30.483755 125.518902 -21.298214 1404.659434 -7.578 -7.578 0.000000 3.284996 0.000 0 0.000
25901.00 1291.47 100.138999 0.0000000000000000 0.000000 247.473399 -1215640.172151 30.486808 125.526435 -21.308156 1404.687528 -7.588 -7.588 0.000000 3.284667 0.000 0 0.000
25801.00 1291.25 100.138999 0.0000000000000000 0.000000 247.473399 -1215945.055586 30.489882 125.533999 -21.318151 1404.717439 -7.598 -7.598 0.000000 3.284335 0.000 0 0.000
25701.00 1291.03 100.138999 0.0000000000000000 0.000000 247.473399 -1216249.969855 30.492976 125.541594 -21.328201 1404.749209 -7.608 -7.608 0.000000 3.284002 0.000 0 0.000
25601.00 1290.81 100.138999 0.0000000000000000 0.000000 247.473399 -1216554.915168 30.496090 125.549222 -21.338307 1404.782885 -7.618 -7.618 0.000000 3.283667 0.000 0 0.000
25501.00 1290.59 100.138999 0.0000000000000000 0.000000 247.473399 -1216859.891736 30.499227 125.556882 -21.348470 1404.818511 -7.628 -7.628 0.000000 3.283329 0.000 0 0.000
25401.00 1290.37 100.138999 0.0000000000000000 0.000000 247.473399 -1217164.899777 30.502385 125.564575 -21.358691 1404.856136 -7.639 -7.639 0.000000 3.282989 0.000 0 0.000
25301.00 1290.15 100.138999 0.0000000000000000 0.000000 247.473399 -1217469.939515 30.505566 125.572304 -21.368973 1404.895807 -7.649 -7.649 0.000000 3.282647 0.000 0 0.000
25201.00 1289.93 100.138999 0.0000000000000000 0.000000 247.473399 -1217775.011177 30.508770 125.580068 -21.379315 1404.937577 -7.659 -7.659 0.000000 3.282302 0.000 0 0.000
25101.00 1289.70 100.138999 0.0000000000000000 0.000000 247.473399 -1218080.114997 30.511998 125.587869 -21.389721 1404.981497 -7.670 -7.670 0.000000 3.281955 0.000 0 0.000
25001.00 1289.48 100.138999 0.0000000000000000 0.000000 247.473399 -1218385.251212 30.515250 125.595707 -21.400190 1405.027620 -7.680 -7.680 0.000000 3.281605 0.000 0 0.000
24901.00 1289.25 100.138999 0.0000000000000000 0.000000 247.473399 -1218690.420069 30.518526 125.603584 -21.410725 1405.076002 -7.691 -7.691 0.000000 3.281253 0.000 0 0.000
24801.00 1289.03 100.138999 0.0000000000000000 0.000000 247.473399 -1218995.621818 30.521828 125.611500 -21.421328 1405.126700 -7.702 -7.702 0.000000 3.280898 0.000 0 0.000
24701.00 1288.80 100.138999 0.0000000000000000 0.000000 247.473399 -1219300.856715 30.525156 125.619458 -21.431999 1405.179774 -7.713 -7.713 0.000000 3.280540 0.000 0 0.000
24601.00 1288.58 100.138999 0.0000000000000000 0.000000 247.473399 -1219606.125023 30.528510 125.627457 -21.442741 1405.235284 -7.724 -7.724 0.000000 3.280180 0.000 0 0.000
24501.00 1288.35 100.138999 0.0000000000000000 0.000000 247.473399 -1219911.427012 30.531892 125.635499 -21.453555 1405.293293 -7.735 -7.735 0.000000 3.279816 0.000 0 0.000
24401.00 1288.13 100.138999 0.0000000000000000 0.000000 247.473399 -1220216.762959 30.535302 125.643586 -21.464444 1405.353868 -7.746 -7.746 0.000000 3.279450 0.000 0 0.000
24301.00 1287.90 100.138999 0.0000000000000000 0.000000 247.473399 -1220522.133147 30.538740 125.651718 -21.475408 1405.417074 -7.757 -7.757 0.000000 3.279081 0.000 0 0.000
24201.00 1287.67 100.138999 0.0000000000000000 0.000000 247.473399 -1220827.537865 30.542208 125.659897 -21.486450 1405.482982 -7.769 -7.769 0.000000 3.278709 0.000 0 0.000
24101.00 1287.44 100.138999 0.0000000000000000 0.000000 247.473399 -1221132.977413 30.545706 125.668125 -21.497572 1405.551663 -7.780 -7.780 0.000000 3.278333 0.000 0 0.000
24001.00 1287.21 100.138999 0.0000000000000000 0.000000 247.473399 -1221438.452096 30.549235 125.676402 -21.508776 1405.623193 -7.792 -7.792 0.000000 3.277954 0.000 0 0.000
23901.00 1286.98 100.138999 0.0000000000000000 0.000000 247.473399 -1221743.962226 30.552796 125.684730 -21.520064 1405.697648 -7.804 -7.804 0.000000 3.277572 0.000 0 0.000
23801.00 1286.75 100.138999 0.0000000000000000 0.000000 247.473399 -1222049.508127 30.556390 125.693111 -21.531438 1405.775108 -7.816 -7.816 0.000000 3.277187 0.000 0 0.000
23701.00 1286.52 100.138999 0.0000000000000000 0.000000 247.473399 -1222355.090128 30.560016 125.701545 -21.542900 1405.855656 -7.828 -7.828 0.000000 3.276798 0.000 0 0.000
23601.00 1286.29 100.138999 0.0000000000000000 0.000000 247.473399 -1222660.708569 30.563678 125.710036 -21.554453 1405.939378 -7.840 -7.840 0.000000 3.276405 0.000 0 0.000
23501.00 1286.05 100.138999 0.0000000000000000 0.000000 247.473399 -1222966.363798 30.567374 125.718584 -21.566100 1406.026363 -7.852 -7.852 0.000000 3.276009 0.000 0 0.000
23401.00 1285.82 100.138999 0.0000000000000000 0.000000 247.473399 -1223272.056173 30.571107 125.727191 -21.577842 1406.116703 -7.864 -7.864 0.000000 3.275609 0.000 0 0.000
23301.00 1285.58 100.138999 0.0000000000000000 0.000000 247.473399 -1223577.786062 30.574877 125.735859 -21.589683 1406.210493 -7.877 -7.877 0.000000 3.275205 0.000 0 0.000
23201.00 1285.35 100.138999 0.0000000000000000 0.000000 247.473399 -1223883.553842 30.578685 125.744590 -21.601624 1406.307832 -7.890 -7.890 0.000000 3.274797 0.000 0 0.000
23101.00 1285.11 100.138999 0.0000000000000000 0.000000 247.473399 -1224189.359903 30.582533 125.753386 -21.613670 1406.408825 -7.902 -7.902 0.000000 3.274385 0.000 0 0.000
23001.00 1284.88 100.138999 0.0000000000000000 0.000000 247.473399 -1224495.204643 30.586422 125.762248 -21.625822 1406.513576 -7.915 -7.915 0.000000 3.273969 0.000 0 0.000
22901.00 1284.64 100.138999 0.0000000000000000 0.000000 247.473399 -1224801.088475 30.590352 125.771180 -21.638085 1406.622199 -7.928 -7.928 0.000000 3.273548 0.000 0 0.000
22801.00 1284.40 100.138999 0.0000000000000000 0.000000 247.473399 -1225107.011820 30.594325 125.780182 -21.650460 1406.734807 -7.942 -7.942 0.000000 3.273123 0.000 0 0.000
22701.00 1284.16 100.138999 0.0000000000000000 0.000000 247.473399 -1225412.975114 30.598342 125.789258 -21.662952 1406.851522 -7.955 -7.955 0.000000 3.272694 0.000 0 0.000
22601.00 1283.92 100.138999 0.0000000000000000 0.000000 247.473399 -1225718.978805 30.602404 125.798409 -21.675563 1406.972468 -7.969 -7.969 0.000000 3.272259 0.000 0 0.000
22501.00 1283.68 100.138999 0.0000000000000000 0.000000 247.473399 -1226025.023354 30.606514 125.807639 -21.688298 1407.097774 -7.982 -7.982 0.000000 3.271820 0.000 0 0.000
22401.00 1283.43 100.138999 0.0000000000000000 0.000000 247.473399 -1226331.109238 30.610671 125.816949 -21.701159 1407.227577 -7.996 -7.996 0.000000 3.271375 0.000 0 0.000
22301.00 1283.19 100.138999 0.0000000000000000 0.000000 247.473399 -1226637.236945 30.614879 125.826343 -21.714152 1407.362017 -8.010 -8.010 0.000000 3.270926 0.000 0 0.000
22201.00 1282.95 100.138999 0.0000000000000000 0.000000 247.473399 -1226943.406981 30.619137 125.835823 -21.727279 1407.501241 -8.024 -8.024 0.000000 3.270471 0.000 0 0.000
22101.00 1282.70 100.138999 0.0000000000000000 0.000000 247.473399 -1227249.619867 30.623449 125.845392 -21.740546 1407.645402 -8.039 -8.039 0.000000 3.270010 0.000 0 0.000
22001.00 1282.45 100.138999 0.0000000000000000 0.000000 247.473399 -1227555.876140 30.627815 125.855053 -21.753955 1407.794659 -8.053 -8.053 0.000000 3.269544 0.000 0 0.000
21901.00 1282.21 100.138999 0.0000000000000000 0.000000 247.473399 -1227862.176353 30.632237 125.864809 -21.767513 1407.949178 -8.068 -8.068 0.000000 3.269072 0.000 0 0.000
21801.00 1281.96 100.138999 0.0000000000000000 0.000000 247.473399 -1228168.521080 30.636718 125.874664 -21.781223 1408.109134 -8.083 -8.083 0.000000 3.268594 0.000 0 0.000
21701.00 1281.71 100.138999 0.0000000000000000 0.000000 247.473399 -1228474.910910 30.641258 125.884621 -21.795091 1408.274708 -8.098 -8.098 0.000000 3.268110 0.000 0 0.000
21601.00 1281.45 100.138999 0.0000000000000000 0.000000 247.473399 -1228781.346455 30.645861 125.894684 -21.809122 1408.446088 -8.114 -8.114 0.000000 3.267619 0.000 0 0.000
21501.00 1281.20 100.138999 0.0000000000000000 0.000000 247.473399 -1229087.828344 30.650528 125.904856 -21.823321 1408.623473 -8.129 -8.129 0.000000 3.267122 0.000 0 0.000
21401.00 1280.95 100.138999 0.0000000000000000 0.000000 247.473399 -1229394.357229 30.655261 125.915141 -21.837694 1408.807069 -8.145 -8.145 0.000000 3.266617 0.000 0 0.000
21301.00 1280.69 100.138999 0.0000000000000000 0.000000 247.473399 -1229700.933785 30.660062 125.925544 -21.852247 1408.997092 -8.161 -8.161 0.000000 3.266106 0.000 0 0.000
21201.00 1280.43 100.138999 0.0000000000000000 0.000000 247.473399 -1230007.558709 30.664935 125.936069 -21.866985 1409.193770 -8.177 -8.177 0.000000 3.265587 0.000 0 0.000
21101.00 1280.18 100.138999 0.0000000000000000 0.000000 247.473399 -1230314.232723 30.669881 125.946720 -21.881916 1409.397338 -8.194 -8.194 0.000000 3.265060 0.000 0 0.000
21001.00 1279.92 100.138999 0.0000000000000000 0.000000 247.473399 -1230620.956574 30.674902 125.957503 -21.897047 1409.608044 -8.210 -8.210 0.000000 3.264525 0.000 0 0.000
20901.00 1279.65 100.138999 0.0000000000000000 0.000000 247.473399 -1230927.731036 30.680003 125.968421 -21.912383 1409.826148 -8.227 -8.227 0.000000 3.263983 0.000 0 0.000
20801.00 1279.39 100.138999 0.0000000000000000 0.000000 247.473399 -1231234.556910 30.685186 125.979481 -21.927934 1410.051922 -8.244 -8.244 0.000000 3.263431 0.000 0 0.000
20701.00 1279.13 100.138999 0.0000000000000000 0.000000 247.473399 -1231541.435029 30.690453 125.990688 -21.943706 1410.285651 -8.262 -8.262 0.000000 3.262871 0.000 0 0.000
20601.00 1278.86 100.138999 0.0000000000000000 0.000000 247.473399 -1231848.366255 30.695807 126.002047 -21.959708 1410.527634 -8.280 -8.280 0.000000 3.262302 0.000 0 0.000
20501.00 1278.59 100.138999 0.0000000000000000 0.000000 247.473399 -1232155.351481 30.701253 126.013566 -21.975949 1410.778185 -8.298 -8.298 0.000000 3.261723 0.000 0 0.000
20401.00 1278.32 100.138999 0.0000000000000000 0.000000 247.473399 -1232462.391637 30.706794 126.025249 -21.992437 1411.037633 -8.316 -8.316 0.000000 3.261135 0.000 0 0.000
20301.00 1278.05 100.138999 0.0000000000000000 0.000000 247.473399 -1232769.487687 30.712433 126.037103 -22.009182 1411.306323 -8.334 -8.334 0.000000 3.260536 0.000 0 0.000
20201.00 1277.77 100.138999 0.0000000000000000 0.000000 247.473399 -1233076.640631 30.718174 126.049137 -22.026194 1411.584619 -8.353 -8.353 0.000000 3.259927 0.000 0 0.000
20101.00 1277.50 100.138999 0.0000000000000000 0.000000 247.473399 -1233383.851512 30.724021 126.061356 -22.043483 1411.872902 -8.373 -8.373 0.000000 3.259306 0.000 0 0.000
20001.00 1277.22 100.138999 0.0000000000000000 0.000000 247.473399 -1233691.121411 30.729978 126.073770 -22.061061 1412.171573 -8.392 -8.392 0.000000 3.258675 0.000 0 0.000
19901.00 1276.94 100.138999 0.0000000000000000 0.000000 247.473399 -1233998.451454 30.736050 126.086385 -22.078939 1412.481052 -8.412 -8.412 0.000000 3.258031 0.000 0 0.000
19801.00 1276.66 100.138999 0.0000000000000000 0.000000 247.473399 -1234305.842813 30.742242 126.099211 -22.097129 1412.801784 -8.432 -8.432 0.000000 3.257375 0.000 0 0.000
19701.00 1276.37 100.138999 0.0000000000000000 0.000000 247.473399 -1234613.296708 30.748558 126.112257 -22.115645 1413.134234 -8.453 -8.453 0.000000 3.256706 0.000 0 0.000
19601.00 1276.08 100.138999 0.0000000000000000 0.000000 247.473399 -1234920.814408 30.755004 126.125531 -22.134499 1413.478893 -8.473 -8.473 0.000000 3.256023 0.000 0 0.000
19501.00 1275.79 100.138999 0.0000000000000000 0.000000 247.473399 -1235228.397239 30.761585 126.139045 -22.153706 1413.836278 -8.495 -8.495 0.000000 3.255326 0.000 0 0.000
19401.00 1275.50 100.138999 0.0000000000000000 0.000000 247.473399 -1235536.046580 30.768307 126.152809 -22.173281 1414.206931 -8.516 -8.516 0.000000 3.254615 0.000 0 0.000
19301.00 1275.20 100.138999 0.0000000000000000 0.000000 247.473399 -1235843.763871 30.775176 126.166834 -22.193240 1414.591427 -8.538 -8.538 0.000000 3.253889 0.000 0 0.000
19201.00 1274.90 100.138999 0.0000000000000000 0.000000 247.473399 -1236151.550615 30.782199 126.181132 -22.213600 1414.990367 -8.561 -8.561 0.000000 3.253146 0.000 0 0.000
19101.00 1274.60 100.138999 0.0000000000000000 0.000000 247.473399 -1236459.408379 30.789381 126.195714 -22.234377 1415.404387 -8.584 -8.584 0.000000 3.252387 0.000 0 0.000
19001.00 1274.29 100.138999 0.0000000000000000 0.000000 247.473399 -1236767.338802 30.796732 126.210596 -22.255592 1415.834158 -8.607 -8.607 0.000000 3.251611 0.000 0 0.000
18901.00 1273.98 100.138999 0.0000000000000000 0.000000 247.473399 -1237075.343594 30.804257 126.225789 -22.277263 1416.280386 -8.631 -8.631 0.000000 3.250817 0.000 0 0.000
18801.00 1273.67 100.138999 0.0000000000000000 0.000000 247.473399 -1237383.424537 30.811875 126.241152 -22.299165 1416.735206 -8.655 -8.655 0.000000 3.250013 0.000 0 0.000
18701.00 1273.49 100.138999 0.0000000000000000 0.000000 247.473399 -1237691.553585 30.813935 126.246780 -22.305715 1416.655583 -8.660 -8.660 0.000000 3.249796 0.000 0 0.000
18601.00 1273.31 100.138999 0.0000000000000000 0.000000 247.473399 -1237999.703234 30.815995 126.252407 -22.312266 1416.575959 -8.665 -8.665 0.000000 3.249579 0.000 0 0.000
18501.00 1273.13 100.138999 0.0000000000000000 0.000000 247.473399 -1238307.873495 30.818057 126.258032 -22.318817 1416.496335 -8.671 -8.671 0.000000 3.249361 0.000 0 0.000
18401.00 1272.95 100.138999 0.0000000000000000 0.000000 247.473399 -1238616.064380 30.820120 126.263655 -22.325369 1416.416709 -8.676 -8.676 0.000000 3.249144 0.000 0 0.000
18301.00 1272.77 100.138999 0.0000000000000000 0.000000 247.473399 -1238924.275898 30.822184 126.269276 -22.331922 1416.337083 -8.681 -8.681 0.000000 3.248926 0.000 0 0.000
18201.00 1272.58 100.138999 0.0000000000000000 0.000000 247.473399 -1239232.508059 30.824249 126.274895 -22.338475 1416.257456 -8.687 -8.687 0.000000 3.248709 0.000 0 0.000
18101.00 1272.40 100.138999 0.0000000000000000 0.000000 247.473399 -1239540.760876 30.826315 126.280512 -22.345028 1416.177827 -8.692 -8.692 0.000000 3.248491 0.000 0 0.000
18001.00 1272.22 100.138999 0.0000000000000000 0.000000 247.473399 -1239849.034358 30.828382 126.286128 -22.351583 1416.098196 -8.697 -8.697 0.000000 3.248273 0.000 0 0.000
17901.00 1272.04 100.138999 0.0000000000000000 0.000000 247.473399 -1240157.328516 30.830450 126.291741 -22.358137 1416.018564 -8.703 -8.703 0.000000 3.248055 0.000 0 0.000
17801.00 1271.86 100.138999 0.0000000000000000 0.000000 247.473399 -1240465.643361 30.832519 126.297353 -22.364693 1415.938930 -8.708 -8.708 0.000000 3.247837 0.000 0 0.000
17701.00 1271.67 100.138999 0.0000000000000000 0.000000 247.473399 -1240773.978903 30.834589 126.302963 -22.371249 1415.859293 -8.714 -8.714 0.000000 3.247619 0.000 0 0.000
17601.00 1271.49 100.138999 0.0000000000000000 0.000000 247.473399 -1241082.335154 30.836661 126.308571 -22.377805 1415.779654 -8.719 -8.719 0.000000 3.247401 0.000 0 0.000
17501.00 1271.31 100.138999 0.0000000000000000 0.000000 247.473399 -1241390.712123 30.838733 126.314177 -22.384362 1415.700013 -8.724 -8.724 0.000000 3.247183 0.000 0 0.000
17401.00 1271.13 100.138999 0.0000000000000000 0.000000 247.473399 -1241699.109822 30.840807 126.319782 -22.390920 1415.620369 -8.730 -8.730 0.000000 3.246964 0.000 0 0.000
17301.00 1270.95 100.138999 0.0000000000000000 0.000000 247.473399 -1242007.528262 30.842881 126.325384 -22.397478 1415.540722 -8.735 -8.735 0.000000 3.246746 0.000 0 0.000
17201.00 1270.77 100.138999 0.0000000000000000 0.000000 247.473399 -1242315.967453 30.844957 126.330985 -22.404037 1415.461071 -8.740 -8.740 0.000000 3.246527 0.000 0 0.000
17101.00 1270.58 100.138999 0.0000000000000000 0.000000 247.473399 -1242624.427407 30.847034 126.336584 -22.410596 1415.381417 -8.746 -8.746 0.000000 3.246309 0.000 0 0.000
17001.00 1270.40 100.138999 0.0000000000000000 0.000000 247.473399 -1242932.908133 30.849112 126.342180 -22.417156 1415.301760 -8.751 -8.751 0.000000 3.246090 0.000 0 0.000
16901.00 1270.22 100.138999 0.0000000000000000 0.000000 247.473399 -1243241.409643 30.851191 126.347776 -22.423716 1415.222099 -8.757 -8.757 0.000000 3.245871 0.000 0 0.000
16801.00 1270.04 100.138999 0.0000000000000000 0.000000 247.473399 -1243549.931949 30.853271 126.353369 -22.430277 1415.142434 -8.762 -8.762 0.000000 3.245653 0.000 0 0.000
16701.00 1269.86 100.138999 0.0000000000000000 0.000000 247.473399 -1243858.475060 30.855352 126.358960 -22.436839 1415.062765 -8.767 -8.767 0.000000 3.245434 0.000 0 0.000
16601.00 1269.68 100.138999 0.0000000000000000 0.000000 247.473399 -1244167.038988 30.857434 126.364550 -22.443401 1414.983091 -8.773 -8.773 0.000000 3.245215 0.000 0 0.000
16501.00 1269.49 100.138999 0.0000000000000000 0.000000 247.473399 -1244475.623743 30.859517 126.370137 -22.449964 1414.903413 -8.778 -8.778 0.000000 3.244996 0.000 0 0.000
16401.00 1269.31 100.138999 0.0000000000000000 0.000000 247.473399 -1244784.229337 30.861602 126.375723 -22.456527 1414.823729 -8.783 -8.783 0.000000 3.244776 0.000 0 0.000
16301.00 1269.13 100.138999 0.0000000000000000 0.000000 247.473399 -1245092.855781 30.863687 126.381307 -22.463091 1414.744041 -8.789 -8.789 0.000000 3.244557 0.000 0 0.000
16201.00 1268.95 100.138999 0.0000000000000000 0.000000 247.473399 -1245401.503086 30.865774 126.386889 -22.469655 1414.664348 -8.794 -8.794 0.000000 3.244338 0.000 0 0.000
16101.00 1268.77 100.138999 0.0000000000000000 0.000000 247.473399 -1245710.171263 30.867862 126.392469 -22.476220 1414.584649 -8.800 -8.800 0.000000 3.244118 0.000 0 0.000
16001.00 1268.59 100.138999 0.0000000000000000 0.000000 247.473399 -1246018.860322 30.869950 126.398047 -22.482786 1414.504944 -8.805 -8.805 0.000000 3.243899 0.000 0 0.000
15901.00 1268.40 100.138999 0.0000000000000000 0.000000 247.473399 -1246327.570275 30.872040 126.403624 -22.489352 1414.425233 -8.810 -8.810 0.000000 3.243679 0.000 0 0.000
15801.00 1268.22 100.138999 0.0000000000000000 0.000000 247.473399 -1246636.301134 30.874131 126.409198 -22.495919 1414.345516 -8.816 -8.816 0.000000 3.243460 0.000 0 0.000
15701.00 1268.04 100.138999 0.0000000000000000 0.000000 247.473399 -1246945.052909 30.876224 126.414771 -22.502487 1414.265793 -8.821 -8.821 0.000000 3.243240 0.000 0 0.000
15601.00 1267.86 100.138999 0.0000000000000000 0.000000 247.473399 -1247253.825611 30.878317 126.420342 -22.509055 1414.186063 -8.827 -8.827 0.000000 3.243020 0.000 0 0.000
15501.00 1267.68 100.138999 0.0000000000000000 0.000000 247.473399 -1247562.619252 30.880411 126.425910 -22.515623 1414.106326 -8.832 -8.832 0.000000 3.242800 0.000 0 0.000
15401.00 1267.49 100.138999 0.0000000000000000 0.000000 247.473399 -1247871.433842 30.882507 126.431477 -22.522192 1414.026582 -8.837 -8.837 0.000000 3.242580 0.000 0 0.000
15301.00 1267.31 100.138999 0.0000000000000000 0.000000 247.473399 -1248180.269394 30.884604 126.437043 -22.528762 1413.946831 -8.843 -8.843 0.000000 3.242360 0.000 0 0.000
15201.00 1267.13 100.138999 0.0000000000000000 0.000000 247.473399 -1248489.125918 30.886701 126.442606 -22.535333 1413.867072 -8.848 -8.848 0.000000 3.242140 0.000 0 0.000
15101.00 1266.95 100.138999 0.0000000000000000 0.000000 247.473399 -1248798.003426 30.888800 126.448167 -22.541904 1413.787306 -8.854 -8.854 0.000000 3.241919 0.000 0 0.000
15001.00 1266.77 100.138999 0.0000000000000000 0.000000 247.473399 -1249106.901929 30.890900 126.453727 -22.548475 1413.707531 -8.859 -8.859 0.000000 3.241699 0.000 0 0.000
14901.00 1266.59 100.138999 0.0000000000000000 0.000000 247.473399 -1249415.821438 30.893002 126.459284 -22.555047 1413.627748 -8.864 -8.864 0.000000 3.241478 0.000 0 0.000
14801.00 1266.40 100.138999 0.0000000000000000 0.000000 247.473399 -1249724.761965 30.895104 126.464840 -22.561620 1413.547957 -8.870 -8.870 0.000000 3.241258 0.000 0 0.000
14701.00 1266.22 100.138999 0.0000000000000000 0.000000 247.473399 -1250033.723521 30.897207 126.470394 -22.568193 1413.468156 -8.875 -8.875 0.000000 3.241037 0.000 0 0.000
14601.00 1266.04 100.138999 0.0000000000000000 0.000000 247.473399 -1250342.706117 30.899312 126.475946 -22.574767 1413.388347 -8.881 -8.881 0.000000 3.240816 0.000 0 0.000
14501.00 1265.86 100.138999 0.0000000000000000 0.000000 247.473399 -1250651.709766 30.901418 126.481496 -22.581342 1413.308528 -8.886 -8.886 0.000000 3.240596 0.000 0 0.000
14401.00 1265.68 100.138999 0.0000000000000000 0.000000 247.473399 -1250960.734477 30.903525 126.487044 -22.587917 1413.228700 -8.891 -8.891 0.000000 3.240375 0.000 0 0.000
14301.00 1265.50 100.138999 0.0000000000000000 0.000000 247.473399 -1251269.780264 30.905633 126.492590 -22.594493 1413.148862 -8.897 -8.897 0.000000 3.240154 0.000 0 0.000
14201.00 1265.31 100.138999 0.0000000000000000 0.000000 247.473399 -1251578.847137 30.907742 126.498134 -22.601069 1413.069013 -8.902 -8.902 0.000000 3.239933 0.000 0 0.000
14101.00 1265.13 100.138999 0.0000000000000000 0.000000 247.473399 -1251887.935109 30.909852 126.503677 -22.607646 1412.989155 -8.908 -8.908 0.000000 3.239711 0.000 0 0.000
14001.00 1264.95 100.138999 0.0000000000000000 0.000000 247.473399 -1252197.044189 30.911964 126.509217 -22.614224 1412.909285 -8.913 -8.913 0.000000 3.239490 0.000 0 0.000
13901.00 1264.77 100.138999 0.0000000000000000 0.000000 247.473399 -1252506.174391 30.914077 126.514756 -22.620802 1412.829405 -8.919 -8.919 0.000000 3.239269 0.000 0 0.000
13801.00 1264.59 100.138999 0.0000000000000000 0.000000 247.473399 -1252815.325726 30.916191 126.520293 -22.627381 1412.749514 -8.924 -8.924 0.000000 3.239047 0.000 0 0.000
13701.00 1264.40 100.138999 0.0000000000000000 0.000000 247.473399 -1253124.498206 30.918306 126.525828 -22.633961 1412.669611 -8.929 -8.929 0.000000 3.238826 0.000 0 0.000
13601.00 1264.22 100.138999 0.0000000000000000 0.000000 247.473399 -1253433.691841 30.920422 126.531360 -22.640541 1412.589696 -8.935 -8.935 0.000000 3.238604 0.000 0 0.000
13501.00 1264.04 100.138999 0.0000000000000000 0.000000 247.473399 -1253742.906644 30.922539 126.536891 -22.647121 1412.509769 -8.940 -8.940 0.000000 3.238382 0.000 0 0.000
13401.00 1263.86 100.138999 0.0000000000000000 0.000000 247.473399 -1254052.142628 30.924658 126.542421 -22.653703 1412.429830 -8.946 -8.946 0.000000 3.238160 0.000 0 0.000
13301.00 1263.68 100.138999 0.0000000000000000 0.000000 247.473399 -1254361.399802 30.926777 126.547948 -22.660285 1412.349879 -8.951 -8.951 0.000000 3.237938 0.000 0 0.000
13201.00 1263.50 100.138999 0.0000000000000000 0.000000 247.473399 -1254670.678180 30.928898 126.553473 -22.666867 1412.269914 -8.957 -8.957 0.000000 3.237716 0.000 0 0.000
13101.00 1263.31 100.138999 0.0000000000000000 0.000000 247.473399 -1254979.977773 30.931020 126.558996 -22.673451 1412.189936 -8.962 -8.962 0.000000 3.237494 0.000 0 0.000
13001.00 1263.13 100.138999 0.0000000000000000 0.000000 247.473399 -1255289.298592 30.933144 126.564518 -22.680034 1412.109945 -8.967 -8.967 0.000000 3.237272 0.000 0 0.000
12901.00 1262.95 100.138999 0.0000000000000000 0.000000 247.473399 -1255598.640651 30.935268 126.570037 -22.686619 1412.029939 -8.973 -8.973 0.000000 3.237050 0.000 0 0.000
12801.00 1262.77 100.138999 0.0000000000000000 0.000000 247.473399 -1255908.003960 30.937394 126.575555 -22.693204 1411.949920 -8.978 -8.978 0.000000 3.236827 0.000 0 0.000
12701.00 1262.59 100.138999 0.0000000000000000 0.000000 247.473399 -1256217.388532 30.939521 126.581070 -22.699790 1411.869886 -8.984 -8.984 0.000000 3.236605 0.000 0 0.000
12601.00 1262.40 100.138999 0.0000000000000000 0.000000 247.473399 -1256526.794379 30.941649 126.586584 -22.706376 1411.789837 -8.989 -8.989 0.000000 3.236382 0.000 0 0.000
12501.00 1262.22 100.138999 0.0000000000000000 0.000000 247.473399 -1256836.221513 30.943778 126.592096 -22.712963 1411.709774 -8.995 -8.995 0.000000 3.236159 0.000 0 0.000
12401.00 1262.04 100.138999 0.0000000000000000 0.000000 247.473399 -1257145.669945 30.945909 126.597606 -22.719551 1411.629694 -9.000 -9.000 0.000000 3.235937 0.000 0 0.000
12301.00 1261.86 100.138999 0.0000000000000000 0.000000 247.473399 -1257455.139688 30.948040 126.603113 -22.726139 1411.549599 -9.006 -9.006 0.000000 3.235714 0.000 0 0.000
12201.00 1261.68 100.138999 0.0000000000000000 0.000000 247.473399 -1257764.630754 30.950173 126.608619 -22.732728 1411.469488 -9.011 -9.011 0.000000 3.235491 0.000 0 0.000
12101.00 1261.50 100.138999 0.0000000000000000 0.000000 247.473399 -1258074.143156 30.952307 126.614123 -22.739318 1411.389361 -9.016 -9.016 0.000000 3.235268 0.000 0 0.000
12001.00 1261.26 100.138999 0.0001272277399305 0.000154 247.473399 -1258383.678267 30.955276 126.622756 -22.764040 1411.484936 -12.240 -12.240 2.672427 3.235044 2.364 0 0.000
11901.00 1260.93 100.138999 0.0005198876436088 0.000629 247.473399 -1258693.254550 30.959988 126.637908 -22.826780 1411.946976 -12.206 -12.206 2.671699 3.234819 2.375 0 0.000
11801.00 1260.60 100.138999 0.0009188573983887 0.001113 247.473399 -1259002.878193 30.964748 126.653197 -22.890706 1412.417423 -12.172 -12.172 2.670983 3.234595 2.387 0 0.000
11701.00 1260.27 100.138999 0.0013243859480737 0.001604 247.473399 -1259312.549685 30.969558 126.668632 -22.955861 1412.896472 -12.137 -12.137 2.670279 3.234370 2.398 0 0.000
11601.00 1259.93 100.138999 0.0017367349368325 0.002103 247.473399 -1259622.269528 30.974419 126.684217 -23.022288 1413.384329 -12.102 -12.102 2.669587 3.234145 2.409 0 0.000
11501.00 1259.60 100.138999 0.0021561795020345 0.002611 247.473399 -1259932.038245 30.979333 126.699960 -23.090033 1413.881212 -12.067 -12.067 2.668908 3.233921 2.420 0 0.000
11401.00 1259.26 100.138999 0.0025830090916050 0.003129 247.473399 -1260241.856372 30.984302 126.715869 -23.159145 1414.387353 -12.031 -12.031 2.668242 3.233696 2.432 0 0.000
11301.00 1258.92 100.138999 0.0030175283521587 0.003655 247.473399 -1260551.724468 30.989327 126.731952 -23.229673 1414.902995 -11.996 -11.996 2.667589 3.233471 2.443 0 0.000
11201.00 1258.57 100.138999 0.0034600580729289 0.004192 247.473399 -1260861.643111 30.994411 126.748215 -23.301673 1415.428397 -11.960 -11.960 2.666950 3.233246 2.454 0 0.000
11101.00 1258.23 100.138999 0.0039109361932698 0.004738 247.473399 -1261171.612898 30.999556 126.764669 -23.375199 1415.963833 -11.924 -11.924 2.666325 3.233022 2.465 0 0.000
11001.00 1257.88 100.138999 0.0043705188805020 0.005295 247.473399 -1261481.634450 31.004765 126.781322 -23.450310 1416.509591 -11.887 -11.887 2.665713 3.232797 2.476 0 0.000
10901.00 1257.53 100.138999 0.0048391816816144 0.005863 247.473399 -1261791.708410 31.010038 126.798184 -23.527070 1417.065980 -11.850 -11.850 2.665116 3.232572 2.486 0 0.000
10801.00 1257.18 100.138999 0.0053173207460712 0.006443 247.473399 -1262101.835446 31.015380 126.815265 -23.605542 1417.633324 -11.813 -11.813 2.664534 3.232347 2.497 0 0.000
10701.00 1256.83 100.138999 0.0058053541474569 0.007035 247.473399 -1262412.016252 31.020793 126.832577 -23.685796 1418.211968 -11.776 -11.776 2.663967 3.232122 2.508 0 0.000
10601.00 1256.47 100.138999 0.0063037232790084 0.007639 247.473399 -1262722.251549 31.026279 126.850129 -23.767905 1418.802279 -11.738 -11.738 2.663415 3.231897 2.518 0 0.000
10501.00 1256.11 100.138999 0.0068128943444470 0.008256 247.473399 -1263032.542086 31.031841 126.867935 -23.851945 1419.404643 -11.701 -11.701 2.662878 3.231672 2.529 0 0.000
10401.00 1255.75 100.138999 0.0073333599706856 0.008887 247.473399 -1263342.888642 31.037483 126.886008 -23.937998 1420.019473 -11.663 -11.663 2.662357 3.231447 2.539 0 0.000
10301.00 1255.39 100.138999 0.0078656408791997 0.009532 247.473399 -1263653.292029 31.043208 126.904360 -24.026149 1420.647204 -11.624 -11.624 2.661853 3.231221 2.550 0 0.000
10201.00 1255.02 100.138999 0.0084102877285834 0.010192 247.473399 -1263963.753093 31.049019 126.923006 -24.116488 1421.288301 -11.586 -11.586 2.661365 3.230996 2.560 0 0.000
10101.00 1254.65 100.138999 0.0089678830361205 0.010868 247.473399 -1264274.272715 31.054920 126.941962 -24.209111 1421.943255 -11.547 -11.547 2.660893 3.230771 2.570 0 0.000
10001.00 1254.28 100.138999 0.0095390432193217 0.011560 247.473399 -1264584.851813 31.060915 126.961244 -24.304119 1422.612589 -11.507 -11.507 2.660439 3.230545 2.580 0 0.000
9901.00 1253.90 100.138999 0.0101244208015748 0.012269 247.473399 -1264895.491346 31.067008 126.980867 -24.401619 1423.296856 -11.468 -11.468 2.660001 3.230320 2.590 0 0.000
9801.00 1253.52 100.126414 0.0105985624191044 0.012843 247.438211 -1265050.225362 31.068459 126.981630 -24.479532 1423.673867 -11.428 -11.428 2.659582 3.230094 2.600 0 0.000
9701.00 1253.13 100.065877 0.0106057093434388 0.012853 247.269055 -1264610.204842 31.051925 126.909483 -24.475064 1422.836701 -11.388 -11.388 2.659184 3.229869 2.609 0 0.000
9601.00 1252.75 100.004653 0.0106131195207885 0.012862 247.098087 -1264161.005376 31.035175 126.836460 -24.470420 1421.990193 -11.348 -11.348 2.658808 3.229643 2.619 0 0.000
9501.00 1252.36 99.942719 0.0106208067673192 0.012872 246.925241 -1263702.302349 31.018201 126.762529 -24.465592 1421.134033 -11.307 -11.307 2.658454 3.229417 2.628 0 0.000
9401.00 1251.97 99.880048 0.0106287857936670 0.012883 246.750447 -1263233.754311 31.000997 126.687658 -24.460576 1420.267899 -11.266 -11.266 2.658124 3.229190 2.637 0 0.000
9301.00 1251.58 99.816610 0.0106370722724418 0.012893 246.573630 -1262755.001901 30.983553 126.611810 -24.455364 1419.391451 -11.225 -11.225 2.657816 3.228964 2.646 0 0.000
9201.00 1251.19 99.752377 0.0106456829116965 0.012904 246.394712 -1262265.666685 30.965859 126.534950 -24.449951 1418.504332 -11.183 -11.183 2.657533 3.228737 2.655 0 0.000
9101.00 1250.80 99.687318 0.0106546355343839 0.012915 246.213611 -1261765.349923 30.947907 126.457039 -24.444328 1417.606167 -11.141 -11.141 2.657274 3.228511 2.664 0 0.000
9001.00 1250.40 99.621400 0.0106639491652069 0.012927 246.030240 -1261253.631222 30.929686 126.378035 -24.438489 1416.696562 -11.099 -11.099 2.657041 3.228284 2.673 0 0.000
8901.00 1250.00 99.554589 0.0106736441245878 0.012939 245.844508 -1260730.067102 30.911185 126.297895 -24.432426 1415.775103 -11.056 -11.056 2.656834 3.228056 2.681 0 0.000
8801.00 1249.60 99.486847 0.0106837421317110 0.012951 245.656318 -1260194.189448 30.892394 126.216574 -24.426133 1414.841351 -11.013 -11.013 2.656653 3.227829 2.689 0 0.000
8701.00 1249.20 99.418136 0.0106942664134841 0.012964 245.465568 -1259645.503833 30.873299 126.134024 -24.419599 1413.894845 -10.970 -10.970 2.656499 3.227602 2.697 0 0.000
8601.00 1248.79 99.348416 0.0107052418339652 0.012977 245.272151 -1259083.487723 30.853889 126.050193 -24.412818 1412.935101 -10.927 -10.927 2.656373 3.227374 2.705 0 0.000
8501.00 1248.38 99.277644 0.0107166950117392 0.012990 245.075952 -1258507.588527 30.834151 125.965028 -24.405781 1411.961605 -10.883 -10.883 2.656275 3.227146 2.713 0 0.000
8401.00 1247.97 99.205774 0.0107286544836137 0.013004 244.876851 -1257917.221506 30.814070 125.878471 -24.398478 1410.973814 -10.839 -10.839 2.656206 3.226917 2.720 0 0.000
8301.00 1247.55 99.132757 0.0107411508653166 0.013018 244.674722 -1257311.767499 30.793631 125.790463 -24.390900 1409.971157 -10.794 -10.794 2.656166 3.226689 2.727 0 0.000
8201.00 1247.13 99.058542 0.0107542169741320 0.013033 244.469428 -1256690.570452 30.772818 125.700939 -24.383037 1408.953027 -10.749 -10.749 2.656156 3.226460 2.734 0 0.000
8101.00 1246.71 98.983076 0.0107678881042293 0.013049 244.260826 -1256052.934812 30.751616 125.609831 -24.374880 1407.918783 -10.704 -10.704 2.656176 3.226231 2.741 0 0.000
8001.00 1246.29 98.906300 0.0107822021642515 0.013065 244.048765 -1255398.122600 30.730006 125.517068 -24.366417 1406.867745 -10.659 -10.659 2.656228 3.226002 2.748 0 0.000
7901.00 1245.86 98.828154 0.0107971999318049 0.013082 243.833084 -1254725.350324 30.707969 125.422574 -24.357638 1405.799194 -10.613 -10.613 2.656310 3.225772 2.754 0 0.000
7801.00 1245.43 98.748572 0.0108129253153431 0.013099 243.613612 -1254033.785593 30.685485 125.326266 -24.348531 1404.712365 -10.567 -10.567 2.656425 3.225542 2.760 0 0.000
7701.00 1244.99 98.667486 0.0108294256040394 0.013117 243.390166 -1253322.543441 30.662534 125.228059 -24.339085 1403.606446 -10.521 -10.521 2.656571 3.225312 2.766 0 0.000
7601.00 1244.55 98.584822 0.0108467517920414 0.013137 243.162554 -1252590.682353 30.639092 125.127860 -24.329287 1402.480576 -10.475 -10.475 2.656750 3.225082 2.772 0 0.000
7501.00 1244.10 98.500502 0.0108649589055145 0.013157 242.930569 -1251837.199921 30.615136 125.025573 -24.319125 1401.333836 -10.428 -10.428 2.656962 3.224851 2.777 0 0.000
7401.00 1243.65 98.414443 0.0108841063726030 0.013178 242.693993 -1251061.028132 30.590640 124.921092 -24.308585 1400.165251 -10.381 -10.381 2.657207 3.224619 2.782 0 0.000
7301.00 1243.19 98.326555 0.0109042584346286 0.013200 242.452592 -1250261.028224 30.565577 124.814307 -24.297655 1398.973781 -10.333 -10.333 2.657484 3.224388 2.787 0 0.000
7201.00 1242.73 98.236744 0.0109254845827980 0.013223 242.206116 -1249435.985081 30.539918 124.705100 -24.286319 1397.758317 -10.286 -10.286 2.657795 3.224156 2.792 0 0.000
7101.00 1242.27 98.144909 0.0109478600936659 0.013247 241.954301 -1248584.601133 30.513632 124.593343 -24.274563 1396.517674 -10.238 -10.238 2.658138 3.223923 2.796 0 0.000
7001.00 1241.79 98.050942 0.0109714665354736 0.013273 241.696862 -1247705.489638 30.486686 124.478902 -24.262373 1395.250591 -10.190 -10.190 2.658514 3.223691 2.801 0 0.000
6901.00 1241.32 97.954727 0.0109963924195888 0.013300 241.433496 -1246797.167408 30.459044 124.361631 -24.249731 1393.955714 -10.142 -10.142 2.658923 3.223457 2.805 0 0.000
6801.00 1240.83 97.856140 0.0110227338591214 0.013329 241.163878 -1245858.046791 30.430668 124.241377 -24.236623 1392.631599 -10.094 -10.094 2.659363 3.223223 2.808 0 0.000
6701.00 1240.34 97.755048 0.0110505953496733 0.013359 240.887660 -1244886.426916 30.401519 124.117973 -24.223031 1391.276697 -10.045 -10.045 2.659834 3.222989 2.812 0 0.000
6601.00 1239.84 97.651309 0.0110800905815302 0.013391 240.604469 -1243880.484068 30.371552 123.991241 -24.208937 1389.889349 -9.997 -9.997 2.660336 3.222754 2.815 0 0.000
6501.00 1239.33 97.544772 0.0111113433950447 0.013425 240.313907 -1242838.261158 30.340722 123.860991 -24.194325 1388.467773 -9.948 -9.948 2.660866 3.222519 2.818 0 0.000
6401.00 1238.81 97.435271 0.0111444888060333 0.013461 240.015545 -1241757.656126 30.308978 123.727018 -24.179173 1387.010058 -9.900 -9.900 2.661425 3.222283 2.821 0 0.000
6301.00 1238.29 97.322631 0.0111796741561125 0.013500 239.708921 -1240636.409224 30.276266 123.589102 -24.163465 1385.514146 -9.851 -9.851 2.662010 3.222046 2.824 0 0.000
6201.00 1237.75 97.206662 0.0112170603798140 0.013541 239.393540 -1239472.089029 30.242530 123.447006 -24.147179 1383.977826 -9.802 -9.802 2.662620 3.221809 2.826 0 0.000
6101.00 1237.21 97.087161 0.0112568234059324 0.013585 239.068869 -1238262.077068 30.207706 123.300475 -24.130294 1382.398716 -9.754 -9.754 2.663253 3.221571 2.828 0 0.000
6001.00 1236.65 96.963907 0.0112991556904044 0.013631 238.734335 -1237003.550936 30.171728 123.149234 -24.112788 1380.774246 -9.705 -9.705 2.663906 3.221332 2.830 0 0.000
5901.00 1236.09 96.836663 0.0113442678921764 0.013681 238.389317 -1235693.465758 30.134524 122.992986 -24.094640 1379.101646 -9.657 -9.657 2.664576 3.221093 2.832 0 0.000
5801.00 1235.51 96.705174 0.0113923906904949 0.013735 238.033148 -1234328.533865 30.096015 122.831413 -24.075826 1377.377920 -9.609 -9.609 2.665262 3.220853 2.834 0 0.000
5701.00 1234.92 96.569163 0.0114437767271219 0.013792 237.665107 -1232905.202564 30.056119 122.664169 -24.056321 1375.599835 -9.561 -9.561 2.665958 3.220612 2.836 0 0.000
5601.00 1234.31 96.428330 0.0114987026520294 0.013853 237.284415 -1231419.629894 30.014743 122.490880 -24.036099 1373.763888 -9.513 -9.513 2.666663 3.220369 2.838 0 0.000
5501.00 1233.69 96.282353 0.0115574712467510 0.013919 236.890229 -1229867.658300 29.971790 122.311141 -24.015134 1371.866290 -9.466 -9.466 2.667370 3.220126 2.839 0 0.000
5401.00 1233.05 96.130881 0.0116204135347799 0.013990 236.481638 -1228244.786219 29.927153 122.124517 -23.993397 1369.902933 -9.420 -9.420 2.668077 3.219882 2.841 0 0.000
5301.00 1232.40 95.973536 0.0116878907961865 0.014066 236.057656 -1226546.137658 29.880718 121.930533 -23.970859 1367.869368 -9.373 -9.373 2.668778 3.219637 2.842 0 0.000
5201.00 1231.73 95.809907 0.0117602963178955 0.014149 235.617215 -1224766.429985 29.832359 121.728676 -23.947487 1365.760768 -9.328 -9.328 2.669466 3.219391 2.844 0 0.000
5101.00 1231.04 95.639549 0.0118380566772231 0.014237 235.159162 -1222899.940374 29.781942 121.518390 -23.923247 1363.571897 -9.283 -9.283 2.670137 3.219143 2.846 0 0.000
5001.00 1230.33 95.461983 0.0119216321333000 0.014333 234.682246 -1220940.471579 29.729320 121.299076 -23.898102 1361.297078 -9.238 -9.238 2.670784 3.218894 2.848 0 0.000
4901.00 1229.59 95.276687 0.0120115158973316 0.014437 234.185117 -1218881.318278 29.674335 121.070081 -23.872011 1358.930160 -9.195 -9.195 2.671399 3.218644 2.850 0 0.000
4801.00 1228.83 95.083101 0.0121082312697332 0.014548 233.666320 -1216715.235473 29.616816 120.830703 -23.844929 1356.464479 -9.152 -9.152 2.671975 3.218392 2.853 0 0.000
4701.00 1228.05 94.880619 0.0122123261417609 0.014669 233.124286 -1214434.411707 29.556580 120.580184 -23.816804 1353.892828 -9.110 -9.110 2.672503 3.218139 2.856 0 0.000
4601.00 1227.24 94.668591 0.0123243634144517 0.014800 232.557333 -1212030.450420 29.493427 120.317709 -23.787577 1351.207434 -9.069 -9.069 2.672975 3.217884 2.859 0 0.000
4501.00 1226.39 94.446325 0.0124449058920547 0.014941 231.963664 -1209494.364503 29.427147 120.042404 -23.757182 1348.399934 -9.029 -9.029 2.673380 3.217628 2.863 0 0.000
4401.00 1225.52 94.213080 0.0125744936411641 0.015093 231.341370 -1206816.590793 29.357513 119.753340 -23.725535 1345.461376 -8.991 -8.991 2.673709 3.217370 2.867 0 0.000
4301.00 1224.61 93.968079 0.0127136113642612 0.015257 230.688443 -1203987.033545 29.284287 119.449533 -23.692539 1342.382230 -8.954 -8.954 2.673952 3.217109 2.872 0 0.000
4201.00 1223.67 93.710510 0.0128626430143079 0.015433 230.002791 -1200995.148702 29.207219 119.129954 -23.658074 1339.152436 -8.918 -8.918 2.674095 3.216847 2.878 0 0.000
4101.00 1222.68 93.439541 0.0130218106153337 0.015622 229.282269 -1197830.083820 29.126051 118.793541 -23.621992 1335.761494 -8.883 -8.883 2.674128 3.216583 2.885 0 0.000
4001.00 1221.66 93.154332 0.0131910947424717 0.015824 228.524725 -1194480.891703 29.040523 118.439219 -23.584108 1332.198615 -8.850 -8.850 2.674039 3.216317 2.892 0 0.000
3901.00 1220.59 92.854065 0.0133701352931668 0.016038 227.728062 -1190936.838271 28.950378 118.065924 -23.544193 1328.452943 -8.818 -8.818 2.673814 3.216049 2.901 0 0.000
3801.00 1219.47 92.537973 0.0135581139973334 0.016264 226.890328 -1187187.825966 28.855373 117.672651 -23.501963 1324.513892 -8.789 -8.789 2.673442 3.215779 2.910 0 0.000
3701.00 1218.31 92.205387 0.0137536248723538 0.016500 226.009826 -1183224.951254 28.755289 117.258498 -23.457069 1320.371602 -8.760 -8.760 2.672911 3.215507 2.921 0 0.000
3601.00 1217.10 91.855786 0.0139545459268498 0.016743 225.085263 -1179041.206206 28.649952 116.822738 -23.409091 1316.017546 -8.734 -8.734 2.672211 3.215233 2.933 0 0.000
3501.00 1215.84 91.488869 0.0141579343161058 0.016990 224.115915 -1174632.317188 28.539250 116.364899 -23.357540 1311.445298 -8.710 -8.710 2.671330 3.214957 2.947 0 0.000
3401.00 1214.54 91.104622 0.0143599759175253 0.017237 223.101816 -1169997.686587 28.423153 115.884855 -23.301865 1306.651451 -8.687 -8.687 2.670264 3.214680 2.961 0 0.000
3301.00 1213.18 90.703396 0.0145560251331909 0.017478 222.043958 -1165141.367001 28.301740 115.382927 -23.241472 1301.636640 -8.666 -8.666 2.669006 3.214403 2.978 0 0.000
3201.00 1211.79 90.285975 0.0147407664585885 0.017708 220.944460 -1160072.956746 28.175223 114.859970 -23.175774 1296.406583 -8.647 -8.647 2.667556 3.214124 2.995 0 0.000
3101.00 1210.36 89.853627 0.0149085116369288 0.017918 219.806704 -1154808.272128 28.043957 114.317453 -23.104236 1290.972990 -8.629 -8.629 2.665916 3.213846 3.014 0 0.000
3001.00 1208.89 89.408124 0.0150536150787774 0.018102 218.635381 -1149369.641613 27.908457 113.757491 -23.026448 1285.354179 -8.614 -8.614 2.664092 3.213568 3.035 0 0.000
2901.00 1207.41 88.951726 0.0151709532023711 0.018255 217.436440 -1143785.694565 27.769392 113.182837 -22.942191 1279.575206 -8.600 -8.600 2.662094 3.213291 3.056 0 0.000
2801.00 1205.90 88.487114 0.0152563848185478 0.018370 216.216923 -1138090.587585 27.627568 112.596814 -22.851487 1273.667399 -8.588 -8.588 2.659935 3.213016 3.079 0 0.000
2701.00 1204.39 88.017294 0.0153071042488232 0.018445 214.984691 -1132322.712219 27.483899 112.003188 -22.754634 1267.667273 -8.577 -8.577 2.657630 3.212743 3.102 0 0.000
2601.00 1202.88 87.545459 0.0153218225106141 0.018478 213.748087 -1126523.029903 27.339368 111.406011 -22.652197 1261.614937 -8.568 -8.568 2.655195 3.212473 3.127 0 0.000
2501.00 1201.37 87.074851 0.0153007564161733 0.018469 212.515558 -1120733.249371 27.194983 110.809435 -22.544977 1255.552198 -8.560 -8.560 2.652648 3.212206 3.152 0 0.000
2401.00 1199.89 86.608626 0.0152454529581314 0.018419 211.295307 -1114994.075677 27.051730 110.217532 -22.433950 1249.520639 -8.553 -8.553 2.650006 3.211943 3.178 0 0.000
2301.00 1198.44 86.149736 0.0151585084785890 0.018331 210.094990 -1109343.718190 26.910543 109.634141 -22.320198 1243.559900 -8.548 -8.548 2.647285 3.211684 3.204 0 0.000
2201.00 1197.01 85.700843 0.0150432512068773 0.018210 208.921498 -1103816.768165 26.772269 109.062752 -22.204845 1237.706326 -8.544 -8.544 2.644499 3.211428 3.230 0 0.000
2101.00 1195.63 85.264266 0.0149034439650668 0.018058 207.780817 -1098443.473139 26.637652 108.506423 -22.088993 1231.992052 -8.541 -8.541 2.641661 3.211177 3.256 0 0.000
2001.00 1194.29 84.841955 0.0147430415528254 0.017882 206.677960 -1093249.369585 26.507322 107.967746 -21.973687 1226.444492 -8.539 -8.539 2.638784 3.210930 3.282 0 0.000
1901.00 1192.99 84.435481 0.0145660139132990 0.017686 205.616957 -1088255.197887 26.381792 107.448830 -21.859883 1221.086178 -8.538 -8.538 2.635876 3.210687 3.308 0 0.000
1801.00 1191.75 84.046053 0.0143762289166713 0.017474 204.600887 -1083477.014477 26.261464 106.951315 -21.748435 1215.934829 -8.539 -8.539 2.632945 3.210448 3.334 0 0.000
1701.00 1190.55 83.674533 0.0141773788615241 0.017251 203.631927 -1078926.426499 26.146629 106.476397 -21.640087 1211.003573 -8.541 -8.541 2.630000 3.210213 3.359 0 0.000
1601.00 1189.41 83.321462 0.0139729326212072 0.017021 202.711421 -1074610.895287 26.037478 106.024851 -21.535477 1206.301258 -8.544 -8.544 2.627045 3.209981 3.385 0 0.000
1501.00 1188.32 82.987088 0.0137660984061095 0.016787 201.839953 -1070534.077350 25.934108 105.597073 -21.435133 1201.832794 -8.547 -8.547 2.624085 3.209752 3.409 0 0.000
1401.00 1187.29 82.671393 0.0135597881007884 0.016553 201.017422 -1066696.189728 25.836536 105.193114 -21.339477 1197.599520 -8.552 -8.552 2.621124 3.209526 3.434 0 0.000
1301.00 1186.30 82.374128 0.0133565808316875 0.016323 200.243124 -1063094.397527 25.744700 104.812714 -21.248827 1193.599589 -8.558 -8.558 2.618165 3.209303 3.457 0 0.000
1201.00 1185.37 82.094840 0.0131586889004819 0.016099 199.515835 -1059723.224647 25.658474 104.455349 -21.163402 1189.828370 -8.565 -8.565 2.615210 3.209082 3.481 0 0.000
1101.00 1184.48 81.832908 0.0129679321148981 0.015883 198.833899 -1056574.985846 25.577679 104.120271 -21.083321 1186.278876 -8.573 -8.573 2.612260 3.208863 3.504 0 0.000
1001.00 1183.64 81.587581 0.0127857266388327 0.015676 198.195320 -1053640.232262 25.502091 103.806551 -21.008614 1182.942200 -8.582 -8.582 2.609319 3.208646 3.526 0 0.000
901.00 1182.84 81.358004 0.0126130920178323 0.015481 197.597850 -1050908.196374 25.431452 103.513125 -20.939229 1179.807975 -8.591 -8.591 2.606386 3.208430 3.548 0 0.000
801.00 1182.07 81.143261 0.0124506766907350 0.015299 197.039071 -1048367.218880 25.365482 103.238835 -20.875043 1176.864804 -8.602 -8.602 2.603462 3.208216 3.569 0 0.000
701.00 1181.35 80.942396 0.0122987989248752 0.015128 196.516480 -1046005.139886 25.303887 102.982472 -20.815877 1174.100672 -8.613 -8.613 2.600548 3.208002 3.590 0 0.000
601.00 1180.66 80.754446 0.0121574980411618 0.014970 196.027548 -1043809.640191 25.246370 102.742806 -20.761504 1171.503312 -8.624 -8.624 2.597643 3.207790 3.610 0 0.000
501.00 1180.00 80.578459 0.0120265901108976 0.014825 195.569783 -1041768.523814 25.192633 102.518617 -20.711672 1169.060503 -8.637 -8.637 2.594749 3.207578 3.630 0 0.000
401.00 1179.37 80.413510 0.0119057228863582 0.014691 195.140769 -1039869.938874 25.142388 102.308720 -20.666105 1166.760319 -8.650 -8.650 2.591865 3.207367 3.650 0 0.000
301.00 1178.77 80.258716 0.0117944260740175 0.014570 194.738197 -1038102.539133 25.095358 102.111977 -20.624523 1164.591305 -8.664 -8.664 2.588991 3.207156 3.669 0 0.000
201.00 1178.19 80.113243 0.0116921545572552 0.014458 194.359888 -1036455.592304 25.051281 101.927310 -20.586644 1162.542604 -8.678 -8.678 2.586127 3.206946 3.687 0 0.000
101.00 1177.63 79.976310 0.0115983236736222 0.014357 194.003805 -1034919.043390 25.009911 101.753713 -20.552192 1160.604027 -8.693 -8.693 2.583273 3.206736 3.705 0 0.000
1.00 1177.09 79.847191 0.0115123362767091 0.014266 193.668054 -1033483.541951 24.971021 101.590244 -20.520990 1158.765490 -8.709 -8.709 2.580413 3.206526 3.722 0 0.000
