Title: Depleted MORB Mantle of Workmann & Hart 2005

System Thermodynamic Data:
Pressure Temperature mass F phi S H V Cp dVdP*10^6 dVdT*10^6 fO2(absolute) fO2(absolute) rhol rhos viscosity aH2O chisqr
44001.00 1349.80 100.138999 0.0000000000000000 0.000000 249.181701 -1158105.966047 30.107598 124.506367 -19.885203 1421.764106 -6.267 -6.267 0.000000 3.326038 0.000 0 0.000
43901.00 1349.60 100.138999 0.0000000000000000 0.000000 249.181701 -1158407.051658 30.109525 124.512810 -19.892228 1421.696952 -6.272 -6.272 0.000000 3.325825 0.000 0 0.000
43801.00 1349.40 100.138999 0.0000000000000000 0.000000 249.181701 -1158708.156554 30.111455 124.519253 -19.899257 1421.629947 -6.276 -6.276 0.000000 3.325611 0.000 0 0.000
43701.00 1349.20 100.138999 0.0000000000000000 0.000000 249.181701 -1159009.280757 30.113386 124.525696 -19.906292 1421.563093 -6.281 -6.281 0.000000 3.325398 0.000 0 0.000
43601.00 1349.00 100.138999 0.0000000000000000 0.000000 249.181701 -1159310.424288 30.115320 124.532140 -19.913331 1421.496390 -6.286 -6.286 0.000000 3.325185 0.000 0 0.000
43501.00 1348.80 100.138999 0.0000000000000000 0.000000 249.181701 -1159611.587170 30.117256 124.538583 -19.920375 1421.429840 -6.290 -6.290 0.000000 3.324971 0.000 0 0.000
43401.00 1348.60 100.138999 0.0000000000000000 0.000000 249.181701 -1159912.769425 30.119195 124.545027 -19.927424 1421.363445 -6.295 -6.295 0.000000 3.324757 0.000 0 0.000
43301.00 1348.40 100.138999 0.0000000000000000 0.000000 249.181701 -1160213.971075 30.121136 124.551472 -19.934478 1421.297204 -6.300 -6.300 0.000000 3.324543 0.000 0 0.000
43201.00 1348.20 100.138999 0.0000000000000000 0.000000 249.181701 -1160515.192144 30.123079 124.557916 -19.941538 1421.231121 -6.305 -6.305 0.000000 3.324328 0.000 0 0.000
43101.00 1348.00 100.138999 0.0000000000000000 0.000000 249.181701 -1160816.432654 30.125024 124.564361 -19.948602 1421.165195 -6.310 -6.310 0.000000 3.324114 0.000 0 0.000
43001.00 1347.80 100.138999 0.0000000000000000 0.000000 249.181701 -1161117.692628 30.126971 124.570807 -19.955671 1421.099430 -6.314 -6.314 0.000000 3.323899 0.000 0 0.000
42901.00 1347.60 100.138999 0.0000000000000000 0.000000 249.181701 -1161418.972090 30.128921 124.577253 -19.962746 1421.033825 -6.319 -6.319 0.000000 3.323684 0.000 0 0.000
42801.00 1347.40 100.138999 0.0000000000000000 0.000000 249.181701 -1161720.271061 30.130873 124.583699 -19.969825 1420.968382 -6.324 -6.324 0.000000 3.323468 0.000 0 0.000
42701.00 1347.20 100.138999 0.0000000000000000 0.000000 249.181701 -1162021.589567 30.132828 124.590145 -19.976910 1420.903103 -6.329 -6.329 0.000000 3.323253 0.000 0 0.000
42601.00 1347.00 100.138999 0.0000000000000000 0.000000 249.181701 -1162322.927629 30.134785 124.596593 -19.984001 1420.837989 -6.334 -6.334 0.000000 3.323037 0.000 0 0.000
42501.00 1346.80 100.138999 0.0000000000000000 0.000000 249.181701 -1162624.285273 30.136744 124.603040 -19.991096 1420.773041 -6.339 -6.339 0.000000 3.322821 0.000 0 0.000
42401.00 1346.60 100.138999 0.0000000000000000 0.000000 249.181701 -1162925.662522 30.138706 124.609488 -19.998197 1420.708261 -6.344 -6.344 0.000000 3.322604 0.000 0 0.000
42301.00 1346.40 100.138999 0.0000000000000000 0.000000 249.181701 -1163227.059400 30.140670 124.615937 -20.005304 1420.643651 -6.348 -6.348 0.000000 3.322388 0.000 0 0.000
42201.00 1346.20 100.138999 0.0000000000000000 0.000000 249.181701 -1163528.475931 30.142637 124.622386 -20.012416 1420.579212 -6.353 -6.353 0.000000 3.322171 0.000 0 0.000
42101.00 1346.00 100.138999 0.0000000000000000 0.000000 249.181701 -1163829.912139 30.144606 124.628836 -20.019534 1420.514945 -6.358 -6.358 0.000000 3.321954 0.000 0 0.000
42001.00 1345.80 100.138999 0.0000000000000000 0.000000 249.181701 -1164131.368050 30.146577 124.635286 -20.026657 1420.450853 -6.363 -6.363 0.000000 3.321737 0.000 0 0.000
41901.00 1345.60 100.138999 0.0000000000000000 0.000000 249.181701 -1164432.843687 30.148551 124.641737 -20.033786 1420.386936 -6.368 -6.368 0.000000 3.321519 0.000 0 0.000
41801.00 1345.40 100.138999 0.0000000000000000 0.000000 249.181701 -1164734.339076 30.150527 124.648188 -20.040921 1420.323196 -6.373 -6.373 0.000000 3.321302 0.000 0 0.000
41701.00 1345.20 100.138999 0.0000000000000000 0.000000 249.181701 -1165035.854242 30.152506 124.654641 -20.048061 1420.259635 -6.378 -6.378 0.000000 3.321084 0.000 0 0.000
41601.00 1345.00 100.138999 0.0000000000000000 0.000000 249.181701 -1165337.389210 30.154488 124.661094 -20.055207 1420.196254 -6.383 -6.383 0.000000 3.320866 0.000 0 0.000
41501.00 1344.80 100.138999 0.0000000000000000 0.000000 249.181701 -1165638.944006 30.156472 124.667547 -20.062359 1420.133056 -6.388 -6.388 0.000000 3.320647 0.000 0 0.000
41401.00 1344.60 100.138999 0.0000000000000000 0.000000 249.181701 -1165940.518655 30.158458 124.674002 -20.069518 1420.070041 -6.393 -6.393 0.000000 3.320428 0.000 0 0.000
41301.00 1344.40 100.138999 0.0000000000000000 0.000000 249.181701 -1166242.113182 30.160448 124.680457 -20.076682 1420.007212 -6.398 -6.398 0.000000 3.320209 0.000 0 0.000
41201.00 1344.19 100.138999 0.0000000000000000 0.000000 249.181701 -1166543.727615 30.162439 124.686913 -20.083852 1419.944570 -6.403 -6.403 0.000000 3.319990 0.000 0 0.000
41101.00 1343.99 100.138999 0.0000000000000000 0.000000 249.181701 -1166845.361978 30.164434 124.693370 -20.091028 1419.882117 -6.408 -6.408 0.000000 3.319771 0.000 0 0.000
41001.00 1343.79 100.138999 0.0000000000000000 0.000000 249.181701 -1167147.016299 30.166431 124.699828 -20.098211 1419.819854 -6.414 -6.414 0.000000 3.319551 0.000 0 0.000
40901.00 1343.59 100.138999 0.0000000000000000 0.000000 249.181701 -1167448.690604 30.168431 124.706287 -20.105399 1419.757785 -6.419 -6.419 0.000000 3.319331 0.000 0 0.000
40801.00 1343.39 100.138999 0.0000000000000000 0.000000 249.181701 -1167750.384920 30.170433 124.712746 -20.112594 1419.695910 -6.424 -6.424 0.000000 3.319110 0.000 0 0.000
40701.00 1343.19 100.138999 0.0000000000000000 0.000000 249.181701 -1168052.099274 30.172438 124.719207 -20.119796 1419.634231 -6.429 -6.429 0.000000 3.318890 0.000 0 0.000
40601.00 1342.99 100.138999 0.0000000000000000 0.000000 249.181701 -1168353.833693 30.174446 124.725668 -20.127004 1419.572750 -6.434 -6.434 0.000000 3.318669 0.000 0 0.000
40501.00 1342.79 100.138999 0.0000000000000000 0.000000 249.181701 -1168655.588204 30.176457 124.732131 -20.134218 1419.511469 -6.439 -6.439 0.000000 3.318448 0.000 0 0.000
40401.00 1342.59 100.138999 0.0000000000000000 0.000000 249.181701 -1168957.362835 30.178470 124.738594 -20.141439 1419.450390 -6.444 -6.444 0.000000 3.318227 0.000 0 0.000
40301.00 1342.39 100.138999 0.0000000000000000 0.000000 249.181701 -1169259.157615 30.180486 124.745059 -20.148666 1419.389516 -6.450 -6.450 0.000000 3.318005 0.000 0 0.000
40201.00 1342.19 100.138999 0.0000000000000000 0.000000 249.181701 -1169560.972570 30.182505 124.751525 -20.155901 1419.328847 -6.455 -6.455 0.000000 3.317783 0.000 0 0.000
40101.00 1341.99 100.138999 0.0000000000000000 0.000000 249.181701 -1169862.807729 30.184527 124.757992 -20.163142 1419.268386 -6.460 -6.460 0.000000 3.317561 0.000 0 0.000
40001.00 1341.79 100.138999 0.0000000000000000 0.000000 249.181701 -1170164.663121 30.186552 124.764460 -20.170389 1419.208136 -6.465 -6.465 0.000000 3.317338 0.000 0 0.000
39901.00 1341.59 100.138999 0.0000000000000000 0.000000 249.181701 -1170466.538774 30.188579 124.770930 -20.177644 1419.148098 -6.471 -6.471 0.000000 3.317115 0.000 0 0.000
39801.00 1341.38 100.138999 0.0000000000000000 0.000000 249.181701 -1170768.434718 30.190610 124.777400 -20.184906 1419.088274 -6.476 -6.476 0.000000 3.316892 0.000 0 0.000
39701.00 1341.18 100.138999 0.0000000000000000 0.000000 249.181701 -1171070.350982 30.192643 124.783872 -20.192174 1419.028666 -6.481 -6.481 0.000000 3.316669 0.000 0 0.000
39601.00 1340.98 100.138999 0.0000000000000000 0.000000 249.181701 -1171372.287595 30.194680 124.790345 -20.199450 1418.969278 -6.486 -6.486 0.000000 3.316445 0.000 0 0.000
39501.00 1340.78 100.138999 0.0000000000000000 0.000000 249.181701 -1171674.244586 30.196719 124.796820 -20.206733 1418.910110 -6.492 -6.492 0.000000 3.316221 0.000 0 0.000
39401.00 1340.58 100.138999 0.0000000000000000 0.000000 249.181701 -1171976.221986 30.198761 124.803296 -20.214023 1418.851165 -6.497 -6.497 0.000000 3.315997 0.000 0 0.000
39301.00 1340.38 100.138999 0.0000000000000000 0.000000 249.181701 -1172278.219825 30.200807 124.809773 -20.221321 1418.792446 -6.502 -6.502 0.000000 3.315772 0.000 0 0.000
39201.00 1340.18 100.138999 0.0000000000000000 0.000000 249.181701 -1172580.238133 30.202855 124.816252 -20.228626 1418.733955 -6.508 -6.508 0.000000 3.315547 0.000 0 0.000
39101.00 1339.98 100.138999 0.0000000000000000 0.000000 249.181701 -1172882.276941 30.204907 124.822733 -20.235938 1418.675694 -6.513 -6.513 0.000000 3.315322 0.000 0 0.000
39001.00 1339.77 100.138999 0.0000000000000000 0.000000 249.181701 -1173184.336281 30.206962 124.829215 -20.243258 1418.617666 -6.519 -6.519 0.000000 3.315097 0.000 0 0.000
38901.00 1339.57 100.138999 0.0000000000000000 0.000000 249.181701 -1173486.416182 30.209019 124.835698 -20.250586 1418.559873 -6.524 -6.524 0.000000 3.314871 0.000 0 0.000
38801.00 1339.37 100.138999 0.0000000000000000 0.000000 249.181701 -1173788.516677 30.211080 124.842184 -20.257922 1418.502317 -6.530 -6.530 0.000000 3.314645 0.000 0 0.000
38701.00 1339.17 100.138999 0.0000000000000000 0.000000 249.181701 -1174090.637798 30.213144 124.848671 -20.265265 1418.445002 -6.535 -6.535 0.000000 3.314418 0.000 0 0.000
38601.00 1338.97 100.138999 0.0000000000000000 0.000000 249.181701 -1174392.779576 30.215212 124.855159 -20.272616 1418.387929 -6.540 -6.540 0.000000 3.314192 0.000 0 0.000
38501.00 1338.77 100.138999 0.0000000000000000 0.000000 249.181701 -1174694.942044 30.217282 124.861650 -20.279975 1418.331101 -6.546 -6.546 0.000000 3.313964 0.000 0 0.000
38401.00 1338.56 100.138999 0.0000000000000000 0.000000 249.181701 -1174997.125235 30.219356 124.868142 -20.287342 1418.274522 -6.551 -6.551 0.000000 3.313737 0.000 0 0.000
38301.00 1338.36 100.138999 0.0000000000000000 0.000000 249.181701 -1175299.329181 30.221433 124.874636 -20.294717 1418.218193 -6.557 -6.557 0.000000 3.313509 0.000 0 0.000
38201.00 1338.16 100.138999 0.0000000000000000 0.000000 249.181701 -1175601.553916 30.223514 124.881132 -20.302101 1418.162118 -6.563 -6.563 0.000000 3.313281 0.000 0 0.000
38101.00 1337.96 100.138999 0.0000000000000000 0.000000 249.181701 -1175903.799473 30.225598 124.887630 -20.309493 1418.106299 -6.568 -6.568 0.000000 3.313053 0.000 0 0.000
38001.00 1337.76 100.138999 0.0000000000000000 0.000000 249.181701 -1176206.065886 30.227685 124.894130 -20.316893 1418.050739 -6.574 -6.574 0.000000 3.312824 0.000 0 0.000
37901.00 1337.55 100.138999 0.0000000000000000 0.000000 249.181701 -1176508.353189 30.229776 124.900632 -20.324302 1417.995441 -6.579 -6.579 0.000000 3.312595 0.000 0 0.000
37801.00 1337.35 100.138999 0.0000000000000000 0.000000 249.181701 -1176810.661418 30.231870 124.907136 -20.331720 1417.940408 -6.585 -6.585 0.000000 3.312365 0.000 0 0.000
37701.00 1337.15 100.138999 0.0000000000000000 0.000000 249.181701 -1177112.990605 30.233968 124.913642 -20.339146 1417.885643 -6.590 -6.590 0.000000 3.312136 0.000 0 0.000
37601.00 1336.95 100.138999 0.0000000000000000 0.000000 249.181701 -1177415.340788 30.236069 124.920151 -20.346581 1417.831149 -6.596 -6.596 0.000000 3.311905 0.000 0 0.000
37501.00 1336.74 100.138999 0.0000000000000000 0.000000 249.181701 -1177717.712000 30.238174 124.926661 -20.354025 1417.776929 -6.602 -6.602 0.000000 3.311675 0.000 0 0.000
37401.00 1336.54 100.138999 0.0000000000000000 0.000000 249.181701 -1178020.104279 30.240282 124.933174 -20.361478 1417.722986 -6.608 -6.608 0.000000 3.311444 0.000 0 0.000
37301.00 1336.34 100.138999 0.0000000000000000 0.000000 249.181701 -1178322.517659 30.242394 124.939690 -20.368940 1417.669323 -6.613 -6.613 0.000000 3.311213 0.000 0 0.000
37201.00 1336.14 100.138999 0.0000000000000000 0.000000 249.181701 -1178624.952178 30.244510 124.946207 -20.376411 1417.615944 -6.619 -6.619 0.000000 3.310981 0.000 0 0.000
37101.00 1335.93 100.138999 0.0000000000000000 0.000000 249.181701 -1178927.407873 30.246629 124.952728 -20.383891 1417.562853 -6.625 -6.625 0.000000 3.310749 0.000 0 0.000
37001.00 1335.73 100.138999 0.0000000000000000 0.000000 249.181701 -1179229.884781 30.248753 124.959250 -20.391381 1417.510051 -6.630 -6.630 0.000000 3.310517 0.000 0 0.000
36901.00 1335.53 100.138999 0.0000000000000000 0.000000 249.181701 -1179532.382939 30.250880 124.965776 -20.398881 1417.457544 -6.636 -6.636 0.000000 3.310284 0.000 0 0.000
36801.00 1335.33 100.138999 0.0000000000000000 0.000000 249.181701 -1179834.902385 30.253010 124.972304 -20.406390 1417.405334 -6.642 -6.642 0.000000 3.310051 0.000 0 0.000
36701.00 1335.12 100.138999 0.0000000000000000 0.000000 249.181701 -1180137.443158 30.255145 124.978834 -20.413909 1417.353424 -6.648 -6.648 0.000000 3.309817 0.000 0 0.000
36601.00 1334.92 100.138999 0.0000000000000000 0.000000 249.181701 -1180440.005297 30.257283 124.985368 -20.421438 1417.301819 -6.654 -6.654 0.000000 3.309583 0.000 0 0.000
36501.00 1334.72 100.138999 0.0000000000000000 0.000000 249.181701 -1180742.588840 30.259426 124.991904 -20.428977 1417.250523 -6.660 -6.660 0.000000 3.309349 0.000 0 0.000
36401.00 1334.51 100.138999 0.0000000000000000 0.000000 249.181701 -1181045.193828 30.261572 124.998443 -20.436526 1417.199538 -6.665 -6.665 0.000000 3.309114 0.000 0 0.000
36301.00 1334.31 100.138999 0.0000000000000000 0.000000 249.181701 -1181347.820300 30.263723 125.004985 -20.444085 1417.148870 -6.671 -6.671 0.000000 3.308879 0.000 0 0.000
36201.00 1334.11 100.138999 0.0000000000000000 0.000000 249.181701 -1181650.468297 30.265877 125.011530 -20.451654 1417.098521 -6.677 -6.677 0.000000 3.308644 0.000 0 0.000
36101.00 1333.90 100.138999 0.0000000000000000 0.000000 249.181701 -1181953.137859 30.268036 125.018079 -20.459234 1417.048495 -6.683 -6.683 0.000000 3.308408 0.000 0 0.000
36001.00 1333.70 100.138999 0.0000000000000000 0.000000 249.181701 -1182255.829028 30.270199 125.024630 -20.466825 1416.998798 -6.689 -6.689 0.000000 3.308171 0.000 0 0.000
35901.00 1333.50 100.138999 0.0000000000000000 0.000000 249.181701 -1182558.541846 30.272366 125.031185 -20.474426 1416.949432 -6.695 -6.695 0.000000 3.307934 0.000 0 0.000
35801.00 1333.29 100.138999 0.0000000000000000 0.000000 249.181701 -1182861.276355 30.274537 125.037743 -20.482039 1416.900402 -6.701 -6.701 0.000000 3.307697 0.000 0 0.000
35701.00 1333.09 100.138999 0.0000000000000000 0.000000 249.181701 -1183164.032597 30.276712 125.044304 -20.489662 1416.851713 -6.707 -6.707 0.000000 3.307459 0.000 0 0.000
35601.00 1332.88 100.138999 0.0000000000000000 0.000000 249.181701 -1183466.810616 30.278892 125.050869 -20.497296 1416.803369 -6.713 -6.713 0.000000 3.307221 0.000 0 0.000
35501.00 1332.68 100.138999 0.0000000000000000 0.000000 249.181701 -1183769.610455 30.281076 125.057437 -20.504942 1416.755373 -6.719 -6.719 0.000000 3.306983 0.000 0 0.000
35401.00 1332.48 100.138999 0.0000000000000000 0.000000 249.181701 -1184072.432158 30.283265 125.064009 -20.512599 1416.707732 -6.725 -6.725 0.000000 3.306744 0.000 0 0.000
35301.00 1332.27 100.138999 0.0000000000000000 0.000000 249.181701 -1184375.275771 30.285458 125.070585 -20.520268 1416.660449 -6.732 -6.732 0.000000 3.306504 0.000 0 0.000
35201.00 1332.07 100.138999 0.0000000000000000 0.000000 249.181701 -1184678.141337 30.287656 125.077164 -20.527948 1416.613529 -6.738 -6.738 0.000000 3.306264 0.000 0 0.000
35101.00 1331.86 100.138999 0.0000000000000000 0.000000 249.181701 -1184981.028903 30.289858 125.083747 -20.535640 1416.566977 -6.744 -6.744 0.000000 3.306024 0.000 0 0.000
35001.00 1331.66 100.138999 0.0000000000000000 0.000000 249.181701 -1185283.938515 30.292065 125.090335 -20.543345 1416.520797 -6.750 -6.750 0.000000 3.305783 0.000 0 0.000
34901.00 1331.46 100.138999 0.0000000000000000 0.000000 249.181701 -1185586.870219 30.294277 125.096926 -20.551061 1416.474996 -6.756 -6.756 0.000000 3.305542 0.000 0 0.000
34801.00 1331.25 100.138999 0.0000000000000000 0.000000 249.181701 -1185889.824064 30.296493 125.103521 -20.558790 1416.429577 -6.762 -6.762 0.000000 3.305300 0.000 0 0.000
34701.00 1331.05 100.138999 0.0000000000000000 0.000000 249.181701 -1186192.800095 30.298714 125.110121 -20.566531 1416.384547 -6.769 -6.769 0.000000 3.305058 0.000 0 0.000
34601.00 1330.84 100.138999 0.0000000000000000 0.000000 249.181701 -1186495.798363 30.300940 125.116725 -20.574285 1416.339910 -6.775 -6.775 0.000000 3.304815 0.000 0 0.000
34501.00 1330.64 100.138999 0.0000000000000000 0.000000 249.181701 -1186798.818916 30.303171 125.123333 -20.582052 1416.295672 -6.781 -6.781 0.000000 3.304572 0.000 0 0.000
34401.00 1330.43 100.138999 0.0000000000000000 0.000000 249.181701 -1187101.861803 30.305407 125.129946 -20.589831 1416.251839 -6.788 -6.788 0.000000 3.304328 0.000 0 0.000
34301.00 1330.23 100.138999 0.0000000000000000 0.000000 249.181701 -1187404.927075 30.307648 125.136563 -20.597624 1416.208415 -6.794 -6.794 0.000000 3.304083 0.000 0 0.000
34201.00 1330.02 100.138999 0.0000000000000000 0.000000 249.181701 -1187708.014782 30.309894 125.143185 -20.605430 1416.165407 -6.800 -6.800 0.000000 3.303839 0.000 0 0.000
34101.00 1329.81 100.138999 0.0000000000000000 0.000000 249.181701 -1188011.124977 30.312146 125.149812 -20.613250 1416.122821 -6.807 -6.807 0.000000 3.303593 0.000 0 0.000
34001.00 1329.61 100.138999 0.0000000000000000 0.000000 249.181701 -1188314.257710 30.314402 125.156444 -20.621084 1416.080663 -6.813 -6.813 0.000000 3.303347 0.000 0 0.000
33901.00 1329.40 100.138999 0.0000000000000000 0.000000 249.181701 -1188617.413035 30.316664 125.163081 -20.628931 1416.038938 -6.820 -6.820 0.000000 3.303101 0.000 0 0.000
33801.00 1329.20 100.138999 0.0000000000000000 0.000000 249.181701 -1188920.591005 30.318931 125.169723 -20.636792 1415.997654 -6.826 -6.826 0.000000 3.302854 0.000 0 0.000
33701.00 1328.99 100.138999 0.0000000000000000 0.000000 249.181701 -1189223.791674 30.321204 125.176370 -20.644668 1415.956816 -6.833 -6.833 0.000000 3.302606 0.000 0 0.000
33601.00 1328.79 100.138999 0.0000000000000000 0.000000 249.181701 -1189527.015097 30.323482 125.183022 -20.652558 1415.916431 -6.839 -6.839 0.000000 3.302358 0.000 0 0.000
33501.00 1328.58 100.138999 0.0000000000000000 0.000000 249.181701 -1189830.261330 30.325766 125.189680 -20.660463 1415.876506 -6.846 -6.846 0.000000 3.302110 0.000 0 0.000
33401.00 1328.37 100.138999 0.0000000000000000 0.000000 249.181701 -1190133.530428 30.328055 125.196344 -20.668383 1415.837048 -6.852 -6.852 0.000000 3.301860 0.000 0 0.000
33301.00 1328.17 100.138999 0.0000000000000000 0.000000 249.181701 -1190436.822449 30.330350 125.203013 -20.676317 1415.798062 -6.859 -6.859 0.000000 3.301610 0.000 0 0.000
33201.00 1327.96 100.138999 0.0000000000000000 0.000000 249.181701 -1190740.137450 30.332651 125.209688 -20.684267 1415.759558 -6.866 -6.866 0.000000 3.301360 0.000 0 0.000
33101.00 1327.75 100.138999 0.0000000000000000 0.000000 249.181701 -1191043.475490 30.334958 125.216369 -20.692233 1415.721541 -6.872 -6.872 0.000000 3.301109 0.000 0 0.000
33001.00 1327.55 100.138999 0.0000000000000000 0.000000 249.181701 -1191346.836629 30.337271 125.223057 -20.700214 1415.684020 -6.879 -6.879 0.000000 3.300857 0.000 0 0.000
32901.00 1327.34 100.138999 0.0000000000000000 0.000000 249.181701 -1191650.220925 30.339590 125.229750 -20.708212 1415.647001 -6.886 -6.886 0.000000 3.300605 0.000 0 0.000
32801.00 1327.13 100.138999 0.0000000000000000 0.000000 249.181701 -1191953.628442 30.341915 125.236450 -20.716225 1415.610493 -6.892 -6.892 0.000000 3.300352 0.000 0 0.000
32701.00 1326.93 100.138999 0.0000000000000000 0.000000 249.181701 -1192257.059239 30.344246 125.243156 -20.724255 1415.574504 -6.899 -6.899 0.000000 3.300098 0.000 0 0.000
32601.00 1326.72 100.138999 0.0000000000000000 0.000000 249.181701 -1192560.513380 30.346583 125.249869 -20.732302 1415.539041 -6.906 -6.906 0.000000 3.299844 0.000 0 0.000
32501.00 1326.51 100.138999 0.0000000000000000 0.000000 249.181701 -1192863.990928 30.348927 125.256589 -20.740365 1415.504113 -6.913 -6.913 0.000000 3.299589 0.000 0 0.000
32401.00 1326.30 100.138999 0.0000000000000000 0.000000 249.181701 -1193167.491948 30.351278 125.263316 -20.748446 1415.469729 -6.920 -6.920 0.000000 3.299334 0.000 0 0.000
32301.00 1326.10 100.138999 0.0000000000000000 0.000000 249.181701 -1193471.016505 30.353635 125.270050 -20.756544 1415.435897 -6.927 -6.927 0.000000 3.299078 0.000 0 0.000
32201.00 1325.89 100.138999 0.0000000000000000 0.000000 249.181701 -1193774.564666 30.355998 125.276791 -20.764660 1415.402626 -6.933 -6.933 0.000000 3.298821 0.000 0 0.000
32101.00 1325.68 100.138999 0.0000000000000000 0.000000 249.181701 -1194078.136497 30.358369 125.283540 -20.772794 1415.369925 -6.940 -6.940 0.000000 3.298563 0.000 0 0.000
32001.00 1325.47 100.138999 0.0000000000000000 0.000000 249.181701 -1194381.732067 30.360746 125.290296 -20.780946 1415.337803 -6.947 -6.947 0.000000 3.298305 0.000 0 0.000
31901.00 1325.26 100.138999 0.0000000000000000 0.000000 249.181701 -1194685.351446 30.363131 125.297060 -20.789117 1415.306270 -6.954 -6.954 0.000000 3.298046 0.000 0 0.000
31801.00 1325.05 100.138999 0.0000000000000000 0.000000 249.181701 -1194988.994704 30.365522 125.303832 -20.797306 1415.275335 -6.962 -6.962 0.000000 3.297786 0.000 0 0.000
31701.00 1324.85 100.138999 0.0000000000000000 0.000000 249.181701 -1195292.661911 30.367921 125.310612 -20.805515 1415.245009 -6.969 -6.969 0.000000 3.297526 0.000 0 0.000
31601.00 1324.64 100.138999 0.0000000000000000 0.000000 249.181701 -1195596.353142 30.370327 125.317400 -20.813743 1415.215302 -6.976 -6.976 0.000000 3.297264 0.000 0 0.000
31501.00 1324.43 100.138999 0.0000000000000000 0.000000 249.181701 -1195900.068468 30.372740 125.324197 -20.821991 1415.186224 -6.983 -6.983 0.000000 3.297002 0.000 0 0.000
31401.00 1324.22 100.138999 0.0000000000000000 0.000000 249.181701 -1196203.807965 30.375161 125.331003 -20.830258 1415.157785 -6.990 -6.990 0.000000 3.296740 0.000 0 0.000
31301.00 1324.01 100.138999 0.0000000000000000 0.000000 249.181701 -1196507.571709 30.377589 125.337818 -20.838546 1415.129997 -6.997 -6.997 0.000000 3.296476 0.000 0 0.000
31201.00 1323.80 100.138999 0.0000000000000000 0.000000 249.181701 -1196811.359777 30.380026 125.344641 -20.846855 1415.102871 -7.005 -7.005 0.000000 3.296212 0.000 0 0.000
31101.00 1323.59 100.138999 0.0000000000000000 0.000000 249.181701 -1197115.172247 30.382470 125.351474 -20.855185 1415.076418 -7.012 -7.012 0.000000 3.295947 0.000 0 0.000
31001.00 1323.38 100.138999 0.0000000000000000 0.000000 249.181701 -1197419.009198 30.384922 125.358316 -20.863536 1415.050650 -7.019 -7.019 0.000000 3.295681 0.000 0 0.000
30901.00 1323.17 100.138999 0.0000000000000000 0.000000 249.181701 -1197722.870712 30.387382 125.365169 -20.871909 1415.025579 -7.027 -7.027 0.000000 3.295414 0.000 0 0.000
30801.00 1322.96 100.138999 0.0000000000000000 0.000000 249.181701 -1198026.756870 30.389851 125.372031 -20.880304 1415.001218 -7.034 -7.034 0.000000 3.295146 0.000 0 0.000
30701.00 1322.75 100.138999 0.0000000000000000 0.000000 249.181701 -1198330.667756 30.392328 125.378903 -20.888721 1414.977578 -7.041 -7.041 0.000000 3.294878 0.000 0 0.000
30601.00 1322.54 100.138999 0.0000000000000000 0.000000 249.181701 -1198634.603455 30.394813 125.385786 -20.897161 1414.954673 -7.049 -7.049 0.000000 3.294608 0.000 0 0.000
30501.00 1322.33 100.138999 0.0000000000000000 0.000000 249.181701 -1198938.564053 30.397308 125.392679 -20.905624 1414.932516 -7.056 -7.056 0.000000 3.294338 0.000 0 0.000
30401.00 1322.12 100.138999 0.0000000000000000 0.000000 249.181701 -1199242.549637 30.399811 125.399583 -20.914111 1414.911120 -7.064 -7.064 0.000000 3.294067 0.000 0 0.000
30301.00 1321.90 100.138999 0.0000000000000000 0.000000 249.181701 -1199546.560297 30.402323 125.406499 -20.922622 1414.890500 -7.071 -7.071 0.000000 3.293794 0.000 0 0.000
30201.00 1321.69 100.138999 0.0000000000000000 0.000000 249.181701 -1199850.596123 30.404844 125.413426 -20.931157 1414.870669 -7.079 -7.079 0.000000 3.293521 0.000 0 0.000
30101.00 1321.48 100.138999 0.0000000000000000 0.000000 249.181701 -1200154.657207 30.407374 125.420364 -20.939717 1414.851642 -7.087 -7.087 0.000000 3.293247 0.000 0 0.000
30001.00 1321.27 100.138999 0.0000000000000000 0.000000 249.181701 -1200458.743644 30.409914 125.427315 -20.948302 1414.833435 -7.094 -7.094 0.000000 3.292972 0.000 0 0.000
29901.00 1321.06 100.138999 0.0000000000000000 0.000000 249.181701 -1200762.855527 30.412464 125.434277 -20.956913 1414.816062 -7.102 -7.102 0.000000 3.292696 0.000 0 0.000
29801.00 1320.84 100.138999 0.0000000000000000 0.000000 249.181701 -1201066.992956 30.415023 125.441252 -20.965550 1414.799539 -7.110 -7.110 0.000000 3.292419 0.000 0 0.000
29701.00 1320.63 100.138999 0.0000000000000000 0.000000 249.181701 -1201371.156027 30.417593 125.448241 -20.974213 1414.783882 -7.118 -7.118 0.000000 3.292141 0.000 0 0.000
29601.00 1320.42 100.138999 0.0000000000000000 0.000000 249.181701 -1201675.344841 30.420172 125.455242 -20.982904 1414.769108 -7.126 -7.126 0.000000 3.291862 0.000 0 0.000
29501.00 1320.20 100.138999 0.0000000000000000 0.000000 249.181701 -1201979.559502 30.422762 125.462256 -20.991622 1414.755233 -7.134 -7.134 0.000000 3.291581 0.000 0 0.000
29401.00 1319.99 100.138999 0.0000000000000000 0.000000 249.181701 -1202283.800112 30.425362 125.469285 -21.000368 1414.742275 -7.142 -7.142 0.000000 3.291300 0.000 0 0.000
29301.00 1319.78 100.138999 0.0000000000000000 0.000000 249.181701 -1202588.066777 30.427973 125.476327 -21.009143 1414.730252 -7.150 -7.150 0.000000 3.291018 0.000 0 0.000
29201.00 1319.56 100.138999 0.0000000000000000 0.000000 249.181701 -1202892.359606 30.430595 125.483384 -21.017946 1414.719182 -7.158 -7.158 0.000000 3.290734 0.000 0 0.000
29101.00 1319.35 100.138999 0.0000000000000000 0.000000 249.181701 -1203196.678708 30.433228 125.490455 -21.026780 1414.709084 -7.166 -7.166 0.000000 3.290450 0.000 0 0.000
29001.00 1319.13 100.138999 0.0000000000000000 0.000000 249.181701 -1203501.024196 30.435872 125.497542 -21.035643 1414.699977 -7.174 -7.174 0.000000 3.290164 0.000 0 0.000
28901.00 1318.92 100.138999 0.0000000000000000 0.000000 249.181701 -1203805.396182 30.438527 125.504644 -21.044537 1414.691880 -7.182 -7.182 0.000000 3.289877 0.000 0 0.000
28801.00 1318.71 100.138999 0.0000000000000000 0.000000 249.181701 -1204109.794783 30.441195 125.511762 -21.053463 1414.684815 -7.190 -7.190 0.000000 3.289588 0.000 0 0.000
28701.00 1318.49 100.138999 0.0000000000000000 0.000000 249.181701 -1204414.220117 30.443874 125.518896 -21.062420 1414.678801 -7.199 -7.199 0.000000 3.289299 0.000 0 0.000
28601.00 1318.27 100.138999 0.0000000000000000 0.000000 249.181701 -1204718.672305 30.446566 125.526046 -21.071410 1414.673860 -7.207 -7.207 0.000000 3.289008 0.000 0 0.000
28501.00 1318.06 100.138999 0.0000000000000000 0.000000 249.181701 -1205023.151469 30.449269 125.533214 -21.080432 1414.670014 -7.216 -7.216 0.000000 3.288716 0.000 0 0.000
28401.00 1317.84 100.138999 0.0000000000000000 0.000000 249.181701 -1205327.657734 30.451986 125.540399 -21.089489 1414.667285 -7.224 -7.224 0.000000 3.288423 0.000 0 0.000
28301.00 1317.63 100.138999 0.0000000000000000 0.000000 249.181701 -1205632.191229 30.454715 125.547602 -21.098580 1414.665696 -7.232 -7.232 0.000000 3.288128 0.000 0 0.000
28201.00 1317.41 100.138999 0.0000000000000000 0.000000 249.181701 -1205936.752082 30.457458 125.554823 -21.107706 1414.665272 -7.241 -7.241 0.000000 3.287832 0.000 0 0.000
28101.00 1317.19 100.138999 0.0000000000000000 0.000000 249.181701 -1206241.340426 30.460213 125.562063 -21.116867 1414.666036 -7.250 -7.250 0.000000 3.287534 0.000 0 0.000
28001.00 1316.97 100.138999 0.0000000000000000 0.000000 249.181701 -1206545.956397 30.462983 125.569322 -21.126065 1414.668014 -7.258 -7.258 0.000000 3.287236 0.000 0 0.000
27901.00 1316.76 100.138999 0.0000000000000000 0.000000 249.181701 -1206850.600132 30.465766 125.576601 -21.135300 1414.671230 -7.267 -7.267 0.000000 3.286935 0.000 0 0.000
27801.00 1316.54 100.138999 0.0000000000000000 0.000000 249.181701 -1207155.271771 30.468564 125.583900 -21.144573 1414.675712 -7.276 -7.276 0.000000 3.286633 0.000 0 0.000
27701.00 1316.32 100.138999 0.0000000000000000 0.000000 249.181701 -1207459.971459 30.471376 125.591219 -21.153885 1414.681487 -7.285 -7.285 0.000000 3.286330 0.000 0 0.000
27601.00 1316.10 100.138999 0.0000000000000000 0.000000 249.181701 -1207764.699342 30.474203 125.598560 -21.163235 1414.688582 -7.294 -7.294 0.000000 3.286025 0.000 0 0.000
27501.00 1315.88 100.138999 0.0000000000000000 0.000000 249.181701 -1208069.455568 30.477045 125.605922 -21.172627 1414.697025 -7.303 -7.303 0.000000 3.285719 0.000 0 0.000
27401.00 1315.66 100.138999 0.0000000000000000 0.000000 249.181701 -1208374.240290 30.479902 125.613307 -21.182059 1414.706847 -7.312 -7.312 0.000000 3.285411 0.000 0 0.000
27301.00 1315.44 100.138999 0.0000000000000000 0.000000 249.181701 -1208679.053663 30.482775 125.620714 -21.191533 1414.718078 -7.321 -7.321 0.000000 3.285101 0.000 0 0.000
27201.00 1315.22 100.138999 0.0000000000000000 0.000000 249.181701 -1208983.895847 30.485664 125.628145 -21.201049 1414.730748 -7.330 -7.330 0.000000 3.284790 0.000 0 0.000
27101.00 1315.00 100.138999 0.0000000000000000 0.000000 249.181701 -1209288.767003 30.488570 125.635599 -21.210610 1414.744889 -7.339 -7.339 0.000000 3.284477 0.000 0 0.000
27001.00 1314.78 100.138999 0.0000000000000000 0.000000 249.181701 -1209593.667297 30.491492 125.643079 -21.220214 1414.760535 -7.348 -7.348 0.000000 3.284162 0.000 0 0.000
26901.00 1314.56 100.138999 0.0000000000000000 0.000000 249.181701 -1209898.596898 30.494431 125.650583 -21.229865 1414.777719 -7.358 -7.358 0.000000 3.283845 0.000 0 0.000
26801.00 1314.34 100.138999 0.0000000000000000 0.000000 249.181701 -1210203.555977 30.497388 125.658113 -21.239561 1414.796475 -7.367 -7.367 0.000000 3.283527 0.000 0 0.000
26701.00 1314.12 100.138999 0.0000000000000000 0.000000 249.181701 -1210508.544713 30.500362 125.665669 -21.249305 1414.816841 -7.377 -7.377 0.000000 3.283207 0.000 0 0.000
26601.00 1313.89 100.138999 0.0000000000000000 0.000000 249.181701 -1210813.563284 30.503355 125.673253 -21.259098 1414.838851 -7.386 -7.386 0.000000 3.282885 0.000 0 0.000
26501.00 1313.67 100.138999 0.0000000000000000 0.000000 249.181701 -1211118.611874 30.506366 125.680865 -21.268940 1414.862545 -7.396 -7.396 0.000000 3.282561 0.000 0 0.000
26401.00 1313.45 100.138999 0.0000000000000000 0.000000 249.181701 -1211423.690672 30.509397 125.688505 -21.278832 1414.887961 -7.406 -7.406 0.000000 3.282235 0.000 0 0.000
26301.00 1313.22 100.138999 0.0000000000000000 0.000000 249.181701 -1211728.799870 30.512446 125.696174 -21.288776 1414.915139 -7.415 -7.415 0.000000 3.281907 0.000 0 0.000
26201.00 1313.00 100.138999 0.0000000000000000 0.000000 249.181701 -1212033.939665 30.515516 125.703874 -21.298773 1414.944121 -7.425 -7.425 0.000000 3.281576 0.000 0 0.000
26101.00 1312.77 100.138999 0.0000000000000000 0.000000 249.181701 -1212339.110256 30.518606 125.711604 -21.308824 1414.974950 -7.435 -7.435 0.000000 3.281244 0.000 0 0.000
26001.00 1312.55 100.138999 0.0000000000000000 0.000000 249.181701 -1212644.311851 30.521717 125.719366 -21.318930 1415.007668 -7.445 -7.445 0.000000 3.280910 0.000 0 0.000
25901.00 1312.32 100.138999 0.0000000000000000 0.000000 249.181701 -1212949.544659 30.524849 125.727160 -21.329092 1415.042321 -7.455 -7.455 0.000000 3.280573 0.000 0 0.000
25801.00 1312.10 100.138999 0.0000000000000000 0.000000 249.181701 -1213254.808894 30.528002 125.734988 -21.339312 1415.078957 -7.466 -7.466 0.000000 3.280234 0.000 0 0.000
25701.00 1311.87 100.138999 0.0000000000000000 0.000000 249.181701 -1213560.104777 30.531178 125.742850 -21.349592 1415.117622 -7.476 -7.476 0.000000 3.279893 0.000 0 0.000
25601.00 1311.64 100.138999 0.0000000000000000 0.000000 249.181701 -1213865.432533 30.534377 125.750748 -21.359931 1415.158366 -7.486 -7.486 0.000000 3.279549 0.000 0 0.000
25501.00 1311.41 100.138999 0.0000000000000000 0.000000 249.181701 -1214170.792391 30.537599 125.758681 -21.370332 1415.201240 -7.497 -7.497 0.000000 3.279203 0.000 0 0.000
25401.00 1311.19 100.138999 0.0000000000000000 0.000000 249.181701 -1214476.184589 30.540845 125.766652 -21.380797 1415.246298 -7.507 -7.507 0.000000 3.278855 0.000 0 0.000
25301.00 1310.96 100.138999 0.0000000000000000 0.000000 249.181701 -1214781.609366 30.544115 125.774660 -21.391326 1415.293593 -7.518 -7.518 0.000000 3.278504 0.000 0 0.000
25201.00 1310.73 100.138999 0.0000000000000000 0.000000 249.181701 -1215087.066970 30.547410 125.782708 -21.401921 1415.343181 -7.529 -7.529 0.000000 3.278150 0.000 0 0.000
25101.00 1310.50 100.138999 0.0000000000000000 0.000000 249.181701 -1215392.557655 30.550731 125.790796 -21.412585 1415.395120 -7.539 -7.539 0.000000 3.277794 0.000 0 0.000
25001.00 1310.27 100.138999 0.0000000000000000 0.000000 249.181701 -1215698.081679 30.554078 125.798926 -21.423317 1415.449470 -7.550 -7.550 0.000000 3.277435 0.000 0 0.000
24901.00 1310.04 100.138999 0.0000000000000000 0.000000 249.181701 -1216003.639308 30.557452 125.807098 -21.434121 1415.506294 -7.561 -7.561 0.000000 3.277073 0.000 0 0.000
24801.00 1309.81 100.138999 0.0000000000000000 0.000000 249.181701 -1216309.230814 30.560854 125.815313 -21.444998 1415.565653 -7.572 -7.572 0.000000 3.276708 0.000 0 0.000
24701.00 1309.57 100.138999 0.0000000000000000 0.000000 249.181701 -1216614.856476 30.564283 125.823574 -21.455949 1415.627616 -7.584 -7.584 0.000000 3.276340 0.000 0 0.000
24601.00 1309.34 100.138999 0.0000000000000000 0.000000 249.181701 -1216920.516579 30.567742 125.831880 -21.466978 1415.692249 -7.595 -7.595 0.000000 3.275970 0.000 0 0.000
24501.00 1309.11 100.138999 0.0000000000000000 0.000000 249.181701 -1217226.211418 30.571231 125.840235 -21.478084 1415.759623 -7.607 -7.607 0.000000 3.275596 0.000 0 0.000
24401.00 1308.87 100.138999 0.0000000000000000 0.000000 249.181701 -1217531.941293 30.574749 125.848638 -21.489271 1415.829812 -7.618 -7.618 0.000000 3.275219 0.000 0 0.000
24301.00 1308.64 100.138999 0.0000000000000000 0.000000 249.181701 -1217837.706512 30.578300 125.857091 -21.500541 1415.902890 -7.630 -7.630 0.000000 3.274839 0.000 0 0.000
24201.00 1308.40 100.138999 0.0000000000000000 0.000000 249.181701 -1218143.507392 30.581882 125.865596 -21.511895 1415.978937 -7.642 -7.642 0.000000 3.274455 0.000 0 0.000
24101.00 1308.17 100.138999 0.0000000000000000 0.000000 249.181701 -1218449.344258 30.585497 125.874154 -21.523336 1416.058032 -7.653 -7.653 0.000000 3.274068 0.000 0 0.000
24001.00 1307.93 100.138999 0.0000000000000000 0.000000 249.181701 -1218755.217442 30.589146 125.882768 -21.534866 1416.140260 -7.665 -7.665 0.000000 3.273678 0.000 0 0.000
23901.00 1307.69 100.138999 0.0000000000000000 0.000000 249.181701 -1219061.127288 30.592829 125.891437 -21.546488 1416.225708 -7.678 -7.678 0.000000 3.273283 0.000 0 0.000
23801.00 1307.45 100.138999 0.0000000000000000 0.000000 249.181701 -1219367.074147 30.596548 125.900165 -21.558204 1416.314466 -7.690 -7.690 0.000000 3.272885 0.000 0 0.000
23701.00 1307.21 100.138999 0.0000000000000000 0.000000 249.181701 -1219673.058380 30.600304 125.908953 -21.570016 1416.406627 -7.702 -7.702 0.000000 3.272484 0.000 0 0.000
23601.00 1306.97 100.138999 0.0000000000000000 0.000000 249.181701 -1219979.080359 30.604098 125.917802 -21.581927 1416.502289 -7.715 -7.715 0.000000 3.272078 0.000 0 0.000
23501.00 1306.73 100.138999 0.0000000000000000 0.000000 249.181701 -1220285.140464 30.607930 125.926715 -21.593941 1416.601551 -7.728 -7.728 0.000000 3.271668 0.000 0 0.000
23401.00 1306.49 100.138999 0.0000000000000000 0.000000 249.181701 -1220591.239087 30.611802 125.935693 -21.606059 1416.704519 -7.740 -7.740 0.000000 3.271255 0.000 0 0.000
23301.00 1306.25 100.138999 0.0000000000000000 0.000000 249.181701 -1220897.376633 30.615714 125.944740 -21.618285 1416.811300 -7.753 -7.753 0.000000 3.270837 0.000 0 0.000
23201.00 1306.00 100.138999 0.0000000000000000 0.000000 249.181701 -1221203.553516 30.619669 125.953856 -21.630621 1416.922009 -7.766 -7.766 0.000000 3.270414 0.000 0 0.000
23101.00 1305.76 100.138999 0.0000000000000000 0.000000 249.181701 -1221509.770163 30.623667 125.963043 -21.643072 1417.036760 -7.780 -7.780 0.000000 3.269987 0.000 0 0.000
23001.00 1305.51 100.138999 0.0000000000000000 0.000000 249.181701 -1221816.027013 30.627710 125.972305 -21.655640 1417.155678 -7.793 -7.793 0.000000 3.269556 0.000 0 0.000
22901.00 1305.27 100.138999 0.0000000000000000 0.000000 249.181701 -1222122.324518 30.631799 125.981644 -21.668328 1417.278888 -7.807 -7.807 0.000000 3.269119 0.000 0 0.000
22801.00 1305.02 100.138999 0.0000000000000000 0.000000 249.181701 -1222428.663144 30.635935 125.991062 -21.681141 1417.406522 -7.820 -7.820 0.000000 3.268678 0.000 0 0.000
22701.00 1304.77 100.138999 0.0000000000000000 0.000000 249.181701 -1222735.043372 30.640119 126.000561 -21.694082 1417.538718 -7.834 -7.834 0.000000 3.268231 0.000 0 0.000
22601.00 1304.52 100.138999 0.0000000000000000 0.000000 249.181701 -1223041.465695 30.644354 126.010145 -21.707155 1417.675618 -7.848 -7.848 0.000000 3.267780 0.000 0 0.000
22501.00 1304.27 100.138999 0.0000000000000000 0.000000 249.181701 -1223347.930624 30.648641 126.019817 -21.720364 1417.817373 -7.863 -7.863 0.000000 3.267323 0.000 0 0.000
22401.00 1304.02 100.138999 0.0000000000000000 0.000000 249.181701 -1223654.438684 30.652980 126.029578 -21.733713 1417.964135 -7.877 -7.877 0.000000 3.266860 0.000 0 0.000
22301.00 1303.76 100.138999 0.0000000000000000 0.000000 249.181701 -1223960.990417 30.657376 126.039433 -21.747207 1418.116069 -7.892 -7.892 0.000000 3.266392 0.000 0 0.000
22201.00 1303.51 100.138999 0.0000000000000000 0.000000 249.181701 -1224267.586383 30.661827 126.049384 -21.760850 1418.273343 -7.906 -7.906 0.000000 3.265918 0.000 0 0.000
22101.00 1303.26 100.138999 0.0000000000000000 0.000000 249.181701 -1224574.227160 30.666338 126.059435 -21.774647 1418.436133 -7.921 -7.921 0.000000 3.265437 0.000 0 0.000
22001.00 1303.00 100.138999 0.0000000000000000 0.000000 249.181701 -1224880.913345 30.670909 126.069589 -21.788602 1418.604623 -7.937 -7.937 0.000000 3.264950 0.000 0 0.000
21901.00 1302.74 100.138999 0.0000000000000000 0.000000 249.181701 -1225187.645552 30.675543 126.079850 -21.802723 1418.779005 -7.952 -7.952 0.000000 3.264457 0.000 0 0.000
21801.00 1302.48 100.138999 0.0000000000000000 0.000000 249.181701 -1225494.424420 30.680242 126.090222 -21.817013 1418.959481 -7.967 -7.967 0.000000 3.263957 0.000 0 0.000
21701.00 1302.22 100.138999 0.0000000000000000 0.000000 249.181701 -1225801.250607 30.685007 126.100709 -21.831478 1419.146260 -7.983 -7.983 0.000000 3.263450 0.000 0 0.000
21601.00 1301.96 100.138999 0.0000000000000000 0.000000 249.181701 -1226108.124792 30.689842 126.111315 -21.846125 1419.339562 -7.999 -7.999 0.000000 3.262936 0.000 0 0.000
21501.00 1301.70 100.138999 0.0000000000000000 0.000000 249.181701 -1226415.047682 30.694748 126.122044 -21.860959 1419.539616 -8.015 -8.015 0.000000 3.262415 0.000 0 0.000
21401.00 1301.43 100.138999 0.0000000000000000 0.000000 249.181701 -1226722.020004 30.699729 126.132901 -21.875988 1419.746663 -8.032 -8.032 0.000000 3.261885 0.000 0 0.000
21301.00 1301.16 100.138999 0.0000000000000000 0.000000 249.181701 -1227029.042513 30.704786 126.143891 -21.891217 1419.960955 -8.049 -8.049 0.000000 3.261348 0.000 0 0.000
21201.00 1300.90 100.138999 0.0000000000000000 0.000000 249.181701 -1227336.115992 30.709923 126.155019 -21.906655 1420.182755 -8.066 -8.066 0.000000 3.260803 0.000 0 0.000
21101.00 1300.63 100.138999 0.0000000000000000 0.000000 249.181701 -1227643.241250 30.715142 126.166290 -21.922309 1420.412340 -8.083 -8.083 0.000000 3.260249 0.000 0 0.000
21001.00 1300.35 100.138999 0.0000000000000000 0.000000 249.181701 -1227950.419127 30.720447 126.177709 -21.938186 1420.649998 -8.100 -8.100 0.000000 3.259686 0.000 0 0.000
20901.00 1300.08 100.138999 0.0000000000000000 0.000000 249.181701 -1228257.650494 30.725841 126.189283 -21.954296 1420.896035 -8.118 -8.118 0.000000 3.259113 0.000 0 0.000
20801.00 1299.80 100.138999 0.0000000000000000 0.000000 249.181701 -1228564.936255 30.731327 126.201018 -21.970646 1421.150767 -8.136 -8.136 0.000000 3.258532 0.000 0 0.000
20701.00 1299.53 100.138999 0.0000000000000000 0.000000 249.181701 -1228872.277348 30.736908 126.212919 -21.987245 1421.414530 -8.154 -8.154 0.000000 3.257940 0.000 0 0.000
20601.00 1299.25 100.138999 0.0000000000000000 0.000000 249.181701 -1229179.674747 30.742589 126.224995 -22.004104 1421.687674 -8.173 -8.173 0.000000 3.257338 0.000 0 0.000
20501.00 1298.97 100.138999 0.0000000000000000 0.000000 249.181701 -1229487.129464 30.748372 126.237251 -22.021233 1421.970568 -8.192 -8.192 0.000000 3.256725 0.000 0 0.000
20401.00 1298.68 100.138999 0.0000000000000000 0.000000 249.181701 -1229794.642550 30.754263 126.249696 -22.038642 1422.263599 -8.211 -8.211 0.000000 3.256101 0.000 0 0.000
20301.00 1298.40 100.138999 0.0000000000000000 0.000000 249.181701 -1230102.215099 30.760266 126.262337 -22.056342 1422.567175 -8.230 -8.230 0.000000 3.255466 0.000 0 0.000
20201.00 1298.11 100.138999 0.0000000000000000 0.000000 249.181701 -1230409.848249 30.766384 126.275182 -22.074344 1422.881722 -8.250 -8.250 0.000000 3.254819 0.000 0 0.000
20101.00 1297.82 100.138999 0.0000000000000000 0.000000 249.181701 -1230717.543184 30.772623 126.288240 -22.092662 1423.207690 -8.270 -8.270 0.000000 3.254159 0.000 0 0.000
20001.00 1297.53 100.138999 0.0000000000000000 0.000000 249.181701 -1231025.301136 30.778988 126.301521 -22.111309 1423.545554 -8.291 -8.291 0.000000 3.253486 0.000 0 0.000
19901.00 1297.23 100.138999 0.0000000000000000 0.000000 249.181701 -1231333.123389 30.785484 126.315034 -22.130297 1423.895811 -8.311 -8.311 0.000000 3.252799 0.000 0 0.000
19801.00 1296.93 100.138999 0.0000000000000000 0.000000 249.181701 -1231641.011281 30.792117 126.328789 -22.149641 1424.258985 -8.333 -8.333 0.000000 3.252099 0.000 0 0.000
19701.00 1296.63 100.138999 0.0000000000000000 0.000000 249.181701 -1231948.966207 30.798892 126.342797 -22.169357 1424.635628 -8.354 -8.354 0.000000 3.251383 0.000 0 0.000
19601.00 1296.32 100.138999 0.0000000000000000 0.000000 249.181701 -1232256.989622 30.805816 126.357068 -22.189461 1425.026322 -8.376 -8.376 0.000000 3.250652 0.000 0 0.000
19501.00 1296.02 100.138999 0.0000000000000000 0.000000 249.181701 -1232565.083044 30.812895 126.371616 -22.209969 1425.431680 -8.399 -8.399 0.000000 3.249906 0.000 0 0.000
19401.00 1295.71 100.138999 0.0000000000000000 0.000000 249.181701 -1232873.248059 30.820136 126.386453 -22.230899 1425.852346 -8.422 -8.422 0.000000 3.249142 0.000 0 0.000
19301.00 1295.39 100.138999 0.0000000000000000 0.000000 249.181701 -1233181.486321 30.827546 126.401591 -22.252270 1426.289001 -8.445 -8.445 0.000000 3.248361 0.000 0 0.000
19201.00 1295.08 100.138999 0.0000000000000000 0.000000 249.181701 -1233489.799555 30.835057 126.416914 -22.273896 1426.735118 -8.468 -8.468 0.000000 3.247570 0.000 0 0.000
19101.00 1294.89 100.138999 0.0000000000000000 0.000000 249.181701 -1233798.160402 30.837112 126.422655 -22.280449 1426.653375 -8.474 -8.474 0.000000 3.247353 0.000 0 0.000
19001.00 1294.71 100.138999 0.0000000000000000 0.000000 249.181701 -1234106.541801 30.839168 126.428395 -22.287002 1426.571628 -8.479 -8.479 0.000000 3.247137 0.000 0 0.000
18901.00 1294.52 100.138999 0.0000000000000000 0.000000 249.181701 -1234414.943764 30.841225 126.434132 -22.293556 1426.489878 -8.484 -8.484 0.000000 3.246920 0.000 0 0.000
18801.00 1294.33 100.138999 0.0000000000000000 0.000000 249.181701 -1234723.366302 30.843283 126.439867 -22.300110 1426.408123 -8.489 -8.489 0.000000 3.246704 0.000 0 0.000
18701.00 1294.15 100.138999 0.0000000000000000 0.000000 249.181701 -1235031.809424 30.845342 126.445601 -22.306665 1426.326365 -8.495 -8.495 0.000000 3.246487 0.000 0 0.000
18601.00 1293.96 100.138999 0.0000000000000000 0.000000 249.181701 -1235340.273143 30.847402 126.451332 -22.313220 1426.244602 -8.500 -8.500 0.000000 3.246270 0.000 0 0.000
18501.00 1293.78 100.138999 0.0000000000000000 0.000000 249.181701 -1235648.757469 30.849463 126.457062 -22.319776 1426.162834 -8.505 -8.505 0.000000 3.246053 0.000 0 0.000
18401.00 1293.59 100.138999 0.0000000000000000 0.000000 249.181701 -1235957.262413 30.851526 126.462790 -22.326333 1426.081062 -8.511 -8.511 0.000000 3.245836 0.000 0 0.000
18301.00 1293.40 100.138999 0.0000000000000000 0.000000 249.181701 -1236265.787986 30.853589 126.468515 -22.332890 1425.999284 -8.516 -8.516 0.000000 3.245619 0.000 0 0.000
18201.00 1293.22 100.138999 0.0000000000000000 0.000000 249.181701 -1236574.334199 30.855654 126.474239 -22.339447 1425.917501 -8.521 -8.521 0.000000 3.245402 0.000 0 0.000
18101.00 1293.03 100.138999 0.0000000000000000 0.000000 249.181701 -1236882.901064 30.857719 126.479961 -22.346006 1425.835713 -8.526 -8.526 0.000000 3.245185 0.000 0 0.000
18001.00 1292.85 100.138999 0.0000000000000000 0.000000 249.181701 -1237191.488590 30.859786 126.485681 -22.352564 1425.753919 -8.532 -8.532 0.000000 3.244967 0.000 0 0.000
17901.00 1292.66 100.138999 0.0000000000000000 0.000000 249.181701 -1237500.096790 30.861854 126.491399 -22.359124 1425.672118 -8.537 -8.537 0.000000 3.244750 0.000 0 0.000
17801.00 1292.47 100.138999 0.0000000000000000 0.000000 249.181701 -1237808.725674 30.863923 126.497116 -22.365684 1425.590312 -8.542 -8.542 0.000000 3.244532 0.000 0 0.000
17701.00 1292.29 100.138999 0.0000000000000000 0.000000 249.181701 -1238117.375254 30.865993 126.502830 -22.372244 1425.508498 -8.548 -8.548 0.000000 3.244315 0.000 0 0.000
17601.00 1292.10 100.138999 0.0000000000000000 0.000000 249.181701 -1238426.045540 30.868064 126.508542 -22.378806 1425.426678 -8.553 -8.553 0.000000 3.244097 0.000 0 0.000
17501.00 1291.92 100.138999 0.0000000000000000 0.000000 249.181701 -1238734.736544 30.870137 126.514253 -22.385367 1425.344851 -8.558 -8.558 0.000000 3.243879 0.000 0 0.000
17401.00 1291.73 100.138999 0.0000000000000000 0.000000 249.181701 -1239043.448277 30.872210 126.519961 -22.391930 1425.263016 -8.563 -8.563 0.000000 3.243661 0.000 0 0.000
17301.00 1291.54 100.138999 0.0000000000000000 0.000000 249.181701 -1239352.180751 30.874285 126.525668 -22.398492 1425.181174 -8.569 -8.569 0.000000 3.243444 0.000 0 0.000
17201.00 1291.36 100.138999 0.0000000000000000 0.000000 249.181701 -1239660.933976 30.876360 126.531372 -22.405056 1425.099324 -8.574 -8.574 0.000000 3.243225 0.000 0 0.000
17101.00 1291.17 100.138999 0.0000000000000000 0.000000 249.181701 -1239969.707963 30.878437 126.537075 -22.411620 1425.017466 -8.579 -8.579 0.000000 3.243007 0.000 0 0.000
17001.00 1290.99 100.138999 0.0000000000000000 0.000000 249.181701 -1240278.502725 30.880515 126.542776 -22.418185 1424.935600 -8.585 -8.585 0.000000 3.242789 0.000 0 0.000
16901.00 1290.80 100.138999 0.0000000000000000 0.000000 249.181701 -1240587.318272 30.882594 126.548474 -22.424750 1424.853725 -8.590 -8.590 0.000000 3.242571 0.000 0 0.000
16801.00 1290.61 100.138999 0.0000000000000000 0.000000 249.181701 -1240896.154616 30.884675 126.554171 -22.431316 1424.771840 -8.595 -8.595 0.000000 3.242352 0.000 0 0.000
16701.00 1290.43 100.138999 0.0000000000000000 0.000000 249.181701 -1241205.011768 30.886756 126.559866 -22.437882 1424.689947 -8.601 -8.601 0.000000 3.242134 0.000 0 0.000
16601.00 1290.24 100.138999 0.0000000000000000 0.000000 249.181701 -1241513.889740 30.888839 126.565559 -22.444449 1424.608044 -8.606 -8.606 0.000000 3.241915 0.000 0 0.000
16501.00 1290.06 100.138999 0.0000000000000000 0.000000 249.181701 -1241822.788542 30.890922 126.571250 -22.451017 1424.526131 -8.611 -8.611 0.000000 3.241697 0.000 0 0.000
16401.00 1289.87 100.138999 0.0000000000000000 0.000000 249.181701 -1242131.708187 30.893007 126.576939 -22.457585 1424.444209 -8.616 -8.616 0.000000 3.241478 0.000 0 0.000
16301.00 1289.68 100.138999 0.0000000000000000 0.000000 249.181701 -1242440.648686 30.895093 126.582626 -22.464154 1424.362276 -8.622 -8.622 0.000000 3.241259 0.000 0 0.000
16201.00 1289.50 100.138999 0.0000000000000000 0.000000 249.181701 -1242749.610051 30.897180 126.588311 -22.470723 1424.280332 -8.627 -8.627 0.000000 3.241040 0.000 0 0.000
16101.00 1289.31 100.138999 0.0000000000000000 0.000000 249.181701 -1243058.592292 30.899268 126.593994 -22.477293 1424.198377 -8.632 -8.632 0.000000 3.240821 0.000 0 0.000
16001.00 1289.13 100.138999 0.0000000000000000 0.000000 249.181701 -1243367.595423 30.901358 126.599675 -22.483864 1424.116411 -8.638 -8.638 0.000000 3.240602 0.000 0 0.000
15901.00 1288.94 100.138999 0.0000000000000000 0.000000 249.181701 -1243676.619453 30.903448 126.605354 -22.490435 1424.034433 -8.643 -8.643 0.000000 3.240383 0.000 0 0.000
15801.00 1288.75 100.138999 0.0000000000000000 0.000000 249.181701 -1243985.664395 30.905540 126.611031 -22.497007 1423.952443 -8.648 -8.648 0.000000 3.240163 0.000 0 0.000
15701.00 1288.57 100.138999 0.0000000000000000 0.000000 249.181701 -1244294.730261 30.907633 126.616707 -22.503579 1423.870442 -8.654 -8.654 0.000000 3.239944 0.000 0 0.000
15601.00 1288.38 100.138999 0.0000000000000000 0.000000 249.181701 -1244603.817062 30.909727 126.622380 -22.510152 1423.788427 -8.659 -8.659 0.000000 3.239724 0.000 0 0.000
15501.00 1288.20 100.138999 0.0000000000000000 0.000000 249.181701 -1244912.924810 30.911823 126.628051 -22.516726 1423.706400 -8.664 -8.664 0.000000 3.239505 0.000 0 0.000
15401.00 1288.01 100.138999 0.0000000000000000 0.000000 249.181701 -1245222.053516 30.913919 126.633720 -22.523300 1423.624359 -8.670 -8.670 0.000000 3.239285 0.000 0 0.000
15301.00 1287.82 100.138999 0.0000000000000000 0.000000 249.181701 -1245531.203193 30.916017 126.639388 -22.529875 1423.542306 -8.675 -8.675 0.000000 3.239065 0.000 0 0.000
15201.00 1287.64 100.138999 0.0000000000000000 0.000000 249.181701 -1245840.373853 30.918115 126.645053 -22.536450 1423.460238 -8.680 -8.680 0.000000 3.238845 0.000 0 0.000
15101.00 1287.45 100.138999 0.0000000000000000 0.000000 249.181701 -1246149.565506 30.920215 126.650716 -22.543027 1423.378156 -8.686 -8.686 0.000000 3.238626 0.000 0 0.000
15001.00 1287.27 100.138999 0.0000000000000000 0.000000 249.181701 -1246458.778166 30.922317 126.656378 -22.549603 1423.296059 -8.691 -8.691 0.000000 3.238405 0.000 0 0.000
14901.00 1287.08 100.138999 0.0000000000000000 0.000000 249.181701 -1246768.011844 30.924419 126.662037 -22.556181 1423.213947 -8.696 -8.696 0.000000 3.238185 0.000 0 0.000
14801.00 1286.89 100.138999 0.0000000000000000 0.000000 249.181701 -1247077.266551 30.926523 126.667694 -22.562759 1423.131821 -8.702 -8.702 0.000000 3.237965 0.000 0 0.000
14701.00 1286.71 100.138999 0.0000000000000000 0.000000 249.181701 -1247386.542301 30.928627 126.673350 -22.569337 1423.049678 -8.707 -8.707 0.000000 3.237745 0.000 0 0.000
14601.00 1286.52 100.138999 0.0000000000000000 0.000000 249.181701 -1247695.839104 30.930733 126.679003 -22.575917 1422.967520 -8.712 -8.712 0.000000 3.237524 0.000 0 0.000
14501.00 1286.33 100.138999 0.0000000000000000 0.000000 249.181701 -1248005.156973 30.932841 126.684654 -22.582497 1422.885345 -8.718 -8.718 0.000000 3.237304 0.000 0 0.000
14401.00 1286.15 100.138999 0.0000000000000000 0.000000 249.181701 -1248314.495921 30.934949 126.690304 -22.589077 1422.803153 -8.723 -8.723 0.000000 3.237083 0.000 0 0.000
14301.00 1285.96 100.138999 0.0000000000000000 0.000000 249.181701 -1248623.855959 30.937059 126.695951 -22.595658 1422.720944 -8.728 -8.728 0.000000 3.236862 0.000 0 0.000
14201.00 1285.78 100.138999 0.0000000000000000 0.000000 249.181701 -1248933.237099 30.939170 126.701596 -22.602240 1422.638718 -8.734 -8.734 0.000000 3.236641 0.000 0 0.000
14101.00 1285.59 100.138999 0.0000000000000000 0.000000 249.181701 -1249242.639353 30.941282 126.707239 -22.608823 1422.556474 -8.739 -8.739 0.000000 3.236421 0.000 0 0.000
14001.00 1285.40 100.138999 0.0000000000000000 0.000000 249.181701 -1249552.062735 30.943395 126.712880 -22.615406 1422.474211 -8.744 -8.744 0.000000 3.236200 0.000 0 0.000
13901.00 1285.22 100.138999 0.0000000000000000 0.000000 249.181701 -1249861.507255 30.945509 126.718520 -22.621989 1422.391930 -8.750 -8.750 0.000000 3.235978 0.000 0 0.000
13801.00 1285.03 100.138999 0.0000000000000000 0.000000 249.181701 -1250170.972927 30.947625 126.724157 -22.628574 1422.309630 -8.755 -8.755 0.000000 3.235757 0.000 0 0.000
13701.00 1284.84 100.138999 0.0000000000000000 0.000000 249.181701 -1250480.459762 30.949742 126.729792 -22.635159 1422.227310 -8.760 -8.760 0.000000 3.235536 0.000 0 0.000
13601.00 1284.66 100.138999 0.0000000000000000 0.000000 249.181701 -1250789.967774 30.951860 126.735425 -22.641745 1422.144970 -8.766 -8.766 0.000000 3.235314 0.000 0 0.000
13501.00 1284.47 100.138999 0.0000000000000000 0.000000 249.181701 -1251099.496974 30.953980 126.741056 -22.648331 1422.062609 -8.771 -8.771 0.000000 3.235093 0.000 0 0.000
13401.00 1284.29 100.138999 0.0000000000000000 0.000000 249.181701 -1251409.047376 30.956101 126.746685 -22.654918 1421.980228 -8.776 -8.776 0.000000 3.234871 0.000 0 0.000
13301.00 1284.10 100.138999 0.0000000000000000 0.000000 249.181701 -1251718.618990 30.958223 126.752312 -22.661506 1421.897825 -8.782 -8.782 0.000000 3.234649 0.000 0 0.000
13201.00 1283.91 100.138999 0.0000000000000000 0.000000 249.181701 -1252028.211831 30.960346 126.757936 -22.668094 1421.815401 -8.787 -8.787 0.000000 3.234428 0.000 0 0.000
13101.00 1283.73 100.138999 0.0000000000000000 0.000000 249.181701 -1252337.825911 30.962470 126.763559 -22.674683 1421.732954 -8.792 -8.792 0.000000 3.234206 0.000 0 0.000
13001.00 1283.45 100.138999 0.0002374723217090 0.000285 249.181701 -1252647.465899 30.966074 126.775185 -22.713445 1421.971451 -11.929 -11.929 2.696826 3.233982 2.104 0 0.000
12901.00 1283.11 100.138999 0.0006184284889282 0.000742 249.181701 -1252957.149113 30.970576 126.790427 -22.771843 1422.404112 -11.896 -11.896 2.696109 3.233758 2.115 0 0.000
12801.00 1282.78 100.138999 0.0010055319837506 0.001206 249.181701 -1253266.877570 30.975123 126.805810 -22.831321 1422.845271 -11.864 -11.864 2.695403 3.233534 2.125 0 0.000
12701.00 1282.44 100.138999 0.0013990176211780 0.001678 249.181701 -1253576.651723 30.979716 126.821339 -22.891916 1423.295124 -11.831 -11.831 2.694708 3.233309 2.136 0 0.000
12601.00 1282.10 100.138999 0.0017991317258841 0.002158 249.181701 -1253886.472039 30.984356 126.837020 -22.953667 1423.753881 -11.798 -11.798 2.694026 3.233085 2.146 0 0.000
12501.00 1281.76 100.138999 0.0022061327797706 0.002647 249.181701 -1254196.339002 30.989045 126.852861 -23.016613 1424.221761 -11.764 -11.764 2.693355 3.232860 2.157 0 0.000
12401.00 1281.42 100.138999 0.0026202921392509 0.003144 249.181701 -1254506.253110 30.993785 126.868869 -23.080799 1424.698996 -11.731 -11.731 2.692696 3.232636 2.167 0 0.000
12301.00 1281.08 100.138999 0.0030418947831617 0.003650 249.181701 -1254816.214879 30.998578 126.885051 -23.146269 1425.185830 -11.697 -11.697 2.692050 3.232411 2.177 0 0.000
12201.00 1280.73 100.138999 0.0034712401149305 0.004166 249.181701 -1255126.224843 31.003424 126.901415 -23.213069 1425.682519 -11.663 -11.663 2.691416 3.232186 2.188 0 0.000
12101.00 1280.38 100.138999 0.0039086428115042 0.004691 249.181701 -1255436.283553 31.008327 126.917968 -23.281249 1426.189336 -11.629 -11.629 2.690796 3.231961 2.198 0 0.000
12001.00 1280.03 100.138999 0.0043544337274482 0.005226 249.181701 -1255746.391583 31.013288 126.934721 -23.350861 1426.706567 -11.594 -11.594 2.690188 3.231737 2.208 0 0.000
11901.00 1279.68 100.138999 0.0048089608555747 0.005772 249.181701 -1256056.549523 31.018310 126.951682 -23.421959 1427.234513 -11.560 -11.560 2.689594 3.231512 2.218 0 0.000
11801.00 1279.33 100.138999 0.0052725903476263 0.006329 249.181701 -1256366.757989 31.023394 126.968860 -23.494600 1427.773494 -11.525 -11.525 2.689013 3.231287 2.228 0 0.000
11701.00 1278.97 100.138999 0.0057457075995487 0.006897 249.181701 -1256677.017617 31.028543 126.986265 -23.568844 1428.323845 -11.490 -11.490 2.688446 3.231061 2.238 0 0.000
11601.00 1278.61 100.138999 0.0062287183987038 0.007477 249.181701 -1256987.329066 31.033759 127.003910 -23.644754 1428.885924 -11.454 -11.454 2.687893 3.230836 2.248 0 0.000
11501.00 1278.25 100.138999 0.0067220501543694 0.008070 249.181701 -1257297.693024 31.039045 127.021804 -23.722398 1429.460105 -11.419 -11.419 2.687355 3.230611 2.257 0 0.000
11401.00 1277.89 100.138999 0.0072261531869288 0.008675 249.181701 -1257608.110202 31.044403 127.039959 -23.801844 1430.046784 -11.383 -11.383 2.686830 3.230385 2.267 0 0.000
11301.00 1277.52 100.138999 0.0077415021048745 0.009294 249.181701 -1257918.581341 31.049837 127.058389 -23.883168 1430.646382 -11.346 -11.346 2.686321 3.230160 2.277 0 0.000
11201.00 1277.15 100.138999 0.0082685972624543 0.009927 249.181701 -1258229.107210 31.055350 127.077107 -23.966445 1431.259342 -11.310 -11.310 2.685826 3.229934 2.286 0 0.000
11101.00 1276.77 100.138999 0.0088079663006456 0.010575 249.181701 -1258539.688609 31.060944 127.096126 -24.051760 1431.886131 -11.273 -11.273 2.685347 3.229709 2.296 0 0.000
11001.00 1276.40 100.138999 0.0093601657777437 0.011237 249.181701 -1258850.326373 31.066623 127.115461 -24.139197 1432.527245 -11.236 -11.236 2.684882 3.229483 2.305 0 0.000
10901.00 1276.01 100.138999 0.0099257828921855 0.011916 249.181701 -1259161.021369 31.072391 127.135129 -24.228848 1433.183208 -11.199 -11.199 2.684433 3.229257 2.314 0 0.000
10801.00 1275.63 100.138999 0.0105054372998615 0.012612 249.181701 -1259471.774501 31.078251 127.155144 -24.320810 1433.854573 -11.162 -11.162 2.684000 3.229031 2.324 0 0.000
10701.00 1275.24 100.087874 0.0105874916110586 0.012711 249.037864 -1259155.301363 31.065111 127.097211 -24.329091 1433.226984 -11.124 -11.124 2.683585 3.228804 2.333 0 0.000
10601.00 1274.86 100.028479 0.0105945734734023 0.012721 248.870860 -1258736.743338 31.048929 127.026805 -24.324559 1432.395834 -11.086 -11.086 2.683190 3.228578 2.342 0 0.000
10501.00 1274.47 99.968404 0.0106019036670114 0.012730 248.702044 -1258309.177757 31.032534 126.955529 -24.319851 1431.555362 -11.048 -11.048 2.682816 3.228351 2.351 0 0.000
10401.00 1274.07 99.907625 0.0106094945365994 0.012740 248.531351 -1257872.301386 31.015918 126.883356 -24.314963 1430.705272 -11.009 -11.009 2.682462 3.228124 2.359 0 0.000
10301.00 1273.68 99.846117 0.0106173592281080 0.012750 248.358716 -1257425.796114 30.999074 126.810254 -24.309887 1429.845255 -10.970 -10.970 2.682129 3.227897 2.368 0 0.000
10201.00 1273.28 99.783853 0.0106255116739134 0.012761 248.184069 -1256969.328002 30.981994 126.736189 -24.304620 1428.974987 -10.931 -10.931 2.681818 3.227670 2.377 0 0.000
10101.00 1272.89 99.720807 0.0106339666779594 0.012771 248.007336 -1256502.546346 30.964668 126.661128 -24.299153 1428.094128 -10.892 -10.892 2.681529 3.227443 2.385 0 0.000
10001.00 1272.49 99.656948 0.0106427399736336 0.012782 247.828440 -1256025.082647 30.947089 126.585033 -24.293482 1427.202324 -10.852 -10.852 2.681263 3.227215 2.393 0 0.000
9901.00 1272.08 99.592248 0.0106518482914107 0.012793 247.647300 -1255536.549508 30.929247 126.507868 -24.287599 1426.299201 -10.812 -10.812 2.681020 3.226987 2.401 0 0.000
9801.00 1271.68 99.526673 0.0106613094317304 0.012805 247.463831 -1255036.539455 30.911131 126.429593 -24.281498 1425.384367 -10.772 -10.772 2.680800 3.226759 2.409 0 0.000
9701.00 1271.27 99.460190 0.0106711423454133 0.012817 247.277943 -1254524.623674 30.892732 126.350164 -24.275171 1424.457410 -10.732 -10.732 2.680604 3.226531 2.417 0 0.000
9601.00 1270.86 99.392764 0.0106813672162640 0.012829 247.089542 -1254000.350651 30.874038 126.269538 -24.268612 1423.517898 -10.691 -10.691 2.680432 3.226302 2.425 0 0.000
9501.00 1270.45 99.324357 0.0106920055581598 0.012841 246.898529 -1253463.244723 30.855038 126.187668 -24.261812 1422.565376 -10.650 -10.650 2.680285 3.226073 2.432 0 0.000
9401.00 1270.03 99.254930 0.0107030803129133 0.012854 246.704798 -1252912.804507 30.835720 126.104504 -24.254764 1421.599365 -10.609 -10.609 2.680164 3.225844 2.440 0 0.000
9301.00 1269.62 99.184441 0.0107146159608845 0.012868 246.508239 -1252348.501230 30.816070 126.019995 -24.247459 1420.619362 -10.567 -10.567 2.680067 3.225615 2.447 0 0.000
9201.00 1269.20 99.112846 0.0107266386423455 0.012881 246.308735 -1251769.776915 30.796076 125.934086 -24.239890 1419.624836 -10.525 -10.525 2.679997 3.225385 2.454 0 0.000
9101.00 1268.77 99.040099 0.0107391762681524 0.012896 246.106165 -1251176.042443 30.775724 125.846719 -24.232046 1418.615227 -10.483 -10.483 2.679953 3.225155 2.460 0 0.000
9001.00 1268.34 98.966152 0.0107522587228990 0.012911 245.900397 -1250566.675480 30.754997 125.757832 -24.223920 1417.589944 -10.441 -10.441 2.679936 3.224925 2.467 0 0.000
8901.00 1267.91 98.890952 0.0107659179087173 0.012926 245.691295 -1249941.018171 30.733880 125.667362 -24.215500 1416.548365 -10.398 -10.398 2.679946 3.224694 2.474 0 0.000
8801.00 1267.48 98.814444 0.0107801880114811 0.012942 245.478713 -1249298.374788 30.712357 125.575239 -24.206779 1415.489831 -10.355 -10.355 2.679983 3.224463 2.480 0 0.000
8701.00 1267.04 98.736572 0.0107951056696354 0.012959 245.262499 -1248638.009074 30.690410 125.481392 -24.197745 1414.413647 -10.312 -10.312 2.680047 3.224232 2.486 0 0.000
8601.00 1266.60 98.657273 0.0108107101007455 0.012976 245.042489 -1247959.141388 30.668019 125.385743 -24.188387 1413.319076 -10.269 -10.269 2.680139 3.224000 2.492 0 0.000
8501.00 1266.15 98.576482 0.0108270434224291 0.012994 244.818512 -1247260.945723 30.645165 125.288212 -24.178695 1412.205341 -10.225 -10.225 2.680258 3.223768 2.498 0 0.000
8401.00 1265.70 98.494132 0.0108441508105816 0.013013 244.590385 -1246542.546339 30.621826 125.188712 -24.168657 1411.071616 -10.181 -10.181 2.680406 3.223536 2.503 0 0.000
8301.00 1265.24 98.410148 0.0108620807869074 0.013033 244.357915 -1245803.014235 30.597981 125.087152 -24.158262 1409.917028 -10.138 -10.138 2.680581 3.223303 2.508 0 0.000
8201.00 1264.78 98.324454 0.0108808855511957 0.013053 244.120898 -1245041.363293 30.573606 124.983435 -24.147496 1408.740648 -10.093 -10.093 2.680784 3.223070 2.514 0 0.000
8101.00 1264.32 98.236966 0.0109006212133980 0.013075 243.879115 -1244256.546041 30.548674 124.877459 -24.136348 1407.541493 -10.049 -10.049 2.681014 3.222836 2.519 0 0.000
8001.00 1263.84 98.147598 0.0109213482034440 0.013097 243.632334 -1243447.449164 30.523161 124.769113 -24.124803 1406.318519 -10.004 -10.004 2.681272 3.222602 2.523 0 0.000
7901.00 1263.37 98.056257 0.0109431316299760 0.013121 243.380311 -1242612.888559 30.497036 124.658281 -24.112849 1405.070613 -9.960 -9.960 2.681556 3.222368 2.528 0 0.000
7801.00 1262.88 97.962843 0.0109660416927800 0.013146 243.122784 -1241751.603982 30.470270 124.544840 -24.100470 1403.796595 -9.915 -9.915 2.681867 3.222133 2.532 0 0.000
7701.00 1262.40 97.867250 0.0109901541756325 0.013172 242.859474 -1240862.253244 30.442831 124.428657 -24.087653 1402.495207 -9.870 -9.870 2.682204 3.221897 2.536 0 0.000
7601.00 1261.90 97.769368 0.0110155508847380 0.013200 242.590085 -1239943.405861 30.414684 124.309592 -24.074381 1401.165108 -9.825 -9.825 2.682566 3.221661 2.541 0 0.000
7501.00 1261.40 97.669075 0.0110423202889420 0.013229 242.314301 -1238993.536217 30.385792 124.187496 -24.060638 1399.804871 -9.780 -9.780 2.682952 3.221424 2.544 0 0.000
7401.00 1260.89 97.566244 0.0110705580688340 0.013260 242.031784 -1238011.016030 30.356117 124.062208 -24.046408 1398.412969 -9.735 -9.735 2.683361 3.221187 2.548 0 0.000
7301.00 1260.37 97.460739 0.0111003678307230 0.013293 241.742176 -1236994.106215 30.325616 123.933557 -24.031674 1396.987777 -9.690 -9.690 2.683793 3.220949 2.552 0 0.000
7201.00 1259.84 97.352413 0.0111318617958803 0.013327 241.445091 -1235940.947965 30.294247 123.801361 -24.016417 1395.527554 -9.645 -9.645 2.684245 3.220711 2.555 0 0.000
7101.00 1259.31 97.241111 0.0111651616577027 0.013363 241.140119 -1234849.553100 30.261959 123.665425 -24.000619 1394.030440 -9.600 -9.600 2.684716 3.220471 2.558 0 0.000
7001.00 1258.77 97.126665 0.0112003994292085 0.013402 240.826821 -1233717.793482 30.228704 123.525540 -23.984259 1392.494444 -9.555 -9.555 2.685205 3.220231 2.561 0 0.000
6901.00 1258.21 97.008896 0.0112377184040672 0.013443 240.504727 -1232543.389528 30.194426 123.381483 -23.967319 1390.917433 -9.511 -9.511 2.685709 3.219991 2.564 0 0.000
6801.00 1257.65 96.887614 0.0112772741886672 0.013487 240.173331 -1231323.897715 30.159067 123.233013 -23.949775 1389.297121 -9.466 -9.466 2.686226 3.219749 2.567 0 0.000
6701.00 1257.07 96.762612 0.0113192358038449 0.013533 239.832096 -1230056.696990 30.122564 123.079875 -23.931606 1387.631056 -9.422 -9.422 2.686754 3.219507 2.570 0 0.000
6601.00 1256.49 96.633669 0.0113637868617828 0.013583 239.480442 -1228738.974052 30.084850 122.921791 -23.912788 1385.916604 -9.378 -9.378 2.687289 3.219263 2.573 0 0.000
6501.00 1255.89 96.500550 0.0114111267891803 0.013636 239.117747 -1227367.707426 30.045853 122.758467 -23.893297 1384.150939 -9.334 -9.334 2.687830 3.219019 2.576 0 0.000
6401.00 1255.28 96.363000 0.0114614720948668 0.013692 238.743344 -1225939.650319 30.005496 122.589584 -23.873107 1382.331019 -9.291 -9.291 2.688372 3.218774 2.578 0 0.000
6301.00 1254.65 96.220746 0.0115150576346636 0.013752 238.356517 -1224451.312235 29.963695 122.414801 -23.852189 1380.453577 -9.248 -9.248 2.688912 3.218528 2.581 0 0.000
6201.00 1254.01 96.073494 0.0115721378326794 0.013816 237.956497 -1222898.939419 29.920361 122.233750 -23.830516 1378.515095 -9.205 -9.205 2.689445 3.218280 2.584 0 0.000
6101.00 1253.35 95.920927 0.0116329877855465 0.013885 237.542456 -1221278.494199 29.875398 122.046036 -23.808056 1376.511790 -9.163 -9.163 2.689969 3.218032 2.587 0 0.000
6001.00 1252.68 95.762707 0.0116979041483110 0.013959 237.113504 -1219585.633469 29.828703 121.851235 -23.784777 1374.439588 -9.122 -9.122 2.690477 3.217782 2.590 0 0.000
5901.00 1251.99 95.598469 0.0117672056682688 0.014037 236.668689 -1217815.686610 29.780163 121.648889 -23.760642 1372.294103 -9.081 -9.081 2.690966 3.217531 2.593 0 0.000
5801.00 1251.28 95.427820 0.0118412331415437 0.014122 236.206985 -1215963.633362 29.729661 121.438510 -23.735615 1370.070621 -9.041 -9.041 2.691428 3.217278 2.596 0 0.000
5701.00 1250.55 95.250341 0.0119203485885092 0.014213 235.727292 -1214024.082423 29.677067 121.219568 -23.709653 1367.764066 -9.001 -9.001 2.691860 3.217025 2.599 0 0.000
5601.00 1249.80 95.065579 0.0120049332173919 0.014310 235.228434 -1211991.251792 29.622244 120.991500 -23.682712 1365.368990 -8.963 -8.963 2.692254 3.216769 2.603 0 0.000
5501.00 1249.02 94.873054 0.0120953837518000 0.014415 234.709153 -1209858.952399 29.565045 120.753701 -23.654742 1362.879545 -8.925 -8.925 2.692603 3.216512 2.607 0 0.000
5401.00 1248.22 94.672250 0.0121921064787823 0.014527 234.168108 -1207620.577073 29.505313 120.505524 -23.625687 1360.289475 -8.888 -8.888 2.692901 3.216254 2.611 0 0.000
5301.00 1247.40 94.462622 0.0122955082663436 0.014648 233.603876 -1205269.097627 29.442881 120.246284 -23.595484 1357.592096 -8.852 -8.852 2.693141 3.215993 2.616 0 0.000
5201.00 1246.54 94.243592 0.0124059834706989 0.014777 233.014955 -1202797.073744 29.377572 119.975251 -23.564063 1354.780302 -8.818 -8.818 2.693313 3.215731 2.621 0 0.000
5101.00 1245.66 94.014553 0.0125238956413218 0.014915 232.399766 -1200196.678547 29.309200 119.691660 -23.531343 1351.846575 -8.784 -8.784 2.693410 3.215467 2.627 0 0.000
5001.00 1244.74 93.774874 0.0126495525561780 0.015063 231.756669 -1197459.746974 29.237570 119.394709 -23.497227 1348.783008 -8.752 -8.752 2.693423 3.215201 2.634 0 0.000
4901.00 1243.79 93.523903 0.0127831730873218 0.015221 231.083979 -1194577.854671 29.162481 119.083572 -23.461606 1345.581367 -8.721 -8.721 2.693343 3.214933 2.641 0 0.000
4801.00 1242.81 93.260980 0.0129248444637132 0.015389 230.379987 -1191542.436733 29.083729 118.757404 -23.424348 1342.233169 -8.691 -8.691 2.693159 3.214663 2.649 0 0.000
4701.00 1241.78 92.985451 0.0130744688237437 0.015567 229.643003 -1188344.957019 29.001109 118.415361 -23.385297 1338.729816 -8.663 -8.663 2.692864 3.214391 2.657 0 0.000
4601.00 1240.72 92.696682 0.0132316988025903 0.015755 228.871399 -1184977.139728 28.914422 118.056621 -23.344269 1335.062777 -8.637 -8.637 2.692446 3.214117 2.667 0 0.000
4501.00 1239.62 92.394089 0.0133958635695468 0.015952 228.063677 -1181431.274740 28.823482 117.680412 -23.301044 1331.223841 -8.611 -8.611 2.691897 3.213840 2.677 0 0.000
4401.00 1238.47 92.077162 0.0135658891831357 0.016156 227.218545 -1177700.606002 28.728125 117.286050 -23.255365 1327.205454 -8.588 -8.588 2.691207 3.213562 2.688 0 0.000
4301.00 1237.28 91.745508 0.0137402207520780 0.016367 226.335021 -1173779.807014 28.628216 116.872981 -23.206932 1323.001140 -8.566 -8.566 2.690368 3.213282 2.701 0 0.000
4201.00 1236.05 91.398894 0.0139167581075845 0.016581 225.412541 -1169665.538133 28.523672 116.440845 -23.155409 1318.606029 -8.546 -8.546 2.689373 3.213000 2.715 0 0.000
4101.00 1234.78 91.037290 0.0140928209549334 0.016796 224.451092 -1165357.066221 28.414465 115.989524 -23.100423 1314.017463 -8.527 -8.527 2.688217 3.212716 2.729 0 0.000
4001.00 1233.46 90.660927 0.0142651619676393 0.017008 223.451335 -1160856.908565 28.300646 115.519218 -23.041581 1309.235678 -8.510 -8.510 2.686895 3.212431 2.746 0 0.000
3901.00 1232.10 90.270338 0.0144300451889698 0.017212 222.414734 -1156171.442142 28.182357 115.030501 -22.978492 1304.264492 -8.495 -8.495 2.685406 3.212146 2.763 0 0.000
3801.00 1230.71 89.866397 0.0145834002513222 0.017403 221.343648 -1151311.400830 28.059844 114.524377 -22.910796 1299.111939 -8.481 -8.481 2.683752 3.211860 2.781 0 0.000
3701.00 1229.29 89.450343 0.0147210498329019 0.017577 220.241387 -1146292.173746 27.933466 114.002313 -22.838201 1293.790752 -8.469 -8.469 2.681937 3.211574 2.801 0 0.000
3601.00 1227.84 89.023777 0.0148389902660159 0.017729 219.112213 -1141133.824547 27.803694 113.466246 -22.760525 1288.318587 -8.458 -8.458 2.679967 3.211288 2.821 0 0.000
3501.00 1226.37 88.588641 0.0149336885438653 0.017854 217.961263 -1135860.778641 27.671108 112.918558 -22.677728 1282.717912 -8.449 -8.449 2.677851 3.211004 2.843 0 0.000
3401.00 1224.89 88.147157 0.0150023493080400 0.017949 216.794411 -1130501.170821 27.536380 112.362018 -22.589941 1277.015519 -8.441 -8.441 2.675602 3.210721 2.865 0 0.000
3301.00 1223.40 87.701760 0.0150431078556186 0.018012 215.618070 -1125085.900557 27.400253 111.799686 -22.497474 1271.241657 -8.435 -8.435 2.673231 3.210441 2.889 0 0.000
3201.00 1221.91 87.255003 0.0150551205900151 0.018041 214.438952 -1119647.491566 27.263514 111.234801 -22.400811 1265.428903 -8.429 -8.429 2.670753 3.210163 2.912 0 0.000
3101.00 1220.44 86.809463 0.0150385470088995 0.018037 213.263815 -1114218.881383 27.126964 110.670662 -22.300580 1259.610874 -8.425 -8.425 2.668183 3.209888 2.937 0 0.000
3001.00 1218.98 86.367652 0.0149944399548235 0.018000 212.099235 -1108832.268337 26.991386 110.110506 -22.197521 1253.820941 -8.421 -8.421 2.665532 3.209616 2.962 0 0.000
2901.00 1217.54 85.931937 0.0149245759637029 0.017933 210.951399 -1103518.118835 26.857528 109.557404 -22.092442 1248.091078 -8.419 -8.419 2.662816 3.209348 2.987 0 0.000
2801.00 1216.12 85.504484 0.0148312618608779 0.017838 209.825951 -1098304.397273 26.726075 109.014186 -21.986178 1242.450940 -8.418 -8.418 2.660045 3.209084 3.012 0 0.000
2701.00 1214.74 85.087216 0.0147171487357795 0.017718 208.727892 -1093216.037324 26.597641 108.483378 -21.879555 1236.927196 -8.417 -8.417 2.657231 3.208824 3.037 0 0.000
2601.00 1213.40 84.681793 0.0145850738357740 0.017577 207.661524 -1088274.637384 26.472759 107.967174 -21.773362 1231.543136 -8.417 -8.417 2.654383 3.208568 3.063 0 0.000
2501.00 1212.10 84.289599 0.0144379391539274 0.017417 206.630423 -1083498.340575 26.351876 107.467417 -21.668333 1226.318483 -8.419 -8.419 2.651510 3.208316 3.088 0 0.000
2401.00 1210.84 83.911748 0.0142786258307316 0.017243 205.637458 -1078901.851503 26.235359 106.985608 -21.565135 1221.269385 -8.421 -8.421 2.648618 3.208068 3.113 0 0.000
2301.00 1209.63 83.549095 0.0141099372991778 0.017057 204.684810 -1074496.544761 26.123490 106.522909 -21.464362 1216.408513 -8.424 -8.424 2.645714 3.207824 3.138 0 0.000
2201.00 1208.47 83.202245 0.0139345614037984 0.016862 203.774014 -1070290.629825 26.016475 106.080165 -21.366533 1211.745232 -8.428 -8.428 2.642802 3.207583 3.162 0 0.000
2101.00 1207.35 82.871574 0.0137550421414767 0.016663 202.906001 -1066289.349121 25.914448 105.657920 -21.272092 1207.285806 -8.432 -8.432 2.639887 3.207346 3.186 0 0.000
2001.00 1206.28 82.557244 0.0135737540659593 0.016460 202.081147 -1062495.197327 25.817475 105.256442 -21.181411 1203.033627 -8.438 -8.438 2.636972 3.207112 3.210 0 0.000
1901.00 1205.25 82.259225 0.0133928757879086 0.016258 201.299321 -1058908.158224 25.725561 104.875746 -21.094788 1198.989452 -8.444 -8.444 2.634059 3.206881 3.233 0 0.000
1801.00 1204.28 81.977310 0.0132143623930296 0.016058 200.559943 -1055525.959738 25.638655 104.515618 -21.012447 1195.151662 -8.451 -8.451 2.631151 3.206652 3.256 0 0.000
1701.00 1203.34 81.711144 0.0130399193690611 0.015863 199.862037 -1052344.348324 25.556659 104.175646 -20.934545 1191.516533 -8.459 -8.459 2.628250 3.206426 3.278 0 0.000
1601.00 1202.45 81.460239 0.0128709819380981 0.015674 199.204296 -1049357.381372 25.479432 103.855245 -20.861169 1188.078522 -8.468 -8.468 2.625356 3.206202 3.300 0 0.000
1501.00 1201.61 81.224006 0.0127087036195766 0.015493 198.585138 -1046557.732446 25.406798 103.553687 -20.792341 1184.830582 -8.477 -8.477 2.622472 3.205980 3.322 0 0.000
1401.00 1200.80 81.001772 0.0125539563417812 0.015320 198.002777 -1043937.000366 25.338554 103.270137 -20.728026 1181.764471 -8.487 -8.487 2.619597 3.205760 3.343 0 0.000
1301.00 1200.02 80.792807 0.0124073428029017 0.015157 197.455276 -1041486.010999 25.274479 103.003679 -20.668137 1178.871065 -8.498 -8.498 2.616733 3.205541 3.363 0 0.000
1201.00 1199.29 80.596347 0.0122692195398463 0.015004 196.940609 -1039195.100030 25.214337 102.753344 -20.612543 1176.140658 -8.510 -8.510 2.613879 3.205323 3.383 0 0.000
1101.00 1198.58 80.411609 0.0121397279946034 0.014861 196.456713 -1037054.366767 25.157889 102.518139 -20.561078 1173.563230 -8.522 -8.522 2.611035 3.205106 3.403 0 0.000
1001.00 1197.90 80.237812 0.0120188301376669 0.014728 196.001526 -1035053.891853 25.104890 102.297066 -20.513551 1171.128685 -8.534 -8.534 2.608203 3.204891 3.422 0 0.000
901.00 1197.26 80.074189 0.0119063453325647 0.014605 195.573026 -1033183.915318 25.055104 102.089145 -20.469756 1168.827045 -8.548 -8.548 2.605381 3.204676 3.441 0 0.000
801.00 1196.63 79.919998 0.0118019856655989 0.014492 195.169260 -1031434.974696 25.008297 101.893421 -20.429473 1166.648606 -8.562 -8.562 2.602570 3.204462 3.459 0 0.000
701.00 1196.03 79.774529 0.0117053878418328 0.014388 194.788358 -1029798.005658 24.964247 101.708981 -20.392481 1164.584049 -8.576 -8.576 2.599769 3.204248 3.477 0 0.000
601.00 1195.46 79.637108 0.0116161405004148 0.014293 194.428551 -1028264.409406 24.922742 101.534957 -20.358561 1162.624520 -8.591 -8.591 2.596979 3.204035 3.494 0 0.000
501.00 1194.90 79.507103 0.0115338066154136 0.014206 194.088177 -1026826.092036 24.883585 101.370534 -20.327500 1160.761678 -8.607 -8.607 2.594199 3.203823 3.511 0 0.000
401.00 1194.36 79.383923 0.0114579411108237 0.014126 193.765681 -1025475.481324 24.846588 101.214946 -20.299090 1158.987714 -8.623 -8.623 2.591429 3.203611 3.527 0 0.000
301.00 1193.84 79.267017 0.0113689843844491 0.014031 193.459619 -1024205.526040 24.811454 101.067105 -20.270360 1157.287129 -8.639 -8.639 2.588646 3.203401 3.543 0 0.000
201.00 1193.51 79.157405 0.0108605182696566 0.013422 193.172656 -1023029.545373 24.775857 100.920327 -20.182460 1155.503743 -8.630 -8.630 2.585293 3.203235 3.562 0 0.000
101.00 1193.17 79.025300 0.0100426144973108 0.012428 192.826688 -1021560.181623 24.731352 100.738961 -20.039164 1153.312872 -8.621 -8.621 2.581953 3.203069 3.580 0 0.000
1.00 1192.84 79.021898 0.0108337068550112 0.013421 192.817777 -1021763.292522 24.736673 100.752570 -20.181651 1153.441188 -8.613 -8.613 2.578590 3.202903 3.598 0 0.000
