Title: Depleted MORB Mantle of Workmann & Hart 2005

liquid_0 thermodynamic data and composition:
Pressure Temperature mass S H V Cp viscosity SiO2 TiO2 Al2O3 Fe2O3 Cr2O3 FeO MnO MgO NiO CaO Na2O
5501.00 1215.90 0.170252 0.460040 -2171.590245 0.064535 0.259337 3.111 55.5311 0.700733 18.9041 0.272278 0.0973116 3.79994 0.00502008 7.7957 0.00261667 8.85284 4.0384
5401.00 1215.20 0.354238 0.956243 -4520.643481 0.134261 0.539635 3.116 55.5255 0.701616 18.8886 0.279803 0.0946879 3.807 0.00491366 7.80891 0.00255934 8.98352 3.90286
5301.00 1214.46 0.551971 1.488524 -7047.621275 0.209183 0.840914 3.122 55.5209 0.702172 18.8729 0.287447 0.0921721 3.8132 0.00480837 7.8208 0.0025026 9.11343 3.76962
5201.00 1213.69 0.763460 2.056790 -9752.948684 0.289307 1.163188 3.128 55.5174 0.702414 18.8571 0.295207 0.0897659 3.8185 0.00470427 7.83132 0.00244649 9.24243 3.63874
5101.00 1212.89 0.988721 2.660959 -12637.115618 0.374641 1.506477 3.134 55.5151 0.702356 18.841 0.303082 0.0874706 3.82287 0.00460144 7.84045 0.00239104 9.37036 3.51032
5001.00 1212.05 1.218367 3.275679 -15580.414664 0.461632 1.856476 3.141 55.5142 0.702005 18.8246 0.311065 0.0852847 3.82629 0.00449992 7.84819 0.00233629 9.49711 3.3844
4901.00 1211.18 1.226437 3.293993 -15691.860954 0.464667 1.868866 3.148 55.5135 0.701252 18.8084 0.319128 0.0831404 3.82919 0.00439941 7.85501 0.00228211 9.62395 3.25977
4801.00 1210.30 1.234016 3.310909 -15797.163988 0.467517 1.880501 3.155 55.5128 0.700106 18.7924 0.327268 0.0810364 3.83159 0.00429995 7.86093 0.0022285 9.75093 3.13637
4701.00 1209.38 1.241077 3.326363 -15895.992261 0.470174 1.891343 3.162 55.5122 0.698574 18.7766 0.335482 0.0789712 3.83352 0.00420155 7.86601 0.00217549 9.87809 3.01414
4601.00 1208.45 1.247595 3.340292 -15988.001104 0.472628 1.901354 3.170 55.5116 0.696668 18.761 0.343769 0.0769434 3.83503 0.00410422 7.87028 0.00212309 10.0055 2.89301
4501.00 1207.49 1.253544 3.352627 -16072.837128 0.474867 1.910493 3.177 55.5109 0.694397 18.7454 0.352126 0.0749513 3.83616 0.004008 7.87379 0.00207131 10.1333 2.77289
4401.00 1206.51 1.258897 3.363302 -16150.145663 0.476883 1.918721 3.185 55.5101 0.691777 18.73 0.360553 0.0729934 3.83694 0.00391291 7.87658 0.00202017 10.2615 2.65369
4301.00 1205.51 1.263630 3.372255 -16219.582299 0.478664 1.925999 3.192 55.509 0.688824 18.7146 0.36905 0.071068 3.83744 0.00381896 7.87871 0.00196969 10.3902 2.53534
4201.00 1204.50 1.267719 3.379428 -16280.829956 0.480202 1.932294 3.200 55.5076 0.685554 18.6993 0.377618 0.0691737 3.8377 0.00372618 7.88023 0.00191987 10.5195 2.41773
4101.00 1203.47 1.271145 3.384776 -16333.623350 0.481490 1.937575 3.208 55.5057 0.681989 18.6839 0.386259 0.0673091 3.83778 0.0036346 7.88119 0.00187073 10.6496 2.30077
4001.00 1202.42 1.273896 3.388271 -16377.782722 0.482522 1.941825 3.216 55.5032 0.678149 18.6685 0.394977 0.065473 3.83773 0.00354424 7.88165 0.00182229 10.7806 2.18436
3901.00 1201.37 1.275971 3.389913 -16413.258820 0.483297 1.945042 3.224 55.5001 0.674058 18.6529 0.403775 0.0636647 3.83762 0.00345513 7.88165 0.00177457 10.9126 2.06843
3801.00 1200.30 1.277382 3.389742 -16440.191000 0.483820 1.947245 3.232 55.4962 0.669741 18.6372 0.41266 0.0618841 3.83749 0.0033673 7.88124 0.00172759 11.0456 1.9529
3701.00 1199.22 1.278162 3.387849 -16458.978993 0.484102 1.948485 3.239 55.4915 0.665223 18.6212 0.421637 0.0601315 3.83739 0.0032808 7.88046 0.00168136 11.1798 1.83773
3601.00 1198.13 1.278371 3.384400 -16470.367856 0.484167 1.948851 3.247 55.4858 0.660529 18.6049 0.430714 0.058408 3.83735 0.00319567 7.87933 0.00163592 11.3152 1.72288
3501.00 1197.03 1.278102 3.379646 -16475.542502 0.484049 1.948488 3.255 55.4793 0.655681 18.5883 0.439898 0.0567158 3.83739 0.00311195 7.87785 0.00159128 11.4518 1.60837
3401.00 1195.93 1.277490 3.373949 -16476.225407 0.483800 1.947598 3.262 55.472 0.650698 18.5711 0.449193 0.0550581 3.83751 0.0030297 7.87601 0.00154747 11.5896 1.49427
3301.00 1194.82 1.276717 3.367796 -16474.766922 0.483490 1.946461 3.270 55.464 0.645593 18.5535 0.4586 0.0534391 3.83767 0.00294899 7.87377 0.00150453 11.7283 1.3807
3201.00 1193.71 1.276020 3.361812 -16474.214332 0.483209 1.945434 3.277 55.4557 0.640366 18.5352 0.468118 0.0518645 3.8378 0.00286988 7.87105 0.00146249 11.8676 1.26787
3101.00 1192.58 1.275690 3.356769 -16478.343999 0.483068 1.944961 3.285 55.4476 0.635007 18.5163 0.477734 0.0503411 3.83778 0.00279246 7.86773 0.00142139 12.0073 1.15605
3001.00 1191.44 1.276072 3.353573 -16491.641280 0.483200 1.945563 3.292 55.4401 0.629487 18.4965 0.487428 0.0488767 3.83744 0.0027168 7.86367 0.00138126 12.1468 1.04562
2901.00 1190.38 1.240957 3.257268 -16044.981972 0.469877 1.892039 3.299 55.43 0.626705 18.4689 0.49899 0.0475762 3.83938 0.0026463 7.86158 0.00134392 12.2876 0.935368
2801.00 1189.39 1.204518 3.157841 -15579.773410 0.456049 1.836478 3.304 55.4199 0.627101 18.4315 0.512782 0.0464983 3.84309 0.00258197 7.86111 0.00130987 12.4268 0.827335
2701.00 1188.35 1.219360 3.192986 -15778.071505 0.461666 1.859069 3.311 55.4185 0.626715 18.3931 0.526376 0.0455624 3.84409 0.00252007 7.85778 0.00127707 12.5584 0.725669
2601.00 1187.27 1.234724 3.229480 -15983.630334 0.467514 1.882418 3.319 55.427 0.625459 18.3534 0.539685 0.0447736 3.84214 0.00246075 7.8515 0.00124559 12.6815 0.630823
2501.00 1186.13 1.250291 3.266506 -16192.385983 0.473477 1.906035 3.329 55.4463 0.62325 18.3123 0.55262 0.0441365 3.83705 0.00240419 7.84219 0.0012155 12.7954 0.54321
2401.00 1184.94 1.265618 3.302927 -16398.644903 0.479390 1.929240 3.341 55.4774 0.62002 18.2694 0.565093 0.0436546 3.82868 0.00235054 7.82984 0.00118691 12.8991 0.463176
2301.00 1183.70 1.280134 3.337278 -16595.035806 0.485042 1.951162 3.354 55.5214 0.615719 18.2245 0.577022 0.0433301 3.81697 0.0023 7.81449 0.00115989 12.9922 0.390966
2201.00 1182.41 1.293161 3.367819 -16772.739155 0.490177 1.970761 3.369 55.5786 0.610322 18.177 0.588331 0.0431625 3.80193 0.00225273 7.79625 0.00113453 13.0743 0.326692
2101.00 1181.09 1.303955 3.392647 -16922.076083 0.494515 1.986906 3.386 55.6496 0.603837 18.1267 0.59896 0.0431486 3.78368 0.00220889 7.7753 0.00111092 13.1452 0.270304
2001.00 1179.73 1.311782 3.409891 -17033.450252 0.497777 1.998481 3.404 55.7342 0.596306 18.0729 0.608865 0.0432815 3.76245 0.00216863 7.75192 0.00108914 13.2052 0.221574
1901.00 1178.34 1.316010 3.417940 -17098.503912 0.499719 2.004522 3.425 55.8323 0.587804 18.0153 0.618019 0.0435509 3.73858 0.00213206 7.72643 0.00106923 13.2547 0.180098
1801.00 1176.94 1.316188 3.415655 -17111.230504 0.500165 2.004351 3.446 55.9431 0.578437 17.9535 0.626412 0.0439428 3.71247 0.00209924 7.69924 0.00105125 13.2945 0.145316
1701.00 1175.54 1.312108 3.402528 -17068.754688 0.499028 1.997658 3.469 56.0657 0.568334 17.8869 0.634052 0.0444405 3.68458 0.00207023 7.67076 0.00103521 13.3255 0.116554
1601.00 1174.15 1.303826 3.378718 -16971.583805 0.496322 1.984536 3.493 56.1992 0.557637 17.8154 0.640956 0.0450252 3.65541 0.00204501 7.64144 0.00102112 13.3488 0.0930712
1501.00 1172.77 1.291630 3.344992 -16823.310899 0.492146 1.965434 3.518 56.3422 0.546495 17.7387 0.647154 0.0456771 3.62541 0.00202359 7.61171 0.00100898 13.3655 0.0741113
1401.00 1171.43 1.275994 3.302578 -16629.917532 0.486673 1.941082 3.543 56.4938 0.535055 17.6564 0.652677 0.0463766 3.59504 0.0020059 7.58196 0.000998755 13.3768 0.0589451
1301.00 1170.13 1.257504 3.252995 -16398.905668 0.480117 1.912380 3.569 56.6526 0.523454 17.5686 0.657563 0.0471047 3.56468 0.00199191 7.55257 0.000990426 13.3835 0.046903
1201.00 1168.87 1.236796 3.197884 -16138.467366 0.472714 1.880305 3.595 56.8177 0.511821 17.4751 0.661851 0.0478442 3.53467 0.00198154 7.52384 0.000983958 13.3867 0.0373939
1101.00 1167.66 1.214507 3.138882 -15856.818794 0.464701 1.845831 3.621 56.9882 0.500268 17.376 0.665579 0.0485799 3.50528 0.00197472 7.49603 0.000979312 13.3872 0.029912
1001.00 1166.50 1.191236 3.077525 -15561.735650 0.456303 1.809874 3.646 57.1633 0.488893 17.2713 0.668788 0.0492987 3.47671 0.00197139 7.46936 0.000976451 13.3854 0.0240364
901.00 1165.40 1.167525 3.015199 -15260.265601 0.447722 1.773260 3.672 57.3422 0.477776 17.161 0.67152 0.0499896 3.44913 0.00197147 7.444 0.000975332 13.3819 0.0194236
801.00 1164.35 1.143844 2.953108 -14958.569136 0.439139 1.736710 3.697 57.5245 0.466982 17.0454 0.673816 0.050644 3.42266 0.00197488 7.42009 0.000975914 13.3772 0.0157978
701.00 1163.36 1.120592 2.892259 -14661.843021 0.430703 1.700827 3.722 57.7095 0.456561 16.9245 0.675718 0.0512552 3.39737 0.00198156 7.39773 0.000978154 13.3714 0.0129408
601.00 1162.42 1.098086 2.833464 -14374.296779 0.422537 1.666097 3.746 57.8969 0.446544 16.7986 0.677266 0.0518184 3.3733 0.00199143 7.37697 0.000982011 13.3649 0.0106814
501.00 1161.53 1.076572 2.777340 -14099.168312 0.414735 1.632892 3.770 58.0863 0.436951 16.6679 0.6785 0.0523304 3.35048 0.00200442 7.35788 0.000987442 13.3578 0.00888646
401.00 1160.70 1.056223 2.724322 -13838.774498 0.407364 1.601474 3.794 58.2774 0.427788 16.5325 0.679455 0.0527894 3.32891 0.00202046 7.34048 0.000994408 13.3501 0.00745267
301.00 1159.91 1.037150 2.674679 -13594.594100 0.400469 1.572009 3.816 58.4701 0.419052 16.3928 0.680168 0.0531948 3.30858 0.00203948 7.32477 0.00100287 13.342 0.00630045
201.00 1159.16 1.019405 2.628540 -13367.377586 0.394071 1.544576 3.839 58.664 0.41073 16.2489 0.680668 0.0535469 3.28946 0.00206144 7.31076 0.0010128 13.3335 0.00536841
101.00 1158.45 1.002996 2.585915 -13157.274031 0.388175 1.519188 3.861 58.8591 0.402805 16.1009 0.680982 0.0538471 3.27152 0.0020863 7.29845 0.00102418 13.3246 0.00460928
1.00 1157.78 0.987897 2.546725 -12963.963291 0.382773 1.495799 3.882 59.0553 0.395255 15.9492 0.681137 0.0540968 3.25474 0.00211401 7.28782 0.00103697 13.3153 0.00398656

feldspar_0 thermodynamic data and composition:
Pressure Temperature mass S H V Cp formula SiO2 TiO2 Al2O3 Fe2O3 Cr2O3 FeO MnO MgO NiO CaO Na2O
5601.00 1216.57 1.859899 4.640537 -25177.733426 0.703685 2.300652 K0.00Na0.44Ca0.56Al1.56Si2.44O8 54.1324 0 29.2811 0 0 0 0 0 0 11.5262 5.0603
5501.00 1215.90 1.822068 4.542371 -24677.869728 0.688962 2.253452 K0.00Na0.43Ca0.57Al1.57Si2.43O8 53.8795 0 29.4515 0 0 0 0 0 0 11.7257 4.94332
5401.00 1215.20 1.780567 4.435096 -24127.910997 0.672860 2.201717 K-0.0Na0.42Ca0.58Al1.58Si2.42O8 53.6224 0 29.6247 0 0 0 0 0 0 11.9286 4.82438
5301.00 1214.46 1.735925 4.320062 -23534.942397 0.655582 2.146106 K-0.0Na0.41Ca0.59Al1.59Si2.41O8 53.3613 0 29.8005 0 0 0 0 0 0 12.1346 4.70359
5201.00 1213.69 1.688660 4.198591 -22905.906312 0.637326 2.087263 K0.00Na0.40Ca0.60Al1.60Si2.40O8 53.0965 0 29.9789 0 0 0 0 0 0 12.3435 4.58112
5101.00 1212.89 1.639262 4.071931 -22247.386036 0.618282 2.025797 K0.00Na0.39Ca0.61Al1.61Si2.39O8 52.8285 0 30.1594 0 0 0 0 0 0 12.555 4.45713
5001.00 1212.05 1.588054 3.940906 -21563.688747 0.598573 1.962107 K0.00Na0.38Ca0.62Al1.62Si2.38O8 52.5575 0 30.3419 0 0 0 0 0 0 12.7688 4.33177
4901.00 1211.18 1.532038 3.798090 -20814.102424 0.577067 1.892495 K0.00Na0.37Ca0.63Al1.63Si2.37O8 52.2804 0 30.5286 0 0 0 0 0 0 12.9875 4.20357
4801.00 1210.30 1.471558 3.644376 -20003.150207 0.553899 1.817386 K0.00Na0.36Ca0.64Al1.64Si2.36O8 51.997 0 30.7194 0 0 0 0 0 0 13.2111 4.07248
4701.00 1209.38 1.406955 3.480658 -19135.370683 0.529201 1.737208 K0.00Na0.35Ca0.65Al1.65Si2.35O8 51.7073 0 30.9146 0 0 0 0 0 0 13.4396 3.93847
4601.00 1208.45 1.338574 3.307833 -18215.337472 0.503107 1.652392 K0.00Na0.33Ca0.67Al1.67Si2.33O8 51.4112 0 31.114 0 0 0 0 0 0 13.6733 3.80151
4501.00 1207.49 1.266761 3.126808 -17247.682147 0.475753 1.563370 K0.00Na0.32Ca0.68Al1.68Si2.32O8 51.1088 0 31.3177 0 0 0 0 0 0 13.9119 3.6616
4401.00 1206.51 1.191871 2.938499 -16237.120324 0.447277 1.470585 K0.00Na0.31Ca0.69Al1.69Si2.31O8 50.8001 0 31.5257 0 0 0 0 0 0 14.1555 3.51878
4301.00 1205.51 1.114265 2.743842 -15188.480328 0.417817 1.374486 K-0.0Na0.30Ca0.70Al1.70Si2.30O8 50.4851 0 31.7378 0 0 0 0 0 0 14.404 3.37307
4201.00 1204.50 1.034313 2.543792 -14106.733141 0.387518 1.275535 K0.00Na0.28Ca0.72Al1.72Si2.28O8 50.1641 0 31.954 0 0 0 0 0 0 14.6573 3.22458
4101.00 1203.47 0.952397 2.339332 -12997.021561 0.356526 1.174207 K0.00Na0.27Ca0.73Al1.73Si2.27O8 49.8374 0 32.1741 0 0 0 0 0 0 14.9151 3.07343
4001.00 1202.42 0.868915 2.131474 -11864.685155 0.324995 1.070996 K0.00Na0.26Ca0.74Al1.74Si2.26O8 49.5052 0 32.3978 0 0 0 0 0 0 15.1772 2.91979
3901.00 1201.37 0.784276 1.921262 -10715.276068 0.293080 0.966410 K0.00Na0.24Ca0.76Al1.76Si2.24O8 49.1683 0 32.6248 0 0 0 0 0 0 15.443 2.7639
3801.00 1200.30 0.698907 1.709770 -9554.559060 0.260945 0.860977 K0.00Na0.23Ca0.77Al1.77Si2.23O8 48.8271 0 32.8546 0 0 0 0 0 0 15.7123 2.60606
3701.00 1199.22 0.613244 1.498096 -8388.487010 0.228754 0.755239 K-0.0Na0.22Ca0.78Al1.78Si2.22O8 48.4825 0 33.0867 0 0 0 0 0 0 15.9842 2.44664
3601.00 1198.13 0.527735 1.287355 -7223.141734 0.196677 0.649747 K0.00Na0.20Ca0.80Al1.80Si2.20O8 48.1354 0 33.3205 0 0 0 0 0 0 16.258 2.28611
3501.00 1197.03 0.442826 1.078650 -6064.628833 0.164881 0.545052 K0.00Na0.19Ca0.81Al1.81Si2.19O8 47.7872 0 33.555 0 0 0 0 0 0 16.5328 2.125
3401.00 1195.93 0.358953 0.873053 -4918.916062 0.133528 0.441690 K0.00Na0.17Ca0.83Al1.83Si2.17O8 47.439 0 33.7896 0 0 0 0 0 0 16.8075 1.96394
3301.00 1194.82 0.276522 0.671555 -3791.607266 0.102770 0.340162 K0.00Na0.16Ca0.84Al1.84Si2.16O8 47.0925 0 34.023 0 0 0 0 0 0 17.0809 1.80364
3201.00 1193.71 0.195893 0.475022 -2687.649200 0.072737 0.240908 K0.00Na0.15Ca0.85Al1.85Si2.15O8 46.7494 0 34.2541 0 0 0 0 0 0 17.3517 1.6449
3101.00 1192.58 0.117348 0.284125 -1610.976232 0.043533 0.144273 K0.00Na0.13Ca0.87Al1.87Si2.13O8 46.4114 0 34.4817 0 0 0 0 0 0 17.6183 1.48857
3001.00 1191.44 0.041067 0.099280 -564.106883 0.015221 0.050475 K-0.0Na0.12Ca0.88Al1.88Si2.12O8 46.0807 0 34.7045 0 0 0 0 0 0 17.8793 1.33558

spinel_0 thermodynamic data and composition:
Pressure Temperature mass S H V Cp formula SiO2 TiO2 Al2O3 Fe2O3 Cr2O3 FeO MnO MgO NiO CaO Na2O
5601.00 1216.57 3.110711 7.278886 -37205.126683 0.820944 3.786983 Fe''0.16Mg0.86Fe'''0.05Al1.55Cr0.38Ti0.01O4 0 0.562484 49.8448 2.51683 18.2361 7.05651 0 21.7832 0 0 0
5501.00 1215.90 3.096510 7.243163 -37022.338079 0.817029 3.768585 Fe''0.16Mg0.86Fe'''0.05Al1.55Cr0.38Ti0.01O4 0 0.563659 49.7605 2.53197 18.3144 7.05053 0 21.779 0 0 0
5401.00 1215.20 3.081369 7.205086 -36826.803900 0.812853 3.748961 Fe''0.16Mg0.86Fe'''0.05Al1.54Cr0.38Ti0.01O4 0 0.56462 49.6703 2.54761 18.3989 7.04462 0 21.7739 0 0 0
5301.00 1214.46 3.065182 7.164400 -36617.044509 0.808383 3.727974 Fe''0.16Mg0.86Fe'''0.05Al1.54Cr0.39Ti0.01O4 0 0.565394 49.5735 2.56384 18.4904 7.03885 0 21.768 0 0 0
5201.00 1213.69 3.047843 7.120855 -36391.563787 0.803592 3.705487 Fe''0.16Mg0.86Fe'''0.05Al1.54Cr0.39Ti0.01O4 0 0.56601 49.469 2.58074 18.5898 7.03329 0 21.7611 0 0 0
5101.00 1212.89 3.029250 7.074201 -36148.902353 0.798449 3.681365 Fe''0.16Mg0.86Fe'''0.05Al1.54Cr0.39Ti0.01O4 0 0.566496 49.356 2.59841 18.698 7.02802 0 21.7531 0 0 0
5001.00 1212.05 3.009353 7.024325 -35888.344417 0.792941 3.655543 Fe''0.16Mg0.86Fe'''0.05Al1.53Cr0.39Ti0.01O4 0 0.566872 49.2338 2.61689 18.8156 7.0231 0 21.7437 0 0 0
4901.00 1211.18 2.989351 6.974151 -35626.554109 0.787405 3.629587 Fe''0.16Mg0.86Fe'''0.05Al1.53Cr0.40Ti0.01O4 0 0.566909 49.1103 2.63534 18.9352 7.01799 0 21.7342 0 0 0
4801.00 1210.30 2.969250 6.923695 -35363.569019 0.781841 3.603504 Fe''0.16Mg0.86Fe'''0.05Al1.53Cr0.40Ti0.01O4 0 0.566613 48.9855 2.65374 19.057 7.01269 0 21.7245 0 0 0
4701.00 1209.38 2.949054 6.872974 -35099.454383 0.776251 3.577300 Fe''0.16Mg0.86Fe'''0.05Al1.52Cr0.40Ti0.01O4 0 0.56599 48.8592 2.67209 19.181 7.00722 0 21.7145 0 0 0
4601.00 1208.45 2.928772 6.822010 -34834.298587 0.770638 3.550986 Fe''0.15Mg0.86Fe'''0.05Al1.52Cr0.40Ti0.01O4 0 0.565045 48.7315 2.69037 19.3072 7.0016 0 21.7043 0 0 0
4501.00 1207.49 2.908412 6.770830 -34568.206365 0.765004 3.524573 Fe''0.15Mg0.86Fe'''0.05Al1.52Cr0.41Ti0.01O4 0 0.563786 48.6024 2.70857 19.4356 6.99582 0 21.6939 0 0 0
4401.00 1206.51 2.887985 6.719460 -34301.289059 0.759350 3.498074 Fe''0.15Mg0.86Fe'''0.05Al1.51Cr0.41Ti0.01O4 0 0.56222 48.4718 2.72667 19.5663 6.98992 0 21.6832 0 0 0
4301.00 1205.51 2.867498 6.667925 -34033.651273 0.753681 3.471500 Fe''0.15Mg0.86Fe'''0.05Al1.51Cr0.41Ti0.01O4 0 0.560357 48.3396 2.74467 19.6992 6.9839 0 21.6722 0 0 0
4201.00 1204.50 2.846960 6.616248 -33765.373187 0.747998 3.444861 Fe''0.15Mg0.86Fe'''0.06Al1.51Cr0.42Ti0.01O4 0 0.558208 48.206 2.76255 19.8344 6.97778 0 21.6611 0 0 0
4101.00 1203.47 2.826373 6.564442 -33496.487780 0.742301 3.418161 Fe''0.15Mg0.86Fe'''0.06Al1.50Cr0.42Ti0.01O4 0 0.555787 48.0708 2.7803 19.9719 6.97158 0 21.6496 0 0 0
4001.00 1202.42 2.805737 6.512507 -33226.952319 0.736590 3.391399 Fe''0.15Mg0.86Fe'''0.06Al1.50Cr0.42Ti0.01O4 0 0.553109 47.9339 2.79791 20.1119 6.96533 0 21.6378 0 0 0
3901.00 1201.37 2.785043 6.460425 -32956.613774 0.730863 3.364563 Fe''0.15Mg0.86Fe'''0.06Al1.50Cr0.43Ti0.01O4 0 0.550191 47.7951 2.8154 20.2545 6.95904 0 21.6258 0 0 0
3801.00 1200.30 2.764269 6.408152 -32685.168143 0.725114 3.337625 Fe''0.15Mg0.86Fe'''0.06Al1.49Cr0.43Ti0.01O4 0 0.547053 47.6542 2.83278 20.3998 6.95277 0 21.6134 0 0 0
3701.00 1199.22 2.743383 6.355608 -32412.114555 0.719333 3.310542 Fe''0.15Mg0.86Fe'''0.06Al1.49Cr0.43Ti0.01O4 0 0.543719 47.5108 2.85007 20.5484 6.94655 0 21.6005 0 0 0
3601.00 1198.13 2.722331 6.302671 -32136.705853 0.713505 3.283245 Fe''0.15Mg0.86Fe'''0.06Al1.49Cr0.44Ti0.01O4 0 0.540213 47.3642 2.86733 20.7005 6.94044 0 21.5872 0 0 0
3501.00 1197.03 2.701042 6.249168 -31857.898721 0.707611 3.255639 Fe''0.15Mg0.86Fe'''0.06Al1.48Cr0.44Ti0.01O4 0 0.536565 47.2139 2.88463 20.8571 6.93452 0 21.5733 0 0 0
3401.00 1195.93 2.679417 6.194864 -31574.307678 0.701621 3.227597 Fe''0.15Mg0.86Fe'''0.06Al1.48Cr0.44Ti0.01O4 0 0.532803 47.0587 2.90208 21.0189 6.92887 0 21.5587 0 0 0
3301.00 1194.82 2.657331 6.139461 -31284.168538 0.695502 3.198954 Fe''0.15Mg0.86Fe'''0.06Al1.47Cr0.45Ti0.01O4 0 0.528958 46.8975 2.91979 21.1871 6.92359 0 21.5431 0 0 0
3201.00 1193.71 2.634631 6.082587 -30985.317660 0.689210 3.169512 Fe''0.15Mg0.86Fe'''0.06Al1.47Cr0.45Ti0.01O4 0 0.525057 46.7286 2.93794 21.3633 6.9188 0 21.5264 0 0 0
3101.00 1192.58 2.611135 6.023800 -30675.193253 0.682693 3.139031 Fe''0.15Mg0.86Fe'''0.06Al1.46Cr0.45Ti0.01O4 0 0.521126 46.5501 2.95672 21.5492 6.91466 0 21.5082 0 0 0
3001.00 1191.44 2.586633 5.962594 -30350.863934 0.675894 3.107239 Fe''0.15Mg0.86Fe'''0.06Al1.46Cr0.46Ti0.01O4 0 0.517181 46.3598 2.97634 21.747 6.91132 0 21.4883 0 0 0
2901.00 1190.38 2.555274 5.885028 -29928.175252 0.667156 3.066464 Fe''0.15Mg0.86Fe'''0.06Al1.45Cr0.47Ti0.01O4 0 0.516198 46.0972 3.00544 22.0083 6.91469 0 21.4582 0 0 0
2801.00 1189.39 2.515008 5.786160 -29377.924343 0.655902 3.014020 Fe''0.16Mg0.86Fe'''0.06Al1.44Cr0.47Ti0.01O4 0 0.518921 45.7369 3.04733 22.3556 6.92695 0 21.4143 0 0 0
2701.00 1188.35 2.471975 5.680553 -28788.942175 0.643869 2.957964 Fe''0.16Mg0.85Fe'''0.06Al1.43Cr0.48Ti0.01O4 0 0.521665 45.3395 3.09273 22.7393 6.94177 0 21.365 0 0 0
2601.00 1187.27 2.426065 5.567938 -28159.612238 0.631027 2.898151 Fe''0.16Mg0.85Fe'''0.06Al1.42Cr0.49Ti0.01O4 0 0.524436 44.9007 3.14209 23.1638 6.95955 0 21.3094 0 0 0
2501.00 1186.13 2.377212 5.448160 -27488.965971 0.617357 2.834494 Fe''0.16Mg0.85Fe'''0.06Al1.41Cr0.50Ti0.01O4 0 0.527245 44.4158 3.19585 23.6336 6.98073 0 21.2468 0 0 0
2401.00 1184.94 2.325419 5.321229 -26776.958096 0.602859 2.766995 Fe''0.16Mg0.85Fe'''0.07Al1.40Cr0.52Ti0.01O4 0 0.530101 43.88 3.25449 24.1532 7.00579 0 21.1764 0 0 0
2301.00 1183.70 2.270779 5.187367 -26024.753795 0.587558 2.695769 Fe''0.16Mg0.85Fe'''0.07Al1.38Cr0.53Ti0.01O4 0 0.533021 43.2887 3.31851 24.7272 7.03525 0 21.0974 0 0 0
2201.00 1182.41 2.213486 5.047056 -25234.982635 0.571509 2.621071 Fe''0.16Mg0.85Fe'''0.07Al1.36Cr0.54Ti0.01O4 0 0.53602 42.6376 3.38836 25.3594 7.06965 0 21.009 0 0 0
2101.00 1181.09 2.153856 4.901058 -24411.900099 0.554799 2.543304 Fe''0.16Mg0.85Fe'''0.07Al1.35Cr0.56Ti0.01O4 0 0.539112 41.9233 3.46443 26.0531 7.10953 0 20.9106 0 0 0
2001.00 1179.73 2.092319 4.750422 -23561.397709 0.537548 2.463028 Fe''0.16Mg0.85Fe'''0.07Al1.33Cr0.58Ti0.01O4 0 0.542313 41.1434 3.54705 26.8103 7.15542 0 20.8015 0 0 0
1901.00 1178.34 2.029410 4.596447 -22690.824385 0.519905 2.380934 Fe''0.17Mg0.85Fe'''0.08Al1.30Cr0.60Ti0.01O4 0 0.545629 40.2971 3.6364 27.6319 7.20779 0 20.6813 0 0 0
1801.00 1176.94 1.965742 4.440616 -21808.623070 0.502043 2.297817 Fe''0.17Mg0.84Fe'''0.08Al1.28Cr0.62Ti0.01O4 0 0.54906 39.3848 3.73254 28.5167 7.26701 0 20.5498 0 0 0
1701.00 1175.54 1.901968 4.284512 -20923.833745 0.484143 2.214525 Fe''0.17Mg0.84Fe'''0.08Al1.25Cr0.64Ti0.01O4 0 0.552596 38.4092 3.83533 29.4623 7.33338 0 20.4072 0 0 0
1601.00 1174.15 1.838743 4.129721 -20045.546644 0.466390 2.131907 Fe''0.17Mg0.84Fe'''0.08Al1.22Cr0.67Ti0.01O4 0 0.556212 37.3743 3.9445 30.4643 7.40708 0 20.2536 0 0 0
1501.00 1172.77 1.776687 3.977740 -19182.393955 0.448956 2.050768 Fe''0.17Mg0.84Fe'''0.09Al1.19Cr0.70Ti0.01O4 0 0.559873 36.2858 4.05958 31.5169 7.48814 0 20.0898 0 0 0
1401.00 1171.43 1.716356 3.829912 -18342.145607 0.431998 1.971831 Fe''0.18Mg0.83Fe'''0.09Al1.16Cr0.72Ti0.01O4 0 0.563531 35.1508 4.17996 32.613 7.57649 0 19.9163 0 0 0
1301.00 1170.13 1.658223 3.687379 -17531.438566 0.415649 1.895711 Fe''0.18Mg0.83Fe'''0.09Al1.13Cr0.75Ti0.01O4 0 0.567126 33.9776 4.3049 33.7443 7.67188 0 19.7342 0 0 0
1201.00 1168.87 1.602666 3.551058 -16755.635932 0.400015 1.822902 Fe''0.18Mg0.83Fe'''0.09Al1.10Cr0.78Ti0.01O4 0 0.570595 32.7753 4.43354 34.902 7.77397 0 19.5446 0 0 0
1101.00 1167.66 1.549971 3.421635 -16018.791938 0.385177 1.753777 Fe''0.19Mg0.82Fe'''0.10Al1.06Cr0.81Ti0.01O4 0 0.57387 31.5536 4.5649 36.0765 7.88225 0 19.3489 0 0 0
1001.00 1166.50 1.500330 3.299579 -15323.693066 0.371189 1.688590 Fe''0.19Mg0.82Fe'''0.10Al1.03Cr0.85Ti0.01O4 0 0.576883 30.3225 4.69799 37.2582 7.99611 0 19.1483 0 0 0
901.00 1165.40 1.453851 3.185152 -14671.949293 0.358082 1.627483 Fe''0.20Mg0.82Fe'''0.11Al0.99Cr0.88Ti0.01O4 0 0.579573 29.0919 4.83179 38.4375 8.11483 0 18.9445 0 0 0
801.00 1164.35 1.410565 3.078438 -14064.116942 0.345866 1.570503 Fe''0.20Mg0.81Fe'''0.11Al0.96Cr0.91Ti0.01O4 0 0.581885 27.8711 4.96528 39.6054 8.23762 0 18.7387 0 0 0
701.00 1163.36 1.370439 2.979360 -13499.841293 0.334532 1.517611 Fe''0.20Mg0.81Fe'''0.11Al0.92Cr0.94Ti0.01O4 0 0.583777 26.6688 5.09751 40.7537 8.36363 0 18.5326 0 0 0
601.00 1162.42 1.333386 2.887715 -12978.010882 0.324057 1.468699 Fe''0.21Mg0.80Fe'''0.12Al0.88Cr0.97Ti0.01O4 0 0.585214 25.4926 5.22763 41.8752 8.49198 0 18.3273 0 0 0
501.00 1161.53 1.299275 2.803196 -12496.916543 0.314404 1.423602 Fe''0.21Mg0.80Fe'''0.12Al0.85Cr1.01Ti0.01O4 0 0.586177 24.3489 5.3549 42.964 8.62183 0 18.1242 0 0 0
401.00 1160.70 1.267947 2.725422 -12054.408030 0.305531 1.382117 Fe''0.22Mg0.80Fe'''0.12Al0.82Cr1.04Ti0.01O4 0 0.586655 23.2426 5.4787 44.0154 8.75236 0 17.9242 0 0 0
301.00 1159.91 1.239220 2.653960 -11648.040910 0.297386 1.344013 Fe''0.22Mg0.79Fe'''0.13Al0.78Cr1.07Ti0.01O4 0 0.586649 22.1776 5.59856 45.0261 8.88285 0 17.7283 0 0 0
201.00 1159.16 1.212902 2.588354 -11275.207258 0.289916 1.309043 Fe''0.23Mg0.79Fe'''0.13Al0.75Cr1.09Ti0.01O4 0 0.586165 21.1562 5.71414 45.9938 9.01262 0 17.5371 0 0 0
101.00 1158.45 1.188797 2.528135 -10933.245576 0.283068 1.276957 Fe''0.23Mg0.78Fe'''0.13Al0.72Cr1.12Ti0.01O4 0 0.585218 20.1798 5.82522 46.9176 9.14111 0 17.3511 0 0 0
1.00 1157.78 1.166714 2.472842 -10619.527821 0.276787 1.247509 Fe''0.24Mg0.78Fe'''0.14Al0.69Cr1.15Ti0.01O4 0 0.583824 19.2488 5.93166 47.7972 9.26784 0 17.1707 0 0 0

orthopyroxene_0 thermodynamic data and composition:
Pressure Temperature mass S H V Cp structure formula SiO2 TiO2 Al2O3 Fe2O3 Cr2O3 FeO MnO MgO NiO CaO Na2O
5601.00 1216.57 22.263830 54.837390 -290773.492135 6.984390 28.717571 opx Na0.00Ca0.06Fe''0.18Mg1.67Fe'''0.01Ti0.01Al0.14Si1.92O6 55.5235 0.199974 3.54126 0.25185 0 6.27395 0 32.4437 0 1.70537 0.0603503
5501.00 1215.90 22.188365 54.640782 -289863.881974 6.961156 28.619700 opx Na0.00Ca0.06Fe''0.18Mg1.67Fe'''0.01Ti0.01Al0.14Si1.92O6 55.528 0.198694 3.52988 0.252327 0 6.27656 0 32.4477 0 1.70863 0.0582495
5401.00 1215.20 22.101062 54.414444 -288800.356693 6.934207 28.506512 opx Na0.00Ca0.06Fe''0.18Mg1.67Fe'''0.01Ti0.01Al0.14Si1.92O6 55.5329 0.197312 3.51797 0.25279 0 6.27906 0 32.452 0 1.71183 0.0561887
5301.00 1214.46 22.001152 54.156507 -287572.682904 6.903301 28.377016 opx Na0.00Ca0.06Fe''0.18Mg1.67Fe'''0.01Ti0.01Al0.14Si1.92O6 55.5383 0.195831 3.50549 0.253242 0 6.28144 0 32.4565 0 1.71499 0.0541683
5201.00 1213.69 21.887893 53.865181 -286171.000318 6.868205 28.230256 opx Na0.00Ca0.06Fe''0.18Mg1.67Fe'''0.01Ti0.01Al0.14Si1.92O6 55.5443 0.194256 3.4924 0.253683 0 6.28369 0 32.4614 0 1.7181 0.0521886
5101.00 1212.89 21.760577 53.538755 -284585.854605 6.828697 28.065322 opx Na0.00Ca0.06Fe''0.18Mg1.67Fe'''0.01Ti0.01Al0.14Si1.92O6 55.5508 0.19259 3.47864 0.254113 0 6.28584 0 32.4666 0 1.72118 0.0502501
5001.00 1212.05 21.618809 53.176302 -282811.870712 6.784651 27.881706 opx Na0.00Ca0.06Fe''0.18Mg1.68Fe'''0.01Ti0.00Al0.14Si1.92O6 55.558 0.190837 3.46418 0.254533 0 6.28786 0 32.4721 0 1.72424 0.0483529
4901.00 1211.18 21.469088 52.793978 -280933.792766 6.738105 27.687804 opx Na0.00Ca0.06Fe''0.18Mg1.68Fe'''0.01Ti0.00Al0.14Si1.92O6 55.5654 0.188986 3.44948 0.254912 0 6.28981 0 32.4777 0 1.72724 0.0464827
4801.00 1210.30 21.311248 52.391425 -278949.328154 6.689005 27.483409 opx Na0.00Ca0.06Fe''0.18Mg1.68Fe'''0.01Ti0.00Al0.14Si1.92O6 55.5731 0.18704 3.43454 0.255251 0 6.29168 0 32.4835 0 1.73019 0.0446384
4701.00 1209.38 21.145170 51.968389 -276856.732655 6.637314 27.268367 opx Na0.00Ca0.06Fe''0.18Mg1.68Fe'''0.01Ti0.00Al0.14Si1.92O6 55.5811 0.185004 3.41936 0.255548 0 6.29348 0 32.4895 0 1.7331 0.0428189
4601.00 1208.45 20.970774 51.524725 -274654.826730 6.583006 27.042580 opx Na0.00Ca0.06Fe''0.18Mg1.68Fe'''0.01Ti0.00Al0.14Si1.92O6 55.5895 0.182882 3.40396 0.255802 0 6.29522 0 32.4957 0 1.73597 0.041023
4501.00 1207.49 20.788028 51.060401 -272343.007995 6.526070 26.806009 opx Na0.00Ca0.06Fe''0.18Mg1.68Fe'''0.01Ti0.00Al0.14Si1.92O6 55.5981 0.180678 3.38833 0.256013 0 6.29688 0 32.502 0 1.7388 0.0392493
4401.00 1206.51 20.596942 50.575496 -269921.257335 6.466510 26.558672 opx Na0.00Ca0.06Fe''0.18Mg1.68Fe'''0.01Ti0.00Al0.14Si1.92O6 55.6069 0.178397 3.37249 0.256179 0 6.29849 0 32.5084 0 1.7416 0.0374964
4301.00 1205.51 20.397573 50.070197 -267390.135172 6.404343 26.300644 opx Na0.00Ca0.06Fe''0.18Mg1.68Fe'''0.01Ti0.00Al0.14Si1.92O6 55.616 0.176043 3.35643 0.2563 0 6.30005 0 32.515 0 1.74438 0.0357631
4201.00 1204.50 20.190019 49.544802 -264750.763199 6.339599 26.032057 opx Na0.00Ca0.06Fe''0.18Mg1.68Fe'''0.01Ti0.00Al0.14Si1.93O6 55.6254 0.173623 3.34017 0.256374 0 6.30155 0 32.5217 0 1.74715 0.0340478
4101.00 1203.47 19.974419 48.999702 -262004.785228 6.272320 25.753093 opx Na0.00Ca0.06Fe''0.18Mg1.68Fe'''0.01Ti0.00Al0.14Si1.93O6 55.635 0.17114 3.32371 0.256402 0 6.30301 0 32.5285 0 1.74989 0.0323491
4001.00 1202.42 19.750945 48.435377 -259154.299197 6.202562 25.463978 opx Na0.00Ca0.06Fe''0.18Mg1.68Fe'''0.01Ti0.00Al0.13Si1.93O6 55.6448 0.168602 3.30706 0.256383 0 6.30444 0 32.5354 0 1.75264 0.0306656
3901.00 1201.37 19.519798 47.852368 -256201.750587 6.130386 25.164974 opx Na0.00Ca0.07Fe''0.18Mg1.68Fe'''0.01Ti0.00Al0.13Si1.93O6 55.6548 0.166013 3.29021 0.256318 0 6.30583 0 32.5424 0 1.75538 0.028996
3801.00 1200.30 19.281191 47.251251 -253149.775665 6.055858 24.856360 opx Na0.00Ca0.07Fe''0.18Mg1.68Fe'''0.01Ti0.00Al0.13Si1.93O6 55.6651 0.163379 3.27316 0.256206 0 6.30719 0 32.5495 0 1.75813 0.027339
3701.00 1199.22 19.035335 46.632591 -250000.982311 5.979046 24.538410 opx Na0.00Ca0.07Fe''0.18Mg1.68Fe'''0.01Ti0.00Al0.13Si1.93O6 55.6755 0.160705 3.25591 0.256048 0 6.30854 0 32.5567 0 1.76089 0.0256936
3601.00 1198.13 18.782416 45.996888 -246757.656066 5.900006 24.211369 opx Na0.00Ca0.07Fe''0.18Mg1.68Fe'''0.01Ti0.00Al0.13Si1.93O6 55.6862 0.157998 3.23841 0.255847 0 6.30987 0 32.564 0 1.76369 0.0240592
3501.00 1197.03 18.522567 45.344505 -243421.381589 5.818781 23.875408 opx Na0.00Ca0.07Fe''0.18Mg1.68Fe'''0.01Ti0.00Al0.13Si1.93O6 55.697 0.155261 3.22066 0.255603 0 6.31119 0 32.5713 0 1.76652 0.0224356
3401.00 1195.93 18.255829 44.675578 -239992.574388 5.735383 23.530584 opx Na0.00Ca0.07Fe''0.18Mg1.68Fe'''0.01Ti0.00Al0.13Si1.93O6 55.7081 0.152497 3.20259 0.255318 0 6.31251 0 32.5788 0 1.76939 0.020823
3301.00 1194.82 17.982114 43.989912 -236469.925943 5.649784 23.176782 opx Na0.00Ca0.07Fe''0.18Mg1.68Fe'''0.01Ti0.00Al0.13Si1.93O6 55.7195 0.14971 3.18414 0.254996 0 6.31383 0 32.5863 0 1.77233 0.0192227
3201.00 1193.71 17.701151 43.286862 -232849.776486 5.561899 22.813655 opx Na0.00Ca0.07Fe''0.18Mg1.68Fe'''0.01Ti0.00Al0.13Si1.93O6 55.7312 0.146898 3.16524 0.254638 0 6.31516 0 32.5939 0 1.77533 0.0176367
3101.00 1192.58 17.412441 42.565210 -229125.442849 5.471571 22.440558 opx Na0.00Ca0.07Fe''0.18Mg1.68Fe'''0.01Ti0.00Al0.13Si1.93O6 55.7432 0.144059 3.14577 0.254247 0 6.3165 0 32.6017 0 1.77842 0.016068
3001.00 1191.44 17.115200 41.823038 -225286.542399 5.378554 22.056480 opx Na0.00Ca0.07Fe''0.18Mg1.68Fe'''0.01Ti0.00Al0.13Si1.93O6 55.7558 0.141189 3.12561 0.253825 0 6.31784 0 32.6096 0 1.78161 0.0145212
2901.00 1190.38 16.825720 41.101327 -221543.527661 5.287984 21.682472 opx Na0.00Ca0.07Fe''0.18Mg1.68Fe'''0.01Ti0.00Al0.13Si1.93O6 55.7694 0.138677 3.10231 0.253723 0 6.31957 0 32.6177 0 1.78561 0.0129821
2801.00 1189.39 16.543341 40.398406 -217887.426477 5.199658 21.317671 opx Na0.00Ca0.07Fe''0.18Mg1.68Fe'''0.01Ti0.00Al0.13Si1.93O6 55.7849 0.136548 3.07463 0.254021 0 6.32174 0 32.6261 0 1.79065 0.011476
2701.00 1188.35 16.241159 39.646867 -213969.120538 5.105106 20.927314 opx Na0.00Ca0.07Fe''0.18Mg1.68Fe'''0.01Ti0.00Al0.12Si1.93O6 55.8019 0.134241 3.04476 0.254268 0 6.32388 0 32.635 0 1.79591 0.0100542
2601.00 1187.27 15.918174 38.844326 -209775.156684 5.004011 20.510117 opx Na0.00Ca0.07Fe''0.18Mg1.68Fe'''0.01Ti0.00Al0.12Si1.93O6 55.8206 0.13174 3.01248 0.254455 0 6.326 0 32.6446 0 1.80144 0.00872402
2501.00 1186.13 15.573671 37.989122 -205295.805745 4.896150 20.065166 opx Na0.00Ca0.07Fe''0.18Mg1.68Fe'''0.01Ti0.00Al0.12Si1.93O6 55.8411 0.129033 2.97757 0.25457 0 6.32814 0 32.6548 0 1.80727 0.00749265
2401.00 1184.94 15.207363 37.080650 -200526.890715 4.781428 19.592094 opx Na0.00Ca0.07Fe''0.18Mg1.69Fe'''0.01Ti0.00Al0.12Si1.93O6 55.8636 0.126111 2.93982 0.2546 0 6.3303 0 32.6657 0 1.81347 0.00636625
2301.00 1183.70 14.819532 36.119735 -195471.758736 4.659935 19.091278 opx Na0.00Ca0.07Fe''0.18Mg1.69Fe'''0.01Ti0.00Al0.12Si1.93O6 55.8882 0.122969 2.89903 0.25453 0 6.33252 0 32.6773 0 1.82008 0.00534954
2201.00 1182.41 14.411175 35.108958 -190143.116751 4.531981 18.564012 opx Na0.00Ca0.07Fe''0.18Mg1.69Fe'''0.01Ti0.00Al0.12Si1.94O6 55.915 0.119605 2.85507 0.254344 0 6.33483 0 32.6895 0 1.82717 0.0044452
2101.00 1181.09 13.984097 34.052896 -184564.344485 4.398132 18.012637 opx Na0.00Ca0.07Fe''0.18Mg1.69Fe'''0.01Ti0.00Al0.11Si1.94O6 55.944 0.116026 2.80783 0.254026 0 6.33728 0 32.7024 0 1.8348 0.00365334
2001.00 1179.73 13.540940 32.958176 -178769.877056 4.259216 17.440570 opx Na0.00Ca0.07Fe''0.18Mg1.69Fe'''0.01Ti0.00Al0.11Si1.94O6 55.9752 0.112245 2.7573 0.253558 0 6.33989 0 32.7158 0 1.84304 0.00297122
1901.00 1178.34 13.085115 31.833300 -172804.367695 4.116302 16.852225 opx Na0.00Ca0.07Fe''0.18Mg1.69Fe'''0.01Ti0.00Al0.11Si1.94O6 56.0085 0.108283 2.70353 0.252923 0 6.34272 0 32.7297 0 1.85194 0.00239329
1801.00 1176.94 12.620644 30.688244 -166720.597685 3.970654 16.252797 opx Na0.00Ca0.07Fe''0.18Mg1.69Fe'''0.01Ti0.00Al0.11Si1.94O6 56.0439 0.104168 2.64667 0.252107 0 6.34581 0 32.7439 0 1.86155 0.00191148
1701.00 1175.54 12.151923 29.533869 -160576.413750 3.823652 15.647965 opx Na0.00Ca0.07Fe''0.18Mg1.69Fe'''0.01Ti0.00Al0.11Si1.94O6 56.0811 0.0999317 2.58692 0.251094 0 6.34917 0 32.7584 0 1.87191 0.0015159
1601.00 1174.15 11.683460 28.381264 -154431.210992 3.676710 15.043544 opx Na0.00Ca0.07Fe''0.18Mg1.69Fe'''0.01Ti0.00Al0.10Si1.94O6 56.1199 0.0956104 2.52456 0.249873 0 6.35283 0 32.773 0 1.88306 0.0011956
1501.00 1172.77 11.219610 27.241112 -148342.542619 3.531197 14.445156 opx Na0.00Ca0.07Fe''0.18Mg1.69Fe'''0.01Ti0.00Al0.10Si1.94O6 56.1601 0.0912414 2.4599 0.248437 0 6.3568 0 32.7876 0 1.89499 0.000939409
1401.00 1171.43 10.764370 26.123175 -142363.317388 3.388369 13.857954 opx Na0.00Ca0.07Fe''0.18Mg1.69Fe'''0.01Ti0.00Al0.10Si1.95O6 56.2014 0.0868617 2.3933 0.24678 0 6.36109 0 32.8021 0 1.90771 0.000736573
1301.00 1170.13 10.321230 25.035936 -136539.822452 3.249324 13.286433 opx Na0.00Ca0.07Fe''0.18Mg1.69Fe'''0.01Ti0.00Al0.09Si1.95O6 56.2436 0.0825067 2.32511 0.244901 0 6.36569 0 32.8164 0 1.92122 0.000577289
1201.00 1168.87 9.893084 23.986399 -130910.588785 3.114971 12.734320 opx Na0.00Ca0.07Fe''0.18Mg1.69Fe'''0.01Ti0.00Al0.09Si1.95O6 56.2865 0.0782084 2.25569 0.242802 0 6.37058 0 32.8303 0 1.93547 0.000452972
1101.00 1167.66 9.482207 22.980027 -125505.970499 2.986026 12.204540 opx Na0.00Ca0.07Fe''0.18Mg1.70Fe'''0.01Ti0.00Al0.09Si1.95O6 56.3298 0.0739953 2.18538 0.240489 0 6.37574 0 32.8438 0 1.95045 0.000356346
1001.00 1166.50 9.090258 22.020768 -120348.254342 2.863012 11.699225 opx Na0.00Ca0.07Fe''0.18Mg1.70Fe'''0.01Ti0.00Al0.09Si1.95O6 56.3733 0.0698916 2.11453 0.237971 0 6.38115 0 32.8568 0 1.96609 0.000281415
901.00 1165.40 8.718321 21.111162 -115452.127890 2.746271 11.219765 opx Na0.00Ca0.07Fe''0.18Mg1.70Fe'''0.01Ti0.00Al0.08Si1.95O6 56.4167 0.0659173 2.04344 0.23526 0 6.38677 0 32.8693 0 1.98237 0.000223342
801.00 1164.35 8.366960 20.252469 -110825.377281 2.635982 10.766875 opx Na0.00Ca0.07Fe''0.19Mg1.70Fe'''0.01Ti0.00Al0.08Si1.96O6 56.46 0.0620877 1.97241 0.232369 0 6.39257 0 32.8812 0 1.99921 0.000178291
701.00 1163.36 8.036279 19.444839 -106469.728459 2.532179 10.340682 opx Na0.00Ca0.07Fe''0.19Mg1.70Fe'''0.01Ti0.00Al0.08Si1.96O6 56.5029 0.0584141 1.90172 0.229315 0 6.39854 0 32.8924 0 2.01656 0.00014326
601.00 1162.42 7.725995 18.687484 -102381.773800 2.434775 9.940815 opx Na0.00Ca0.08Fe''0.19Mg1.70Fe'''0.01Ti0.00Al0.07Si1.96O6 56.5454 0.0549039 1.8316 0.226114 0 6.40462 0 32.9029 0 2.03435 0.000115925
501.00 1161.53 7.435516 17.978861 -98553.937984 2.343583 9.566502 opx Na0.00Ca0.08Fe''0.19Mg1.70Fe'''0.01Ti0.00Al0.07Si1.96O6 56.5871 0.051561 1.76229 0.222783 0 6.4108 0 32.9128 0 2.05252 9.44963e-005
401.00 1160.70 7.164004 17.316854 -94975.438721 2.258343 9.216658 opx Na0.00Ca0.08Fe''0.19Mg1.70Fe'''0.01Ti0.00Al0.07Si1.96O6 56.6282 0.0483861 1.69399 0.219339 0 6.41705 0 32.922 0 2.07101 7.76076e-005
301.00 1159.91 6.910454 16.698938 -91633.198595 2.178740 8.889981 opx Na0.00Ca0.08Fe''0.19Mg1.70Fe'''0.01Ti0.00Al0.07Si1.96O6 56.6684 0.0453778 1.62686 0.215799 0 6.42334 0 32.9305 0 2.08974 6.42158e-005
201.00 1159.16 6.673751 16.122334 -88512.668736 2.104423 8.585031 opx Na0.00Ca0.08Fe''0.19Mg1.70Fe'''0.01Ti0.00Al0.06Si1.96O6 56.7076 0.0425325 1.56104 0.212178 0 6.42966 0 32.9382 0 2.10867 5.35269e-005
101.00 1158.45 6.452724 15.584137 -85598.535534 2.035026 8.300293 opx Na0.00Ca0.08Fe''0.19Mg1.70Fe'''0.01Ti0.00Al0.06Si1.97O6 56.7459 0.0398452 1.49667 0.208491 0 6.43597 0 32.9453 0 2.12774 4.49363e-005
1.00 1157.78 6.246189 15.081421 -82875.295379 1.970177 8.034241 opx Na0.00Ca0.08Fe''0.19Mg1.70Fe'''0.01Ti0.00Al0.06Si1.97O6 56.7831 0.03731 1.43384 0.20475 0 6.44228 0 32.9518 0 2.14689 3.79829e-005

olivine_0 thermodynamic data and composition:
Pressure Temperature mass S H V Cp formula SiO2 TiO2 Al2O3 Fe2O3 Cr2O3 FeO MnO MgO NiO CaO Na2O
5601.00 1216.57 58.795289 144.168245 -745765.320538 18.278843 74.591927 (Ca0.00Mg0.89Fe''0.10Mn0.00Co0.00Ni0.00)2SiO4 40.6772 0 0 0 0 9.97623 0.220879 48.4071 0.408078 0.310501 0
5501.00 1215.90 58.854347 144.289582 -746769.769340 18.298495 74.668316 (Ca0.00Mg0.89Fe''0.10Mn0.00Co0.00Ni0.00)2SiO4 40.6782 0 0 0 0 9.97102 0.220643 48.4106 0.40766 0.311954 0
5401.00 1215.20 58.920753 144.427202 -747873.799739 18.320438 74.753943 (Ca0.00Mg0.89Fe''0.10Mn0.00Co0.00Ni0.00)2SiO4 40.6792 0 0 0 0 9.96541 0.22038 48.4145 0.407193 0.313364 0
5301.00 1214.46 58.995206 144.582807 -749086.416411 18.344890 74.849696 (Ca0.00Mg0.89Fe''0.10Mn0.00Co0.00Ni0.00)2SiO4 40.6803 0 0 0 0 9.95941 0.220086 48.4188 0.406671 0.314732 0
5201.00 1213.69 59.078390 144.758063 -750416.448340 18.372065 74.956445 (Ca0.00Mg0.89Fe''0.10Mn0.00Co0.00Ni0.00)2SiO4 40.6815 0 0 0 0 9.95301 0.21976 48.4236 0.40609 0.316056 0
5101.00 1212.89 59.170964 144.954575 -751872.440163 18.402169 75.075028 (Ca0.00Mg0.89Fe''0.10Mn0.00Co0.00Ni0.00)2SiO4 40.6828 0 0 0 0 9.94622 0.2194 48.4288 0.405447 0.317337 0
5001.00 1212.05 59.273312 145.173278 -753459.365638 18.435322 75.205935 (Ca0.00Mg0.89Fe''0.10Mn0.00Co0.00Ni0.00)2SiO4 40.6842 0 0 0 0 9.93904 0.219005 48.4344 0.404738 0.318575 0
4901.00 1211.18 59.379606 145.400225 -755101.718146 18.469707 75.341769 (Ca0.00Mg0.89Fe''0.10Mn0.00Co0.00Ni0.00)2SiO4 40.6857 0 0 0 0 9.93157 0.218596 48.4403 0.404005 0.31978 0
4801.00 1210.30 59.490011 145.635855 -756801.542723 18.505377 75.482744 (Ca0.00Mg0.89Fe''0.10Mn0.00Co0.00Ni0.00)2SiO4 40.6872 0 0 0 0 9.92382 0.218173 48.4466 0.403246 0.320954 0
4701.00 1209.38 59.604667 145.880547 -758560.539057 18.542375 75.629039 (Ca0.00Mg0.89Fe''0.10Mn0.00Co0.00Ni0.00)2SiO4 40.6888 0 0 0 0 9.91579 0.217736 48.4531 0.402462 0.322098 0
4601.00 1208.45 59.723685 146.134615 -760380.057988 18.580737 75.780800 (Ca0.00Mg0.89Fe''0.10Mn0.00Co0.00Ni0.00)2SiO4 40.6905 0 0 0 0 9.90751 0.217285 48.4598 0.401651 0.323213 0
4501.00 1207.49 59.847153 146.398315 -762261.103232 18.620490 75.938140 (Ca0.00Mg0.89Fe''0.10Mn0.00Co0.00Ni0.00)2SiO4 40.6922 0 0 0 0 9.89897 0.216819 48.4669 0.400813 0.324301 0
4401.00 1206.51 59.975130 146.671843 -764204.340533 18.661653 76.101140 (Ca0.00Mg0.89Fe''0.10Mn0.00Co0.00Ni0.00)2SiO4 40.694 0 0 0 0 9.89021 0.216338 48.4741 0.399948 0.325363 0
4301.00 1205.51 60.107654 146.955339 -766210.117025 18.704239 76.269849 (Ca0.00Mg0.89Fe''0.10Mn0.00Co0.00Ni0.00)2SiO4 40.6958 0 0 0 0 9.88123 0.215844 48.4816 0.399057 0.326403 0
4201.00 1204.50 60.244740 147.248895 -768278.494234 18.748253 76.444291 (Ca0.00Mg0.89Fe''0.10Mn0.00Co0.00Ni0.00)2SiO4 40.6977 0 0 0 0 9.87205 0.215335 48.4894 0.39814 0.32742 0
4101.00 1203.47 60.386385 147.552563 -770409.299160 18.793694 76.624466 (Ca0.00Mg0.89Fe''0.10Mn0.00Co0.00Ni0.00)2SiO4 40.6996 0 0 0 0 9.86268 0.214812 48.4973 0.397197 0.328419 0
4001.00 1202.42 60.532575 147.866368 -772602.198476 18.840559 76.810361 (Ca0.00Mg0.89Fe''0.10Mn0.00Co0.00Ni0.00)2SiO4 40.7016 0 0 0 0 9.85315 0.214276 48.5054 0.396229 0.329401 0
3901.00 1201.37 60.683290 148.190325 -774856.801523 18.888843 77.001956 (Ca0.00Mg0.89Fe''0.10Mn0.00Co0.00Ni0.00)2SiO4 40.7036 0 0 0 0 9.84347 0.213726 48.5136 0.395236 0.330368 0
3801.00 1200.30 60.838520 148.524464 -777172.798288 18.938541 77.199239 (Ca0.00Mg0.89Fe''0.10Mn0.00Co0.00Ni0.00)2SiO4 40.7056 0 0 0 0 9.83365 0.213164 48.522 0.394219 0.331322 0
3701.00 1199.22 60.998270 148.868857 -779550.137798 18.989656 77.402223 (Ca0.00Mg0.89Fe''0.10Mn0.00Co0.00Ni0.00)2SiO4 40.7077 0 0 0 0 9.82372 0.212589 48.5306 0.393178 0.332266 0
3601.00 1198.13 61.162583 149.223656 -781989.251355 19.042203 77.610965 (Ca0.00Mg0.89Fe''0.10Mn0.00Co0.00Ni0.00)2SiO4 40.7097 0 0 0 0 9.81369 0.212001 48.5393 0.392113 0.333201 0
3501.00 1197.03 61.331557 149.589139 -784491.321972 19.096212 77.825594 (Ca0.00Mg0.89Fe''0.10Mn0.00Co0.00Ni0.00)2SiO4 40.7119 0 0 0 0 9.80356 0.211401 48.548 0.391025 0.334129 0
3401.00 1195.93 61.505371 149.965753 -787058.597360 19.151739 78.046335 (Ca0.00Mg0.89Fe''0.10Mn0.00Co0.00Ni0.00)2SiO4 40.714 0 0 0 0 9.79336 0.210788 48.5569 0.389912 0.335051 0
3301.00 1194.82 61.684304 150.354175 -789694.737847 19.208871 78.273544 (Ca0.00Mg0.89Fe''0.10Mn0.00Co0.00Ni0.00)2SiO4 40.7161 0 0 0 0 9.78308 0.210161 48.5659 0.388773 0.335967 0
3201.00 1193.71 61.868768 150.755366 -792405.183840 19.267738 78.507741 (Ca0.00Mg0.89Fe''0.10Mn0.00Co0.00Ni0.00)2SiO4 40.7183 0 0 0 0 9.77273 0.209519 48.5749 0.387606 0.336877 0
3101.00 1192.58 62.059332 151.170624 -795197.520601 19.328516 78.749643 (Ca0.00Mg0.89Fe''0.10Mn0.00Co0.00Ni0.00)2SiO4 40.7205 0 0 0 0 9.76229 0.208861 48.5841 0.386408 0.337777 0
3001.00 1191.44 62.256744 151.601637 -798081.812123 19.391438 79.000191 (Ca0.00Mg0.89Fe''0.10Mn0.00Co0.00Ni0.00)2SiO4 40.7228 0 0 0 0 9.75174 0.208184 48.5935 0.385176 0.338666 0
2901.00 1190.38 62.463686 152.059291 -801079.389193 19.457357 79.263098 (Ca0.00Mg0.89Fe''0.10Mn0.00Co0.00Ni0.00)2SiO4 40.7249 0 0 0 0 9.74202 0.207481 48.6021 0.383893 0.339672 0
2801.00 1189.39 62.683852 152.552708 -804237.501230 19.527426 79.543071 (Ca0.00Mg0.89Fe''0.10Mn0.00Co0.00Ni0.00)2SiO4 40.7268 0 0 0 0 9.73316 0.206741 48.61 0.382539 0.340802 0
2701.00 1188.35 62.919188 153.080152 -807600.916960 19.602231 79.842134 (Ca0.00Mg0.89Fe''0.10Mn0.00Co0.00Ni0.00)2SiO4 40.7288 0 0 0 0 9.72382 0.205957 48.6184 0.381102 0.341861 0
2601.00 1187.27 63.170452 153.643290 -811179.993331 19.682010 80.161237 (Ca0.00Mg0.89Fe''0.10Mn0.00Co0.00Ni0.00)2SiO4 40.731 0 0 0 0 9.71399 0.205125 48.6274 0.37958 0.342845 0
2501.00 1186.13 63.438181 154.243289 -814982.131837 19.766929 80.501049 (Ca0.00Mg0.89Fe''0.10Mn0.00Co0.00Ni0.00)2SiO4 40.7333 0 0 0 0 9.70367 0.204247 48.637 0.377972 0.343753 0
2401.00 1184.94 63.722588 154.880574 -819010.350985 19.857055 80.861831 (Ca0.00Mg0.89Fe''0.10Mn0.00Co0.00Ni0.00)2SiO4 40.7357 0 0 0 0 9.69287 0.203323 48.6472 0.376279 0.344583 0
2301.00 1183.70 64.023444 155.554578 -823261.752305 19.952317 81.243287 (Ca0.00Mg0.89Fe''0.10Mn0.00Co0.00Ni0.00)2SiO4 40.7383 0 0 0 0 9.68163 0.202354 48.6579 0.374504 0.345338 0
2201.00 1182.41 64.339976 156.263509 -827726.100273 20.052472 81.644435 (Ca0.00Mg0.89Fe''0.10Mn0.00Co0.00Ni0.00)2SiO4 40.7409 0 0 0 0 9.66999 0.201345 48.669 0.372655 0.346021 0
2101.00 1181.09 64.670790 157.004186 -832384.818105 20.157087 82.063516 (Ca0.00Mg0.90Fe''0.10Mn0.00Co0.00Ni0.00)2SiO4 40.7437 0 0 0 0 9.65802 0.200301 48.6806 0.370741 0.346642 0
2001.00 1179.73 65.013858 157.772004 -837210.715922 20.265529 82.497968 (Ca0.00Mg0.90Fe''0.10Mn0.00Co0.00Ni0.00)2SiO4 40.7465 0 0 0 0 9.6458 0.199231 48.6925 0.368778 0.347212 0
1901.00 1178.34 65.366561 158.561052 -842168.673082 20.376983 82.944494 (Ca0.00Mg0.90Fe''0.10Mn0.00Co0.00Ni0.00)2SiO4 40.7493 0 0 0 0 9.63343 0.198142 48.7046 0.366781 0.347746 0
1801.00 1176.94 65.725822 159.364399 -847217.294628 20.490489 83.399215 (Ca0.00Mg0.90Fe''0.10Mn0.00Co0.00Ni0.00)2SiO4 40.7522 0 0 0 0 9.62103 0.197045 48.7167 0.36477 0.348261 0
1701.00 1175.54 66.088276 160.174497 -852311.317718 20.604998 83.857900 (Ca0.00Mg0.90Fe''0.10Mn0.00Co0.00Ni0.00)2SiO4 40.755 0 0 0 0 9.60872 0.195951 48.7288 0.362762 0.348776 0
1601.00 1174.15 66.450481 160.983640 -857404.360594 20.719439 84.316222 (Ca0.00Mg0.90Fe''0.10Mn0.00Co0.00Ni0.00)2SiO4 40.7578 0 0 0 0 9.59658 0.194869 48.7406 0.360779 0.349309 0
1501.00 1172.77 66.809111 161.784404 -862451.560840 20.832775 84.770004 (Ca0.00Mg0.90Fe''0.10Mn0.00Co0.00Ni0.00)2SiO4 40.7606 0 0 0 0 9.58474 0.19381 48.7522 0.358835 0.349877 0
1401.00 1171.43 67.161119 162.570004 -867411.746500 20.944058 85.215417 (Ca0.00Mg0.90Fe''0.10Mn0.00Co0.00Ni0.00)2SiO4 40.7632 0 0 0 0 9.57325 0.192782 48.7633 0.356949 0.350496 0
1301.00 1170.13 67.503843 163.334538 -872248.959365 21.052458 85.649126 (Ca0.00Mg0.90Fe''0.10Mn0.00Co0.00Ni0.00)2SiO4 40.7657 0 0 0 0 9.5622 0.191792 48.774 0.35513 0.35118 0
1201.00 1168.87 67.835078 164.073127 -876933.321402 21.157290 86.068369 (Ca0.00Mg0.90Fe''0.10Mn0.00Co0.00Ni0.00)2SiO4 40.7681 0 0 0 0 9.55163 0.190844 48.7841 0.353391 0.351939 0
1101.00 1167.66 68.153094 164.781962 -881441.347659 21.258015 86.470978 (Ca0.00Mg0.90Fe''0.10Mn0.00Co0.00Ni0.00)2SiO4 40.7704 0 0 0 0 9.54157 0.189943 48.7935 0.351736 0.352782 0
1001.00 1166.50 68.456627 165.458279 -885755.850052 21.354239 86.855377 (Ca0.00Mg0.90Fe''0.10Mn0.00Co0.00Ni0.00)2SiO4 40.7726 0 0 0 0 9.53203 0.18909 48.8024 0.350172 0.353712 0
901.00 1165.40 68.744856 166.100293 -889865.565444 21.445707 87.220540 (Ca0.00Mg0.90Fe''0.10Mn0.00Co0.00Ni0.00)2SiO4 40.7746 0 0 0 0 9.52302 0.188288 48.8107 0.348699 0.354734 0
801.00 1164.35 69.017355 166.707107 -893764.607483 21.532287 87.565941 (Ca0.00Mg0.90Fe''0.10Mn0.00Co0.00Ni0.00)2SiO4 40.7764 0 0 0 0 9.51454 0.187536 48.8183 0.347318 0.355849 0
701.00 1163.36 69.274052 167.278596 -897451.807915 21.613954 87.891493 (Ca0.00Mg0.90Fe''0.10Mn0.00Co0.00Ni0.00)2SiO4 40.7782 0 0 0 0 9.50657 0.186832 48.8253 0.346027 0.357054 0
601.00 1162.42 69.515166 167.815287 -900929.991586 21.690778 88.197478 (Ca0.00Mg0.90Fe''0.10Mn0.00Co0.00Ni0.00)2SiO4 40.7798 0 0 0 0 9.49909 0.186176 48.8318 0.344823 0.358349 0
501.00 1161.53 69.741157 168.318235 -904205.220568 21.762902 88.484478 (Ca0.00Mg0.90Fe''0.10Mn0.00Co0.00Ni0.00)2SiO4 40.7813 0 0 0 0 9.49208 0.185565 48.8377 0.343702 0.35973 0
401.00 1160.70 69.952670 168.788897 -907286.041979 21.830524 88.753302 (Ca0.00Mg0.90Fe''0.10Mn0.00Co0.00Ni0.00)2SiO4 40.7826 0 0 0 0 9.4855 0.184997 48.843 0.342659 0.361191 0
301.00 1159.91 70.150478 169.229015 -910182.773947 21.893887 89.004925 (Ca0.00Mg0.90Fe''0.10Mn0.00Co0.00Ni0.00)2SiO4 40.7839 0 0 0 0 9.47933 0.184469 48.8479 0.341689 0.36273 0
201.00 1159.16 70.335437 169.640508 -912906.860784 21.953255 89.240422 (Ca0.00Mg0.90Fe''0.10Mn0.00Co0.00Ni0.00)2SiO4 40.785 0 0 0 0 9.47354 0.183978 48.8523 0.340788 0.36434 0
101.00 1158.45 70.508446 170.025387 -915470.320176 22.008908 89.460921 (Ca0.00Mg0.90Fe''0.10Mn0.00Co0.00Ni0.00)2SiO4 40.7861 0 0 0 0 9.4681 0.18352 48.8563 0.339949 0.366016 0
1.00 1157.78 70.670410 170.385674 -917885.294297 22.061127 89.667558 (Ca0.00Mg0.90Fe''0.10Mn0.00Co0.00Ni0.00)2SiO4 40.7871 0 0 0 0 9.46297 0.183094 48.8599 0.339167 0.367753 0

clinopyroxene_0 thermodynamic data and composition:
Pressure Temperature mass S H V Cp structure formula SiO2 TiO2 Al2O3 Fe2O3 Cr2O3 FeO MnO MgO NiO CaO Na2O
5601.00 1216.57 11.923015 28.436294 -154810.137742 3.723017 14.447766 cpx Na0.03Ca0.72Fe''0.11Mg0.99Fe'''0.01Ti0.01Al0.24Si1.88O6 52.1021 0.449101 5.70092 0.434629 0 3.73335 0 18.4671 0 18.646 0.466754
5501.00 1215.90 11.821202 28.185414 -153531.523937 3.691609 14.323323 cpx Na0.03Ca0.72Fe''0.11Mg0.99Fe'''0.01Ti0.01Al0.24Si1.88O6 52.1016 0.446924 5.67116 0.434223 0 3.73207 0 18.4816 0 18.6812 0.451166
5401.00 1215.20 11.714754 27.923283 -152192.733673 3.658747 14.193258 cpx Na0.03Ca0.72Fe''0.11Mg0.99Fe'''0.01Ti0.01Al0.24Si1.88O6 52.1018 0.444518 5.64108 0.433829 0 3.73051 0 18.4959 0 18.7165 0.435852
5301.00 1214.46 11.603307 27.649050 -150788.935486 3.624318 14.057132 cpx Na0.03Ca0.72Fe''0.11Mg0.99Fe'''0.01Ti0.01Al0.24Si1.88O6 52.1027 0.441895 5.61061 0.433451 0 3.72867 0 18.51 0 18.7519 0.420813
5201.00 1213.69 11.486497 27.361872 -149315.296694 3.588207 13.914507 cpx Na0.03Ca0.73Fe''0.11Mg1.00Fe'''0.01Ti0.01Al0.24Si1.88O6 52.1044 0.439067 5.5797 0.433093 0 3.72655 0 18.5238 0 18.7873 0.406052
5101.00 1212.89 11.363969 27.060931 -147767.120905 3.550304 13.764955 cpx Na0.03Ca0.73Fe''0.11Mg1.00Fe'''0.01Ti0.01Al0.24Si1.88O6 52.1069 0.436045 5.54828 0.432756 0 3.72415 0 18.5375 0 18.8228 0.391571
5001.00 1212.05 11.235563 26.745871 -146142.211641 3.510557 13.608286 cpx Na0.03Ca0.73Fe''0.11Mg1.00Fe'''0.01Ti0.01Al0.23Si1.88O6 52.1103 0.432836 5.51631 0.432441 0 3.72148 0 18.551 0 18.8583 0.377368
4901.00 1211.18 11.105591 26.427045 -144496.549071 3.470314 13.449734 cpx Na0.03Ca0.73Fe''0.11Mg1.00Fe'''0.01Ti0.01Al0.23Si1.88O6 52.1141 0.429381 5.48421 0.432071 0 3.71862 0 18.5643 0 18.8939 0.363341
4801.00 1210.30 10.974093 26.104568 -142830.583854 3.429588 13.289346 cpx Na0.02Ca0.73Fe''0.11Mg1.00Fe'''0.01Ti0.01Al0.23Si1.88O6 52.1185 0.425687 5.45196 0.431643 0 3.71559 0 18.5775 0 18.9296 0.349479
4701.00 1209.38 10.841118 25.778579 -141144.898111 3.388393 13.127187 cpx Na0.02Ca0.73Fe''0.11Mg1.00Fe'''0.01Ti0.01Al0.23Si1.88O6 52.1234 0.42176 5.41955 0.431154 0 3.7124 0 18.5906 0 18.9653 0.335771
4601.00 1208.45 10.706725 25.449240 -139440.194057 3.346747 12.963328 cpx Na0.02Ca0.73Fe''0.11Mg1.00Fe'''0.01Ti0.01Al0.23Si1.88O6 52.1289 0.417611 5.38698 0.430602 0 3.70906 0 18.6036 0 19.0011 0.322209
4501.00 1207.49 10.570980 25.116730 -137717.275914 3.304672 12.797852 cpx Na0.02Ca0.74Fe''0.11Mg1.00Fe'''0.01Ti0.01Al0.23Si1.88O6 52.1348 0.413246 5.35422 0.429983 0 3.70557 0 18.6166 0 19.0369 0.30878
4401.00 1206.51 10.433956 24.781243 -135977.023159 3.262190 12.630849 cpx Na0.02Ca0.74Fe''0.11Mg1.00Fe'''0.01Ti0.01Al0.23Si1.88O6 52.1412 0.408676 5.32126 0.429294 0 3.70194 0 18.6294 0 19.0727 0.295475
4301.00 1205.51 10.295728 24.442981 -134220.352943 3.219325 12.462412 cpx Na0.02Ca0.74Fe''0.11Mg1.00Fe'''0.01Ti0.01Al0.22Si1.88O6 52.1481 0.40391 5.2881 0.428533 0 3.6982 0 18.6423 0 19.1086 0.28228
4201.00 1204.50 10.156369 24.102139 -132448.169307 3.176098 12.292632 cpx Na0.02Ca0.74Fe''0.11Mg1.00Fe'''0.01Ti0.01Al0.22Si1.88O6 52.1554 0.398959 5.25472 0.427696 0 3.69435 0 18.6552 0 19.1445 0.269185
4101.00 1203.47 10.015948 23.758902 -130661.296412 3.132532 12.121593 cpx Na0.02Ca0.74Fe''0.11Mg1.00Fe'''0.01Ti0.01Al0.22Si1.88O6 52.1633 0.393834 5.22111 0.426781 0 3.69039 0 18.668 0 19.1804 0.256178
4001.00 1202.42 9.874519 23.413420 -128860.393234 3.088644 11.949364 cpx Na0.02Ca0.74Fe''0.11Mg1.00Fe'''0.01Ti0.01Al0.22Si1.88O6 52.1715 0.388547 5.18726 0.425787 0 3.68635 0 18.681 0 19.2163 0.243247
3901.00 1201.37 9.732118 23.065796 -127045.847545 3.044444 11.775988 cpx Na0.02Ca0.74Fe''0.11Mg1.01Fe'''0.01Ti0.01Al0.22Si1.88O6 52.1802 0.38311 5.15315 0.424711 0 3.68224 0 18.694 0 19.2522 0.230382
3801.00 1200.30 9.588747 22.716056 -125217.647678 2.999933 11.601472 cpx Na0.02Ca0.75Fe''0.11Mg1.01Fe'''0.01Ti0.01Al0.22Si1.88O6 52.1892 0.377536 5.11875 0.423554 0 3.67806 0 18.7071 0 19.2881 0.217573
3701.00 1199.22 9.444367 22.364127 -123375.232588 2.955098 11.425768 cpx Na0.01Ca0.75Fe''0.11Mg1.01Fe'''0.01Ti0.01Al0.22Si1.88O6 52.1987 0.371838 5.08405 0.422316 0 3.67383 0 18.7204 0 19.324 0.204811
3601.00 1198.13 9.298886 22.009803 -121517.322771 2.909911 11.248767 cpx Na0.01Ca0.75Fe''0.11Mg1.01Fe'''0.01Ti0.01Al0.21Si1.88O6 52.2086 0.366028 5.049 0.420999 0 3.66956 0 18.7339 0 19.3599 0.192092
3501.00 1197.03 9.152139 21.652714 -119641.738333 2.864321 11.070271 cpx Na0.01Ca0.75Fe''0.11Mg1.01Fe'''0.01Ti0.01Al0.21Si1.88O6 52.2189 0.360119 5.01356 0.419608 0 3.66525 0 18.7475 0 19.3956 0.179413
3401.00 1195.93 9.003882 21.292290 -117745.214186 2.818249 10.889985 cpx Na0.01Ca0.75Fe''0.11Mg1.01Fe'''0.01Ti0.01Al0.21Si1.88O6 52.2297 0.35412 4.97767 0.418146 0 3.66091 0 18.7613 0 19.4313 0.166778
3301.00 1194.82 8.853771 20.927730 -115823.226699 2.771590 10.707496 cpx Na0.01Ca0.75Fe''0.11Mg1.01Fe'''0.01Ti0.01Al0.21Si1.89O6 52.241 0.348041 4.94127 0.416621 0 3.65653 0 18.7754 0 19.4669 0.154197
3201.00 1193.71 8.701357 20.557978 -113869.849709 2.724200 10.522259 cpx Na0.01Ca0.75Fe''0.11Mg1.01Fe'''0.01Ti0.01Al0.21Si1.89O6 52.2528 0.341884 4.90425 0.415042 0 3.65212 0 18.7898 0 19.5024 0.141686
3101.00 1192.58 8.546075 20.181705 -111877.659771 2.675905 10.333594 cpx Na0.01Ca0.76Fe''0.11Mg1.01Fe'''0.01Ti0.01Al0.21Si1.89O6 52.2653 0.335651 4.86652 0.413417 0 3.64765 0 18.8044 0 19.5377 0.129272
3001.00 1191.44 8.387244 19.797301 -109837.710538 2.626490 10.140677 cpx Na0.01Ca0.76Fe''0.11Mg1.01Fe'''0.01Ti0.01Al0.21Si1.89O6 52.2786 0.329336 4.82796 0.411756 0 3.64312 0 18.8194 0 19.5729 0.116992
2901.00 1190.38 8.214250 19.380339 -107608.776008 2.572633 9.930740 cpx Na0.01Ca0.76Fe''0.11Mg1.01Fe'''0.01Ti0.01Al0.20Si1.89O6 52.2932 0.32396 4.78542 0.410686 0 3.63903 0 18.8364 0 19.6066 0.104706
2801.00 1189.39 8.021897 18.918618 -105122.458529 2.512706 9.697516 cpx Na0.01Ca0.76Fe''0.11Mg1.01Fe'''0.01Ti0.01Al0.20Si1.89O6 52.3098 0.319644 4.73762 0.410391 0 3.63536 0 18.856 0 19.6385 0.0926234
2701.00 1188.35 7.819124 18.432418 -102498.535212 2.449506 9.451733 cpx Na0.01Ca0.76Fe''0.11Mg1.02Fe'''0.01Ti0.01Al0.20Si1.89O6 52.3289 0.314977 4.68767 0.410129 0 3.63135 0 18.8759 0 19.6699 0.0811952
2601.00 1187.27 7.605582 17.920969 -99732.276338 2.382922 9.192975 cpx Na0.00Ca0.76Fe''0.11Mg1.02Fe'''0.01Ti0.01Al0.20Si1.89O6 52.3506 0.309936 4.63534 0.409896 0 3.62697 0 18.8962 0 19.7006 0.0704854
2501.00 1186.13 7.381122 17.383976 -96821.530309 2.312907 8.921067 cpx Na0.00Ca0.76Fe''0.11Mg1.02Fe'''0.01Ti0.01Al0.19Si1.89O6 52.3752 0.304495 4.58038 0.409689 0 3.62223 0 18.9169 0 19.7305 0.0605551
2401.00 1184.94 7.145866 16.821800 -93767.713788 2.239497 8.636166 cpx Na0.00Ca0.76Fe''0.11Mg1.02Fe'''0.01Ti0.01Al0.19Si1.89O6 52.403 0.298637 4.52255 0.409499 0 3.61714 0 18.9383 0 19.7594 0.0514583
2301.00 1183.70 6.900289 16.235635 -90576.815598 2.162841 8.338849 cpx Na0.00Ca0.77Fe''0.11Mg1.02Fe'''0.01Ti0.01Al0.19Si1.89O6 52.4341 0.292347 4.46159 0.409316 0 3.61171 0 18.9604 0 19.7872 0.0432374
2201.00 1182.41 6.645277 15.627655 -87260.242228 2.083214 8.030197 cpx Na0.00Ca0.77Fe''0.11Mg1.02Fe'''0.01Ti0.01Al0.19Si1.89O6 52.4688 0.285619 4.3973 0.409121 0 3.60599 0 18.9834 0 19.8139 0.0359177
2101.00 1181.09 6.382165 15.001089 -83835.287076 2.001034 7.711827 cpx Na0.00Ca0.77Fe''0.11Mg1.02Fe'''0.01Ti0.01Al0.18Si1.90O6 52.5071 0.27846 4.3295 0.408892 0 3.60002 0 19.0073 0 19.8392 0.0295035
2001.00 1179.73 6.112726 14.360196 -80325.015550 1.916855 7.385887 cpx Na0.00Ca0.77Fe''0.11Mg1.02Fe'''0.01Ti0.01Al0.18Si1.90O6 52.5491 0.270886 4.25807 0.408601 0 3.59386 0 19.0324 0 19.8631 0.0239755
1901.00 1178.34 5.839109 13.710105 -76757.448450 1.831350 7.054975 cpx Na0.00Ca0.77Fe''0.11Mg1.03Fe'''0.01Ti0.01Al0.18Si1.90O6 52.5949 0.262929 4.18297 0.408217 0 3.58759 0 19.0587 0 19.8854 0.0192908
1801.00 1176.94 5.563721 13.056543 -73164.085617 1.745271 6.722002 cpx Na0.00Ca0.77Fe''0.11Mg1.03Fe'''0.01Ti0.01Al0.17Si1.90O6 52.6442 0.254628 4.10424 0.407703 0 3.5813 0 19.0864 0 19.9061 0.0153857
1701.00 1175.54 5.289087 12.405483 -69577.985028 1.659410 6.390015 cpx Na0.00Ca0.77Fe''0.11Mg1.03Fe'''0.01Ti0.01Al0.17Si1.90O6 52.6969 0.246038 4.02198 0.407023 0 3.57506 0 19.1156 0 19.9252 0.0121808
1601.00 1174.15 5.017686 11.762779 -66031.724219 1.574543 6.062008 cpx Na0.00Ca0.77Fe''0.11Mg1.03Fe'''0.01Ti0.01Al0.17Si1.90O6 52.7528 0.237218 3.9364 0.40614 0 3.56896 0 19.1463 0 19.9426 0.00958775
1501.00 1172.77 4.751820 11.133832 -62555.573636 1.491390 5.740754 cpx Na0.00Ca0.77Fe''0.11Mg1.03Fe'''0.01Ti0.01Al0.16Si1.91O6 52.8115 0.228233 3.84776 0.405021 0 3.56307 0 19.1785 0 19.9583 0.00751574
1401.00 1171.43 4.493503 10.523354 -59176.114378 1.410585 5.428680 cpx Na0.00Ca0.77Fe''0.11Mg1.03Fe'''0.01Ti0.01Al0.16Si1.91O6 52.8728 0.219148 3.75635 0.403637 0 3.55746 0 19.2123 0 19.9725 0.00587745
1301.00 1170.13 4.244401 9.935219 -55915.390907 1.332649 5.127790 cpx Na0.00Ca0.77Fe''0.11Mg1.04Fe'''0.01Ti0.01Al0.16Si1.91O6 52.9362 0.210031 3.66251 0.401965 0 3.55216 0 19.2475 0 19.985 0.00459302
1201.00 1168.87 4.005805 9.372406 -52790.564107 1.257988 4.839637 cpx Na0.00Ca0.77Fe''0.11Mg1.04Fe'''0.01Ti0.01Al0.15Si1.91O6 53.0014 0.200942 3.56663 0.399989 0 3.54721 0 19.2841 0 19.9961 0.00359244
1101.00 1167.66 3.778639 8.837018 -49813.957017 1.186892 4.565325 cpx Na0.00Ca0.77Fe''0.11Mg1.04Fe'''0.01Ti0.01Al0.15Si1.92O6 53.0682 0.191941 3.46906 0.397701 0 3.54263 0 19.322 0 20.0057 0.00281639
1001.00 1166.50 3.563479 8.330343 -46993.366976 1.119543 4.305545 cpx Na0.00Ca0.77Fe''0.11Mg1.04Fe'''0.01Ti0.00Al0.14Si1.92O6 53.136 0.183078 3.37019 0.395098 0 3.53844 0 19.361 0 20.014 0.00221601
901.00 1165.40 3.360593 7.852944 -44332.535488 1.056026 4.060611 cpx Na0.00Ca0.77Fe''0.11Mg1.04Fe'''0.01Ti0.00Al0.14Si1.92O6 53.2047 0.174399 3.27041 0.392183 0 3.53464 0 19.401 0 20.0209 0.0017519
801.00 1164.35 3.169983 7.404759 -41831.698332 0.996343 3.830521 cpx Na0.00Ca0.77Fe''0.11Mg1.05Fe'''0.01Ti0.00Al0.13Si1.92O6 53.2738 0.165941 3.17007 0.388968 0 3.53121 0 19.4418 0 20.0267 0.00139285
701.00 1163.36 2.991430 6.985213 -39488.167096 0.940427 3.615003 cpx Na0.00Ca0.77Fe''0.11Mg1.05Fe'''0.01Ti0.00Al0.13Si1.93O6 53.3432 0.157734 3.06955 0.385466 0 3.52815 0 19.4833 0 20.0314 0.00111447
601.00 1162.42 2.824539 6.593319 -37296.911919 0.888154 3.413574 cpx Na0.00Ca0.77Fe''0.11Mg1.05Fe'''0.01Ti0.00Al0.13Si1.93O6 53.4126 0.1498 2.96916 0.381694 0 3.52543 0 19.5253 0 20.0351 0.000897907
501.00 1161.53 2.668779 6.227783 -35251.124321 0.839361 3.225590 cpx Na0.00Ca0.77Fe''0.11Mg1.05Fe'''0.01Ti0.00Al0.12Si1.93O6 53.4817 0.142154 2.86924 0.377672 0 3.52304 0 19.5675 0 20.0379 0.000728681
401.00 1160.70 2.523526 5.887098 -33342.742087 0.793851 3.050295 cpx Na0.00Ca0.77Fe''0.11Mg1.05Fe'''0.01Ti0.00Al0.12Si1.93O6 53.5503 0.134804 2.77007 0.373421 0 3.52096 0 19.61 0 20.0399 0.000595745
301.00 1159.91 2.388099 5.569626 -31562.920123 0.751413 2.886862 cpx Na0.00Ca0.77Fe''0.11Mg1.06Fe'''0.01Ti0.00Al0.11Si1.93O6 53.6182 0.127755 2.6719 0.368962 0 3.51916 0 19.6524 0 20.0411 0.00049069
201.00 1159.16 2.261790 5.273671 -29902.434364 0.711825 2.734433 cpx Na0.00Ca0.77Fe''0.11Mg1.06Fe'''0.01Ti0.00Al0.11Si1.94O6 53.6853 0.121006 2.57499 0.364315 0 3.51761 0 19.6946 0 20.0417 0.000407129
101.00 1158.45 2.143885 4.997537 -28352.011228 0.674865 2.592148 cpx Na0.00Ca0.77Fe''0.11Mg1.06Fe'''0.01Ti0.00Al0.11Si1.94O6 53.7514 0.114551 2.47952 0.3595 0 3.51631 0 19.7366 0 20.0417 0.000340208
1.00 1157.78 2.033690 4.739571 -26902.581426 0.640315 2.459164 cpx Na0.00Ca0.77Fe''0.11Mg1.06Fe'''0.01Ti0.00Al0.10Si1.94O6 53.8164 0.108385 2.38567 0.354535 0 3.51522 0 19.7782 0 20.0413 0.000286235
