Title: Depleted MORB Mantle of Workmann & Hart 2005

Liquid Composition:
Pressure Temperature mass SiO2 TiO2 Al2O3 Fe2O3 Cr2O3 FeO MnO MgO NiO CaO Na2O 
44001.00 1187.33 0.000000 ---
43901.00 1187.16 0.000000 ---
43801.00 1186.99 0.000000 ---
43701.00 1186.82 0.000000 ---
43601.00 1186.65 0.000000 ---
43501.00 1186.48 0.000000 ---
43401.00 1186.31 0.000000 ---
43301.00 1186.14 0.000000 ---
43201.00 1185.97 0.000000 ---
43101.00 1185.80 0.000000 ---
43001.00 1185.63 0.000000 ---
42901.00 1185.46 0.000000 ---
42801.00 1185.30 0.000000 ---
42701.00 1185.13 0.000000 ---
42601.00 1184.96 0.000000 ---
42501.00 1184.79 0.000000 ---
42401.00 1184.62 0.000000 ---
42301.00 1184.45 0.000000 ---
42201.00 1184.28 0.000000 ---
42101.00 1184.11 0.000000 ---
42001.00 1183.94 0.000000 ---
41901.00 1183.77 0.000000 ---
41801.00 1183.60 0.000000 ---
41701.00 1183.43 0.000000 ---
41601.00 1183.26 0.000000 ---
41501.00 1183.09 0.000000 ---
41401.00 1182.92 0.000000 ---
41301.00 1182.75 0.000000 ---
41201.00 1182.58 0.000000 ---
41101.00 1182.41 0.000000 ---
41001.00 1182.24 0.000000 ---
40901.00 1182.07 0.000000 ---
40801.00 1181.90 0.000000 ---
40701.00 1181.73 0.000000 ---
40601.00 1181.56 0.000000 ---
40501.00 1181.39 0.000000 ---
40401.00 1181.22 0.000000 ---
40301.00 1181.05 0.000000 ---
40201.00 1180.88 0.000000 ---
40101.00 1180.71 0.000000 ---
40001.00 1180.54 0.000000 ---
39901.00 1180.37 0.000000 ---
39801.00 1180.20 0.000000 ---
39701.00 1180.03 0.000000 ---
39601.00 1179.86 0.000000 ---
39501.00 1179.69 0.000000 ---
39401.00 1179.52 0.000000 ---
39301.00 1179.35 0.000000 ---
39201.00 1179.18 0.000000 ---
39101.00 1179.01 0.000000 ---
39001.00 1178.84 0.000000 ---
38901.00 1178.67 0.000000 ---
38801.00 1178.49 0.000000 ---
38701.00 1178.32 0.000000 ---
38601.00 1178.15 0.000000 ---
38501.00 1177.98 0.000000 ---
38401.00 1177.81 0.000000 ---
38301.00 1177.64 0.000000 ---
38201.00 1177.47 0.000000 ---
38101.00 1177.30 0.000000 ---
38001.00 1177.13 0.000000 ---
37901.00 1176.96 0.000000 ---
37801.00 1176.79 0.000000 ---
37701.00 1176.62 0.000000 ---
37601.00 1176.45 0.000000 ---
37501.00 1176.28 0.000000 ---
37401.00 1176.11 0.000000 ---
37301.00 1175.93 0.000000 ---
37201.00 1175.76 0.000000 ---
37101.00 1175.59 0.000000 ---
37001.00 1175.42 0.000000 ---
36901.00 1175.25 0.000000 ---
36801.00 1175.08 0.000000 ---
36701.00 1174.91 0.000000 ---
36601.00 1174.74 0.000000 ---
36501.00 1174.57 0.000000 ---
36401.00 1174.39 0.000000 ---
36301.00 1174.22 0.000000 ---
36201.00 1174.05 0.000000 ---
36101.00 1173.88 0.000000 ---
36001.00 1173.71 0.000000 ---
35901.00 1173.54 0.000000 ---
35801.00 1173.37 0.000000 ---
35701.00 1173.19 0.000000 ---
35601.00 1173.02 0.000000 ---
35501.00 1172.85 0.000000 ---
35401.00 1172.68 0.000000 ---
35301.00 1172.51 0.000000 ---
35201.00 1172.33 0.000000 ---
35101.00 1172.16 0.000000 ---
35001.00 1171.99 0.000000 ---
34901.00 1171.82 0.000000 ---
34801.00 1171.65 0.000000 ---
34701.00 1171.47 0.000000 ---
34601.00 1171.30 0.000000 ---
34501.00 1171.13 0.000000 ---
34401.00 1170.96 0.000000 ---
34301.00 1170.79 0.000000 ---
34201.00 1170.61 0.000000 ---
34101.00 1170.44 0.000000 ---
34001.00 1170.27 0.000000 ---
33901.00 1170.10 0.000000 ---
33801.00 1169.92 0.000000 ---
33701.00 1169.75 0.000000 ---
33601.00 1169.58 0.000000 ---
33501.00 1169.40 0.000000 ---
33401.00 1169.23 0.000000 ---
33301.00 1169.06 0.000000 ---
33201.00 1168.89 0.000000 ---
33101.00 1168.71 0.000000 ---
33001.00 1168.54 0.000000 ---
32901.00 1168.37 0.000000 ---
32801.00 1168.19 0.000000 ---
32701.00 1168.02 0.000000 ---
32601.00 1167.85 0.000000 ---
32501.00 1167.67 0.000000 ---
32401.00 1167.50 0.000000 ---
32301.00 1167.32 0.000000 ---
32201.00 1167.15 0.000000 ---
32101.00 1166.98 0.000000 ---
32001.00 1166.80 0.000000 ---
31901.00 1166.63 0.000000 ---
31801.00 1166.45 0.000000 ---
31701.00 1166.28 0.000000 ---
31601.00 1166.11 0.000000 ---
31501.00 1165.93 0.000000 ---
31401.00 1165.76 0.000000 ---
31301.00 1165.58 0.000000 ---
31201.00 1165.41 0.000000 ---
31101.00 1165.23 0.000000 ---
31001.00 1165.06 0.000000 ---
30901.00 1164.88 0.000000 ---
30801.00 1164.71 0.000000 ---
30701.00 1164.53 0.000000 ---
30601.00 1164.36 0.000000 ---
30501.00 1164.18 0.000000 ---
30401.00 1164.01 0.000000 ---
30301.00 1163.83 0.000000 ---
30201.00 1163.65 0.000000 ---
30101.00 1163.48 0.000000 ---
30001.00 1163.30 0.000000 ---
29901.00 1163.13 0.000000 ---
29801.00 1162.95 0.000000 ---
29701.00 1162.77 0.000000 ---
29601.00 1162.60 0.000000 ---
29501.00 1162.42 0.000000 ---
29401.00 1162.24 0.000000 ---
29301.00 1162.07 0.000000 ---
29201.00 1161.89 0.000000 ---
29101.00 1161.71 0.000000 ---
29001.00 1161.53 0.000000 ---
28901.00 1161.36 0.000000 ---
28801.00 1161.18 0.000000 ---
28701.00 1161.00 0.000000 ---
28601.00 1160.82 0.000000 ---
28501.00 1160.65 0.000000 ---
28401.00 1160.47 0.000000 ---
28301.00 1160.29 0.000000 ---
28201.00 1160.11 0.000000 ---
28101.00 1159.93 0.000000 ---
28001.00 1159.75 0.000000 ---
27901.00 1159.57 0.000000 ---
27801.00 1159.39 0.000000 ---
27701.00 1159.21 0.000000 ---
27601.00 1159.04 0.000000 ---
27501.00 1158.86 0.000000 ---
27401.00 1158.68 0.000000 ---
27301.00 1158.50 0.000000 ---
27201.00 1158.31 0.000000 ---
27101.00 1158.13 0.000000 ---
27001.00 1157.95 0.000000 ---
26901.00 1157.77 0.000000 ---
26801.00 1157.59 0.000000 ---
26701.00 1157.41 0.000000 ---
26601.00 1157.23 0.000000 ---
26501.00 1157.05 0.000000 ---
26401.00 1156.86 0.000000 ---
26301.00 1156.68 0.000000 ---
26201.00 1156.50 0.000000 ---
26101.00 1156.32 0.000000 ---
26001.00 1156.13 0.000000 ---
25901.00 1155.95 0.000000 ---
25801.00 1155.77 0.000000 ---
25701.00 1155.58 0.000000 ---
25601.00 1155.40 0.000000 ---
25501.00 1155.21 0.000000 ---
25401.00 1155.03 0.000000 ---
25301.00 1154.84 0.000000 ---
25201.00 1154.66 0.000000 ---
25101.00 1154.47 0.000000 ---
25001.00 1154.29 0.000000 ---
24901.00 1154.10 0.000000 ---
24801.00 1153.92 0.000000 ---
24701.00 1153.73 0.000000 ---
24601.00 1153.54 0.000000 ---
24501.00 1153.35 0.000000 ---
24401.00 1153.17 0.000000 ---
24301.00 1152.98 0.000000 ---
24201.00 1152.79 0.000000 ---
24101.00 1152.60 0.000000 ---
24001.00 1152.41 0.000000 ---
23901.00 1152.22 0.000000 ---
23801.00 1152.03 0.000000 ---
23701.00 1151.84 0.000000 ---
23601.00 1151.65 0.000000 ---
23501.00 1151.46 0.000000 ---
23401.00 1151.27 0.000000 ---
23301.00 1151.08 0.000000 ---
23201.00 1150.88 0.000000 ---
23101.00 1150.69 0.000000 ---
23001.00 1150.50 0.000000 ---
22901.00 1150.30 0.000000 ---
22801.00 1150.11 0.000000 ---
22701.00 1149.91 0.000000 ---
22601.00 1149.72 0.000000 ---
22501.00 1149.52 0.000000 ---
22401.00 1149.33 0.000000 ---
22301.00 1149.13 0.000000 ---
22201.00 1148.93 0.000000 ---
22101.00 1148.73 0.000000 ---
22001.00 1148.54 0.000000 ---
21901.00 1148.34 0.000000 ---
21801.00 1148.14 0.000000 ---
21701.00 1147.94 0.000000 ---
21601.00 1147.73 0.000000 ---
21501.00 1147.53 0.000000 ---
21401.00 1147.33 0.000000 ---
21301.00 1147.13 0.000000 ---
21201.00 1146.92 0.000000 ---
21101.00 1146.72 0.000000 ---
21001.00 1146.51 0.000000 ---
20901.00 1146.31 0.000000 ---
20801.00 1146.10 0.000000 ---
20701.00 1145.89 0.000000 ---
20601.00 1145.69 0.000000 ---
20501.00 1145.48 0.000000 ---
20401.00 1145.27 0.000000 ---
20301.00 1145.06 0.000000 ---
20201.00 1144.85 0.000000 ---
20101.00 1144.63 0.000000 ---
20001.00 1144.42 0.000000 ---
19901.00 1144.21 0.000000 ---
19801.00 1143.99 0.000000 ---
19701.00 1143.77 0.000000 ---
19601.00 1143.56 0.000000 ---
19501.00 1143.34 0.000000 ---
19401.00 1143.12 0.000000 ---
19301.00 1142.90 0.000000 ---
19201.00 1142.68 0.000000 ---
19101.00 1142.45 0.000000 ---
19001.00 1142.23 0.000000 ---
18901.00 1142.00 0.000000 ---
18801.00 1141.78 0.000000 ---
18701.00 1141.55 0.000000 ---
18601.00 1141.32 0.000000 ---
18501.00 1141.09 0.000000 ---
18401.00 1140.85 0.000000 ---
18301.00 1140.62 0.000000 ---
18201.00 1140.38 0.000000 ---
18101.00 1140.14 0.000000 ---
18001.00 1139.90 0.000000 ---
17901.00 1139.66 0.000000 ---
17801.00 1139.42 0.000000 ---
17701.00 1139.17 0.000000 ---
17601.00 1138.93 0.000000 ---
17501.00 1138.68 0.000000 ---
17401.00 1138.42 0.000000 ---
17301.00 1138.17 0.000000 ---
17201.00 1137.91 0.000000 ---
17101.00 1137.65 0.000000 ---
17001.00 1137.39 0.000000 ---
16901.00 1137.12 0.000000 ---
16801.00 1136.86 0.000000 ---
16701.00 1136.59 0.000000 ---
16601.00 1136.31 0.000000 ---
16501.00 1136.03 0.000000 ---
16401.00 1135.75 0.000000 ---
16301.00 1135.54 0.000000 ---
16201.00 1135.39 0.000000 ---
16101.00 1135.23 0.000000 ---
16001.00 1135.07 0.000000 ---
15901.00 1134.91 0.000000 ---
15801.00 1134.76 0.000000 ---
15701.00 1134.60 0.000000 ---
15601.00 1134.44 0.000000 ---
15501.00 1134.28 0.000000 ---
15401.00 1134.13 0.000000 ---
15301.00 1133.97 0.000000 ---
15201.00 1133.81 0.000000 ---
15101.00 1133.65 0.000000 ---
15001.00 1133.50 0.000000 ---
14901.00 1133.34 0.000000 ---
14801.00 1133.18 0.000000 ---
14701.00 1133.03 0.000000 ---
14601.00 1132.87 0.000000 ---
14501.00 1132.71 0.000000 ---
14401.00 1132.55 0.000000 ---
14301.00 1132.40 0.000000 ---
14201.00 1132.24 0.000000 ---
14101.00 1132.08 0.000000 ---
14001.00 1131.92 0.000000 ---
13901.00 1131.77 0.000000 ---
13801.00 1131.61 0.000000 ---
13701.00 1131.45 0.000000 ---
13601.00 1131.30 0.000000 ---
13501.00 1131.14 0.000000 ---
13401.00 1130.98 0.000000 ---
13301.00 1130.82 0.000000 ---
13201.00 1130.67 0.000000 ---
13101.00 1130.51 0.000000 ---
13001.00 1130.35 0.000000 ---
12901.00 1130.19 0.000000 ---
12801.00 1130.04 0.000000 ---
12701.00 1129.88 0.000000 ---
12601.00 1129.72 0.000000 ---
12501.00 1129.57 0.000000 ---
12401.00 1129.41 0.000000 ---
12301.00 1129.25 0.000000 ---
12201.00 1129.09 0.000000 ---
12101.00 1128.94 0.000000 ---
12001.00 1128.78 0.000000 ---
11901.00 1128.62 0.000000 ---
11801.00 1128.47 0.000000 ---
11701.00 1128.31 0.000000 ---
11601.00 1128.15 0.000000 ---
11501.00 1127.99 0.000000 ---
11401.00 1127.84 0.000000 ---
11301.00 1127.68 0.000000 ---
11201.00 1127.52 0.000000 ---
11101.00 1127.37 0.000000 ---
11001.00 1127.21 0.000000 ---
10901.00 1127.05 0.000000 ---
10801.00 1126.90 0.000000 ---
10701.00 1126.74 0.000000 ---
10601.00 1126.58 0.000000 ---
10501.00 1126.42 0.000000 ---
10401.00 1126.27 0.000000 ---
10301.00 1126.11 0.000000 ---
10201.00 1125.95 0.000000 ---
10101.00 1125.80 0.000000 ---
10001.00 1125.64 0.000000 ---
9901.00 1125.48 0.000000 ---
9801.00 1125.33 0.000000 ---
9701.00 1125.17 0.000000 ---
9601.00 1125.01 0.000000 ---
9501.00 1124.85 0.000000 ---
9401.00 1124.70 0.000000 ---
9301.00 1124.54 0.000000 ---
9201.00 1124.38 0.000000 ---
9101.00 1124.23 0.000000 ---
9001.00 1124.01 0.000000 ---
8901.00 1123.79 0.000000 ---
8801.00 1123.57 0.000000 ---
8701.00 1123.35 0.000000 ---
8601.00 1123.13 0.000000 ---
8501.00 1122.91 0.000000 ---
8401.00 1122.69 0.000000 ---
8301.00 1122.48 0.000000 ---
8201.00 1122.26 0.000000 ---
8101.00 1122.04 0.000000 ---
8001.00 1121.83 0.000000 ---
7901.00 1121.61 0.000000 ---
7801.00 1121.40 0.000000 ---
7701.00 1121.18 0.000000 ---
7601.00 1120.97 0.000000 ---
7501.00 1120.76 0.000000 ---
7401.00 1120.54 0.000000 ---
7301.00 1120.33 0.000000 ---
7201.00 1120.12 0.000000 ---
7101.00 1119.90 0.000000 ---
7001.00 1119.69 0.000000 ---
6901.00 1119.48 0.000000 ---
6801.00 1119.26 0.000000 ---
6701.00 1119.05 0.000000 ---
6601.00 1118.83 0.000000 ---
6501.00 1118.62 0.000000 ---
6401.00 1118.41 0.000000 ---
6301.00 1118.19 0.000000 ---
6201.00 1117.97 0.000000 ---
6101.00 1117.76 0.000000 ---
6001.00 1117.54 0.000000 ---
5901.00 1117.32 0.000000 ---
5801.00 1117.10 0.000000 ---
5701.00 1116.88 0.000000 ---
5601.00 1116.66 0.000000 ---
5501.00 1116.44 0.000000 ---
5401.00 1116.22 0.000000 ---
5301.00 1115.99 0.000000 ---
5201.00 1115.77 0.000000 ---
5101.00 1115.54 0.000000 ---
5001.00 1115.31 0.000000 ---
4901.00 1115.09 0.000000 ---
4801.00 1114.86 0.000000 ---
4701.00 1114.62 0.000000 ---
4601.00 1114.39 0.000000 ---
4501.00 1114.16 0.000000 ---
4401.00 1113.93 0.000000 ---
4301.00 1113.69 0.000000 ---
4201.00 1113.46 0.000000 ---
4101.00 1113.22 0.000000 ---
4001.00 1112.98 0.000000 ---
3901.00 1112.75 0.000000 ---
3801.00 1112.51 0.000000 ---
3701.00 1112.28 0.000000 ---
3601.00 1112.05 0.000000 ---
3501.00 1111.81 0.000000 ---
3401.00 1111.58 0.000000 ---
3301.00 1111.35 0.000000 ---
3201.00 1111.13 0.000000 ---
3101.00 1110.90 0.000000 ---
3001.00 1110.68 0.000000 ---
2901.00 1110.45 0.000000 ---
2801.00 1110.24 0.000000 ---
2701.00 1110.02 0.000000 ---
2601.00 1109.81 0.000000 ---
2501.00 1109.60 0.000000 ---
2401.00 1109.39 0.000000 ---
2301.00 1109.18 0.000000 ---
2201.00 1108.98 0.000000 ---
2101.00 1108.78 0.000000 ---
2001.00 1108.58 0.000000 ---
1901.00 1108.38 0.000000 ---
1801.00 1108.19 0.000000 ---
1701.00 1108.00 0.000000 ---
1601.00 1107.81 0.000000 ---
1501.00 1107.62 0.000000 ---
1401.00 1107.44 0.000000 ---
1301.00 1107.26 0.000000 ---
1201.00 1107.07 0.000000 ---
1101.00 1106.89 0.000000 ---
1001.00 1106.72 0.000000 ---
901.00 1106.54 0.000000 ---
801.00 1106.36 0.000000 ---
701.00 1106.19 0.000000 ---
601.00 1106.02 0.000000 ---
501.00 1105.85 0.000000 ---
401.00 1105.67 0.000000 ---
301.00 1105.50 0.000000 ---
201.00 1105.34 0.000000 ---
101.00 1105.17 0.000000 ---
1.00 1105.00 0.000000 ---