Title: Depleted MORB Mantle of Workmann & Hart 2005

System Thermodynamic Data:
Pressure Temperature mass F phi S H V Cp dVdP*10^6 dVdT*10^6 fO2(absolute) fO2(absolute) rhol rhos viscosity aH2O chisqr
44001.00 1429.38 100.138999 0.0000000000000000 0.000000 255.272418 -1147980.366672 30.234088 125.098938 -19.911214 1459.005504 -5.761 -5.761 0.000000 3.312122 0.000 0 0.000
43901.00 1429.16 100.138999 0.0000000000000000 0.000000 255.272418 -1148282.717273 30.236033 125.105857 -19.918349 1458.935689 -5.765 -5.765 0.000000 3.311909 0.000 0 0.000
43801.00 1428.95 100.138999 0.0000000000000000 0.000000 255.272418 -1148585.087334 30.237980 125.112776 -19.925490 1458.866052 -5.770 -5.770 0.000000 3.311696 0.000 0 0.000
43701.00 1428.73 100.138999 0.0000000000000000 0.000000 255.272418 -1148887.476880 30.239930 125.119696 -19.932637 1458.796594 -5.775 -5.775 0.000000 3.311483 0.000 0 0.000
43601.00 1428.51 100.138999 0.0000000000000000 0.000000 255.272418 -1149189.885937 30.241882 125.126617 -19.939789 1458.727318 -5.780 -5.780 0.000000 3.311269 0.000 0 0.000
43501.00 1428.30 100.138999 0.0000000000000000 0.000000 255.272418 -1149492.314531 30.243837 125.133539 -19.946947 1458.658225 -5.785 -5.785 0.000000 3.311055 0.000 0 0.000
43401.00 1428.08 100.138999 0.0000000000000000 0.000000 255.272418 -1149794.762686 30.245795 125.140461 -19.954111 1458.589316 -5.790 -5.790 0.000000 3.310840 0.000 0 0.000
43301.00 1427.87 100.138999 0.0000000000000000 0.000000 255.272418 -1150097.230430 30.247755 125.147384 -19.961281 1458.520593 -5.795 -5.795 0.000000 3.310626 0.000 0 0.000
43201.00 1427.65 100.138999 0.0000000000000000 0.000000 255.272418 -1150399.717788 30.249717 125.154308 -19.968456 1458.452058 -5.800 -5.800 0.000000 3.310411 0.000 0 0.000
43101.00 1427.43 100.138999 0.0000000000000000 0.000000 255.272418 -1150702.224787 30.251683 125.161233 -19.975638 1458.383713 -5.804 -5.804 0.000000 3.310196 0.000 0 0.000
43001.00 1427.22 100.138999 0.0000000000000000 0.000000 255.272418 -1151004.751453 30.253651 125.168158 -19.982826 1458.315559 -5.809 -5.809 0.000000 3.309981 0.000 0 0.000
42901.00 1427.00 100.138999 0.0000000000000000 0.000000 255.272418 -1151307.297813 30.255622 125.175085 -19.990020 1458.247599 -5.814 -5.814 0.000000 3.309765 0.000 0 0.000
42801.00 1426.78 100.138999 0.0000000000000000 0.000000 255.272418 -1151609.863894 30.257595 125.182012 -19.997220 1458.179833 -5.819 -5.819 0.000000 3.309549 0.000 0 0.000
42701.00 1426.57 100.138999 0.0000000000000000 0.000000 255.272418 -1151912.449723 30.259571 125.188941 -20.004426 1458.112263 -5.824 -5.824 0.000000 3.309333 0.000 0 0.000
42601.00 1426.35 100.138999 0.0000000000000000 0.000000 255.272418 -1152215.055328 30.261550 125.195870 -20.011639 1458.044892 -5.829 -5.829 0.000000 3.309117 0.000 0 0.000
42501.00 1426.13 100.138999 0.0000000000000000 0.000000 255.272418 -1152517.680735 30.263532 125.202800 -20.018858 1457.977721 -5.834 -5.834 0.000000 3.308900 0.000 0 0.000
42401.00 1425.92 100.138999 0.0000000000000000 0.000000 255.272418 -1152820.325972 30.265516 125.209732 -20.026083 1457.910753 -5.839 -5.839 0.000000 3.308683 0.000 0 0.000
42301.00 1425.70 100.138999 0.0000000000000000 0.000000 255.272418 -1153122.991068 30.267503 125.216664 -20.033315 1457.843988 -5.844 -5.844 0.000000 3.308466 0.000 0 0.000
42201.00 1425.48 100.138999 0.0000000000000000 0.000000 255.272418 -1153425.676051 30.269494 125.223598 -20.040553 1457.777430 -5.850 -5.850 0.000000 3.308248 0.000 0 0.000
42101.00 1425.27 100.138999 0.0000000000000000 0.000000 255.272418 -1153728.380949 30.271486 125.230533 -20.047798 1457.711079 -5.855 -5.855 0.000000 3.308030 0.000 0 0.000
42001.00 1425.05 100.138999 0.0000000000000000 0.000000 255.272418 -1154031.105790 30.273482 125.237469 -20.055050 1457.644938 -5.860 -5.860 0.000000 3.307812 0.000 0 0.000
41901.00 1424.83 100.138999 0.0000000000000000 0.000000 255.272418 -1154333.850603 30.275481 125.244406 -20.062308 1457.579009 -5.865 -5.865 0.000000 3.307594 0.000 0 0.000
41801.00 1424.62 100.138999 0.0000000000000000 0.000000 255.272418 -1154636.615418 30.277483 125.251344 -20.069573 1457.513294 -5.870 -5.870 0.000000 3.307375 0.000 0 0.000
41701.00 1424.40 100.138999 0.0000000000000000 0.000000 255.272418 -1154939.400264 30.279487 125.258284 -20.076846 1457.447796 -5.875 -5.875 0.000000 3.307156 0.000 0 0.000
41601.00 1424.18 100.138999 0.0000000000000000 0.000000 255.272418 -1155242.205169 30.281495 125.265225 -20.084125 1457.382515 -5.880 -5.880 0.000000 3.306937 0.000 0 0.000
41501.00 1423.97 100.138999 0.0000000000000000 0.000000 255.272418 -1155545.030165 30.283505 125.272167 -20.091411 1457.317455 -5.885 -5.885 0.000000 3.306718 0.000 0 0.000
41401.00 1423.75 100.138999 0.0000000000000000 0.000000 255.272418 -1155847.875280 30.285519 125.279111 -20.098704 1457.252617 -5.891 -5.891 0.000000 3.306498 0.000 0 0.000
41301.00 1423.53 100.138999 0.0000000000000000 0.000000 255.272418 -1156150.740545 30.287535 125.286056 -20.106004 1457.188003 -5.896 -5.896 0.000000 3.306278 0.000 0 0.000
41201.00 1423.31 100.138999 0.0000000000000000 0.000000 255.272418 -1156453.625990 30.289555 125.293003 -20.113311 1457.123617 -5.901 -5.901 0.000000 3.306057 0.000 0 0.000
41101.00 1423.10 100.138999 0.0000000000000000 0.000000 255.272418 -1156756.531646 30.291577 125.299951 -20.120626 1457.059460 -5.906 -5.906 0.000000 3.305836 0.000 0 0.000
41001.00 1422.88 100.138999 0.0000000000000000 0.000000 255.272418 -1157059.457545 30.293603 125.306901 -20.127948 1456.995534 -5.912 -5.912 0.000000 3.305615 0.000 0 0.000
40901.00 1422.66 100.138999 0.0000000000000000 0.000000 255.272418 -1157362.403716 30.295632 125.313852 -20.135278 1456.931843 -5.917 -5.917 0.000000 3.305394 0.000 0 0.000
40801.00 1422.44 100.138999 0.0000000000000000 0.000000 255.272418 -1157665.370192 30.297664 125.320805 -20.142615 1456.868387 -5.922 -5.922 0.000000 3.305172 0.000 0 0.000
40701.00 1422.23 100.138999 0.0000000000000000 0.000000 255.272418 -1157968.357005 30.299699 125.327759 -20.149960 1456.805170 -5.927 -5.927 0.000000 3.304950 0.000 0 0.000
40601.00 1422.01 100.138999 0.0000000000000000 0.000000 255.272418 -1158271.364185 30.301738 125.334716 -20.157312 1456.742194 -5.933 -5.933 0.000000 3.304728 0.000 0 0.000
40501.00 1421.79 100.138999 0.0000000000000000 0.000000 255.272418 -1158574.391767 30.303779 125.341674 -20.164672 1456.679462 -5.938 -5.938 0.000000 3.304505 0.000 0 0.000
40401.00 1421.57 100.138999 0.0000000000000000 0.000000 255.272418 -1158877.439781 30.305824 125.348633 -20.172040 1456.616976 -5.943 -5.943 0.000000 3.304282 0.000 0 0.000
40301.00 1421.36 100.138999 0.0000000000000000 0.000000 255.272418 -1159180.508261 30.307872 125.355595 -20.179416 1456.554739 -5.949 -5.949 0.000000 3.304059 0.000 0 0.000
40201.00 1421.14 100.138999 0.0000000000000000 0.000000 255.272418 -1159483.597240 30.309924 125.362559 -20.186800 1456.492753 -5.954 -5.954 0.000000 3.303835 0.000 0 0.000
40101.00 1420.92 100.138999 0.0000000000000000 0.000000 255.272418 -1159786.706751 30.311979 125.369524 -20.194192 1456.431021 -5.960 -5.960 0.000000 3.303611 0.000 0 0.000
40001.00 1420.70 100.138999 0.0000000000000000 0.000000 255.272418 -1160089.836828 30.314037 125.376491 -20.201592 1456.369545 -5.965 -5.965 0.000000 3.303387 0.000 0 0.000
39901.00 1420.48 100.138999 0.0000000000000000 0.000000 255.272418 -1160392.987505 30.316099 125.383461 -20.209000 1456.308329 -5.970 -5.970 0.000000 3.303162 0.000 0 0.000
39801.00 1420.27 100.138999 0.0000000000000000 0.000000 255.272418 -1160696.158816 30.318164 125.390432 -20.216417 1456.247375 -5.976 -5.976 0.000000 3.302937 0.000 0 0.000
39701.00 1420.05 100.138999 0.0000000000000000 0.000000 255.272418 -1160999.350796 30.320233 125.397406 -20.223842 1456.186686 -5.981 -5.981 0.000000 3.302712 0.000 0 0.000
39601.00 1419.83 100.138999 0.0000000000000000 0.000000 255.272418 -1161302.563480 30.322305 125.404382 -20.231276 1456.126266 -5.987 -5.987 0.000000 3.302486 0.000 0 0.000
39501.00 1419.61 100.138999 0.0000000000000000 0.000000 255.272418 -1161605.796902 30.324380 125.411359 -20.238718 1456.066116 -5.992 -5.992 0.000000 3.302260 0.000 0 0.000
39401.00 1419.39 100.138999 0.0000000000000000 0.000000 255.272418 -1161909.051099 30.326460 125.418340 -20.246169 1456.006239 -5.998 -5.998 0.000000 3.302034 0.000 0 0.000
39301.00 1419.17 100.138999 0.0000000000000000 0.000000 255.272418 -1162212.326106 30.328542 125.425322 -20.253629 1455.946640 -6.003 -6.003 0.000000 3.301807 0.000 0 0.000
39201.00 1418.96 100.138999 0.0000000000000000 0.000000 255.272418 -1162515.621959 30.330629 125.432307 -20.261098 1455.887321 -6.009 -6.009 0.000000 3.301580 0.000 0 0.000
39101.00 1418.74 100.138999 0.0000000000000000 0.000000 255.272418 -1162818.938695 30.332719 125.439294 -20.268575 1455.828284 -6.015 -6.015 0.000000 3.301353 0.000 0 0.000
39001.00 1418.52 100.138999 0.0000000000000000 0.000000 255.272418 -1163122.276351 30.334813 125.446284 -20.276062 1455.769534 -6.020 -6.020 0.000000 3.301125 0.000 0 0.000
38901.00 1418.30 100.138999 0.0000000000000000 0.000000 255.272418 -1163425.634964 30.336910 125.453277 -20.283558 1455.711073 -6.026 -6.026 0.000000 3.300896 0.000 0 0.000
38801.00 1418.08 100.138999 0.0000000000000000 0.000000 255.272418 -1163729.014571 30.339012 125.460271 -20.291064 1455.652906 -6.031 -6.031 0.000000 3.300668 0.000 0 0.000
38701.00 1417.86 100.138999 0.0000000000000000 0.000000 255.272418 -1164032.415211 30.341117 125.467269 -20.298578 1455.595034 -6.037 -6.037 0.000000 3.300439 0.000 0 0.000
38601.00 1417.64 100.138999 0.0000000000000000 0.000000 255.272418 -1164335.836922 30.343226 125.474269 -20.306103 1455.537462 -6.043 -6.043 0.000000 3.300209 0.000 0 0.000
38501.00 1417.42 100.138999 0.0000000000000000 0.000000 255.272418 -1164639.279742 30.345339 125.481272 -20.313636 1455.480192 -6.048 -6.048 0.000000 3.299980 0.000 0 0.000
38401.00 1417.21 100.138999 0.0000000000000000 0.000000 255.272418 -1164942.743711 30.347456 125.488278 -20.321180 1455.423230 -6.054 -6.054 0.000000 3.299749 0.000 0 0.000
38301.00 1416.99 100.138999 0.0000000000000000 0.000000 255.272418 -1165246.228867 30.349576 125.495287 -20.328733 1455.366577 -6.060 -6.060 0.000000 3.299519 0.000 0 0.000
38201.00 1416.77 100.138999 0.0000000000000000 0.000000 255.272418 -1165549.735251 30.351701 125.502299 -20.336297 1455.310238 -6.066 -6.066 0.000000 3.299288 0.000 0 0.000
38101.00 1416.55 100.138999 0.0000000000000000 0.000000 255.272418 -1165853.262904 30.353830 125.509313 -20.343870 1455.254217 -6.071 -6.071 0.000000 3.299056 0.000 0 0.000
38001.00 1416.33 100.138999 0.0000000000000000 0.000000 255.272418 -1166156.811864 30.355963 125.516331 -20.351454 1455.198517 -6.077 -6.077 0.000000 3.298825 0.000 0 0.000
37901.00 1416.11 100.138999 0.0000000000000000 0.000000 255.272418 -1166460.382175 30.358100 125.523352 -20.359048 1455.143142 -6.083 -6.083 0.000000 3.298592 0.000 0 0.000
37801.00 1415.89 100.138999 0.0000000000000000 0.000000 255.272418 -1166763.973877 30.360241 125.530376 -20.366652 1455.088096 -6.089 -6.089 0.000000 3.298360 0.000 0 0.000
37701.00 1415.67 100.138999 0.0000000000000000 0.000000 255.272418 -1167067.587011 30.362387 125.537404 -20.374267 1455.033383 -6.095 -6.095 0.000000 3.298127 0.000 0 0.000
37601.00 1415.45 100.138999 0.0000000000000000 0.000000 255.272418 -1167371.221621 30.364536 125.544434 -20.381893 1454.979007 -6.101 -6.101 0.000000 3.297893 0.000 0 0.000
37501.00 1415.23 100.138999 0.0000000000000000 0.000000 255.272418 -1167674.877750 30.366690 125.551469 -20.389529 1454.924973 -6.107 -6.107 0.000000 3.297659 0.000 0 0.000
37401.00 1415.01 100.138999 0.0000000000000000 0.000000 255.272418 -1167978.555439 30.368848 125.558506 -20.397177 1454.871283 -6.112 -6.112 0.000000 3.297425 0.000 0 0.000
37301.00 1414.79 100.138999 0.0000000000000000 0.000000 255.272418 -1168282.254734 30.371011 125.565548 -20.404835 1454.817944 -6.118 -6.118 0.000000 3.297190 0.000 0 0.000
37201.00 1414.57 100.138999 0.0000000000000000 0.000000 255.272418 -1168585.975678 30.373178 125.572593 -20.412505 1454.764959 -6.124 -6.124 0.000000 3.296955 0.000 0 0.000
37101.00 1414.35 100.138999 0.0000000000000000 0.000000 255.272418 -1168889.718316 30.375350 125.579641 -20.420186 1454.712332 -6.130 -6.130 0.000000 3.296719 0.000 0 0.000
37001.00 1414.13 100.138999 0.0000000000000000 0.000000 255.272418 -1169193.482692 30.377526 125.586694 -20.427878 1454.660068 -6.136 -6.136 0.000000 3.296483 0.000 0 0.000
36901.00 1413.91 100.138999 0.0000000000000000 0.000000 255.272418 -1169497.268854 30.379707 125.593750 -20.435582 1454.608172 -6.142 -6.142 0.000000 3.296246 0.000 0 0.000
36801.00 1413.69 100.138999 0.0000000000000000 0.000000 255.272418 -1169801.076846 30.381892 125.600810 -20.443298 1454.556648 -6.148 -6.148 0.000000 3.296009 0.000 0 0.000
36701.00 1413.47 100.138999 0.0000000000000000 0.000000 255.272418 -1170104.906715 30.384082 125.607875 -20.451025 1454.505502 -6.154 -6.154 0.000000 3.295772 0.000 0 0.000
36601.00 1413.24 100.138999 0.0000000000000000 0.000000 255.272418 -1170408.758509 30.386277 125.614943 -20.458765 1454.454737 -6.161 -6.161 0.000000 3.295534 0.000 0 0.000
36501.00 1413.02 100.138999 0.0000000000000000 0.000000 255.272418 -1170712.632275 30.388477 125.622016 -20.466517 1454.404360 -6.167 -6.167 0.000000 3.295295 0.000 0 0.000
36401.00 1412.80 100.138999 0.0000000000000000 0.000000 255.272418 -1171016.528061 30.390681 125.629093 -20.474281 1454.354374 -6.173 -6.173 0.000000 3.295056 0.000 0 0.000
36301.00 1412.58 100.138999 0.0000000000000000 0.000000 255.272418 -1171320.445917 30.392891 125.636174 -20.482058 1454.304786 -6.179 -6.179 0.000000 3.294817 0.000 0 0.000
36201.00 1412.36 100.138999 0.0000000000000000 0.000000 255.272418 -1171624.385891 30.395105 125.643260 -20.489847 1454.255601 -6.185 -6.185 0.000000 3.294577 0.000 0 0.000
36101.00 1412.14 100.138999 0.0000000000000000 0.000000 255.272418 -1171928.348034 30.397324 125.650351 -20.497649 1454.206823 -6.191 -6.191 0.000000 3.294336 0.000 0 0.000
36001.00 1411.92 100.138999 0.0000000000000000 0.000000 255.272418 -1172232.332395 30.399549 125.657446 -20.505465 1454.158459 -6.198 -6.198 0.000000 3.294095 0.000 0 0.000
35901.00 1411.70 100.138999 0.0000000000000000 0.000000 255.272418 -1172536.339027 30.401778 125.664546 -20.513293 1454.110514 -6.204 -6.204 0.000000 3.293853 0.000 0 0.000
35801.00 1411.47 100.138999 0.0000000000000000 0.000000 255.272418 -1172840.367980 30.404013 125.671651 -20.521135 1454.062993 -6.210 -6.210 0.000000 3.293611 0.000 0 0.000
35701.00 1411.25 100.138999 0.0000000000000000 0.000000 255.272418 -1173144.419307 30.406253 125.678761 -20.528990 1454.015903 -6.216 -6.216 0.000000 3.293369 0.000 0 0.000
35601.00 1411.03 100.138999 0.0000000000000000 0.000000 255.272418 -1173448.493061 30.408499 125.685876 -20.536859 1453.969250 -6.223 -6.223 0.000000 3.293125 0.000 0 0.000
35501.00 1410.81 100.138999 0.0000000000000000 0.000000 255.272418 -1173752.589295 30.410749 125.692996 -20.544741 1453.923039 -6.229 -6.229 0.000000 3.292882 0.000 0 0.000
35401.00 1410.58 100.138999 0.0000000000000000 0.000000 255.272418 -1174056.708065 30.413005 125.700122 -20.552638 1453.877277 -6.236 -6.236 0.000000 3.292637 0.000 0 0.000
35301.00 1410.36 100.138999 0.0000000000000000 0.000000 255.272418 -1174360.849424 30.415267 125.707253 -20.560549 1453.831969 -6.242 -6.242 0.000000 3.292393 0.000 0 0.000
35201.00 1410.14 100.138999 0.0000000000000000 0.000000 255.272418 -1174665.013428 30.417535 125.714389 -20.568474 1453.787123 -6.248 -6.248 0.000000 3.292147 0.000 0 0.000
35101.00 1409.92 100.138999 0.0000000000000000 0.000000 255.272418 -1174969.200134 30.419808 125.721531 -20.576414 1453.742745 -6.255 -6.255 0.000000 3.291901 0.000 0 0.000
35001.00 1409.69 100.138999 0.0000000000000000 0.000000 255.272418 -1175273.409598 30.422086 125.728679 -20.584369 1453.698841 -6.261 -6.261 0.000000 3.291655 0.000 0 0.000
34901.00 1409.47 100.138999 0.0000000000000000 0.000000 255.272418 -1175577.641879 30.424371 125.735833 -20.592339 1453.655419 -6.268 -6.268 0.000000 3.291407 0.000 0 0.000
34801.00 1409.25 100.138999 0.0000000000000000 0.000000 255.272418 -1175881.897034 30.426661 125.742992 -20.600324 1453.612485 -6.274 -6.274 0.000000 3.291160 0.000 0 0.000
34701.00 1409.02 100.138999 0.0000000000000000 0.000000 255.272418 -1176186.175123 30.428958 125.750158 -20.608324 1453.570047 -6.281 -6.281 0.000000 3.290911 0.000 0 0.000
34601.00 1408.80 100.138999 0.0000000000000000 0.000000 255.272418 -1176490.476207 30.431260 125.757331 -20.616340 1453.528111 -6.288 -6.288 0.000000 3.290662 0.000 0 0.000
34501.00 1408.58 100.138999 0.0000000000000000 0.000000 255.272418 -1176794.800344 30.433569 125.764509 -20.624372 1453.486686 -6.294 -6.294 0.000000 3.290413 0.000 0 0.000
34401.00 1408.35 100.138999 0.0000000000000000 0.000000 255.272418 -1177099.147598 30.435883 125.771694 -20.632420 1453.445778 -6.301 -6.301 0.000000 3.290162 0.000 0 0.000
34301.00 1408.13 100.138999 0.0000000000000000 0.000000 255.272418 -1177403.518031 30.438204 125.778886 -20.640484 1453.405396 -6.307 -6.307 0.000000 3.289912 0.000 0 0.000
34201.00 1407.91 100.138999 0.0000000000000000 0.000000 255.272418 -1177707.911705 30.440532 125.786084 -20.648565 1453.365547 -6.314 -6.314 0.000000 3.289660 0.000 0 0.000
34101.00 1407.68 100.138999 0.0000000000000000 0.000000 255.272418 -1178012.328685 30.442865 125.793290 -20.656663 1453.326239 -6.321 -6.321 0.000000 3.289408 0.000 0 0.000
34001.00 1407.46 100.138999 0.0000000000000000 0.000000 255.272418 -1178316.769036 30.445206 125.800503 -20.664777 1453.287481 -6.328 -6.328 0.000000 3.289155 0.000 0 0.000
33901.00 1407.23 100.138999 0.0000000000000000 0.000000 255.272418 -1178621.232824 30.447553 125.807722 -20.672909 1453.249281 -6.334 -6.334 0.000000 3.288901 0.000 0 0.000
33801.00 1407.01 100.138999 0.0000000000000000 0.000000 255.272418 -1178925.720114 30.449906 125.814950 -20.681059 1453.211648 -6.341 -6.341 0.000000 3.288647 0.000 0 0.000
33701.00 1406.78 100.138999 0.0000000000000000 0.000000 255.272418 -1179230.230976 30.452267 125.822184 -20.689226 1453.174590 -6.348 -6.348 0.000000 3.288392 0.000 0 0.000
33601.00 1406.56 100.138999 0.0000000000000000 0.000000 255.272418 -1179534.765477 30.454634 125.829427 -20.697411 1453.138116 -6.355 -6.355 0.000000 3.288137 0.000 0 0.000
33501.00 1406.33 100.138999 0.0000000000000000 0.000000 255.272418 -1179839.323687 30.457009 125.836677 -20.705614 1453.102236 -6.362 -6.362 0.000000 3.287880 0.000 0 0.000
33401.00 1406.11 100.138999 0.0000000000000000 0.000000 255.272418 -1180143.905677 30.459390 125.843936 -20.713836 1453.066959 -6.369 -6.369 0.000000 3.287623 0.000 0 0.000
33301.00 1405.88 100.138999 0.0000000000000000 0.000000 255.272418 -1180448.511518 30.461779 125.851202 -20.722077 1453.032294 -6.376 -6.376 0.000000 3.287365 0.000 0 0.000
33201.00 1405.66 100.138999 0.0000000000000000 0.000000 255.272418 -1180753.141282 30.464175 125.858477 -20.730337 1452.998252 -6.383 -6.383 0.000000 3.287107 0.000 0 0.000
33101.00 1405.43 100.138999 0.0000000000000000 0.000000 255.272418 -1181057.795044 30.466579 125.865761 -20.738616 1452.964842 -6.390 -6.390 0.000000 3.286848 0.000 0 0.000
33001.00 1405.20 100.138999 0.0000000000000000 0.000000 255.272418 -1181362.472878 30.468989 125.873053 -20.746915 1452.932074 -6.397 -6.397 0.000000 3.286587 0.000 0 0.000
32901.00 1404.98 100.138999 0.0000000000000000 0.000000 255.272418 -1181667.174859 30.471408 125.880355 -20.755234 1452.899960 -6.404 -6.404 0.000000 3.286327 0.000 0 0.000
32801.00 1404.75 100.138999 0.0000000000000000 0.000000 255.272418 -1181971.901066 30.473834 125.887665 -20.763573 1452.868509 -6.411 -6.411 0.000000 3.286065 0.000 0 0.000
32701.00 1404.52 100.138999 0.0000000000000000 0.000000 255.272418 -1182276.651574 30.476269 125.894985 -20.771933 1452.837732 -6.418 -6.418 0.000000 3.285802 0.000 0 0.000
32601.00 1404.30 100.138999 0.0000000000000000 0.000000 255.272418 -1182581.426465 30.478711 125.902314 -20.780314 1452.807641 -6.426 -6.426 0.000000 3.285539 0.000 0 0.000
32501.00 1404.07 100.138999 0.0000000000000000 0.000000 255.272418 -1182886.225819 30.481161 125.909653 -20.788716 1452.778248 -6.433 -6.433 0.000000 3.285275 0.000 0 0.000
32401.00 1403.84 100.138999 0.0000000000000000 0.000000 255.272418 -1183191.049716 30.483620 125.917002 -20.797140 1452.749564 -6.440 -6.440 0.000000 3.285010 0.000 0 0.000
32301.00 1403.62 100.138999 0.0000000000000000 0.000000 255.272418 -1183495.898240 30.486087 125.924361 -20.805585 1452.721600 -6.448 -6.448 0.000000 3.284744 0.000 0 0.000
32201.00 1403.39 100.138999 0.0000000000000000 0.000000 255.272418 -1183800.771476 30.488562 125.931731 -20.814053 1452.694370 -6.455 -6.455 0.000000 3.284478 0.000 0 0.000
32101.00 1403.16 100.138999 0.0000000000000000 0.000000 255.272418 -1184105.669507 30.491046 125.939111 -20.822544 1452.667885 -6.462 -6.462 0.000000 3.284210 0.000 0 0.000
32001.00 1402.93 100.138999 0.0000000000000000 0.000000 255.272418 -1184410.592423 30.493539 125.946502 -20.831057 1452.642159 -6.470 -6.470 0.000000 3.283942 0.000 0 0.000
31901.00 1402.70 100.138999 0.0000000000000000 0.000000 255.272418 -1184715.540310 30.496040 125.953904 -20.839594 1452.617205 -6.477 -6.477 0.000000 3.283672 0.000 0 0.000
31801.00 1402.47 100.138999 0.0000000000000000 0.000000 255.272418 -1185020.513258 30.498551 125.961317 -20.848155 1452.593036 -6.485 -6.485 0.000000 3.283402 0.000 0 0.000
31701.00 1402.25 100.138999 0.0000000000000000 0.000000 255.272418 -1185325.511359 30.501071 125.968742 -20.856740 1452.569666 -6.492 -6.492 0.000000 3.283131 0.000 0 0.000
31601.00 1402.02 100.138999 0.0000000000000000 0.000000 255.272418 -1185630.534704 30.503600 125.976179 -20.865349 1452.547108 -6.500 -6.500 0.000000 3.282858 0.000 0 0.000
31501.00 1401.79 100.138999 0.0000000000000000 0.000000 255.272418 -1185935.583389 30.506139 125.983628 -20.873984 1452.525379 -6.507 -6.507 0.000000 3.282585 0.000 0 0.000
31401.00 1401.56 100.138999 0.0000000000000000 0.000000 255.272418 -1186240.657507 30.508687 125.991089 -20.882643 1452.504491 -6.515 -6.515 0.000000 3.282311 0.000 0 0.000
31301.00 1401.33 100.138999 0.0000000000000000 0.000000 255.272418 -1186545.757157 30.511245 125.998563 -20.891329 1452.484461 -6.523 -6.523 0.000000 3.282036 0.000 0 0.000
31201.00 1401.10 100.138999 0.0000000000000000 0.000000 255.272418 -1186850.882438 30.513813 126.006049 -20.900040 1452.465304 -6.531 -6.531 0.000000 3.281760 0.000 0 0.000
31101.00 1400.87 100.138999 0.0000000000000000 0.000000 255.272418 -1187156.033449 30.516391 126.013549 -20.908779 1452.447036 -6.538 -6.538 0.000000 3.281482 0.000 0 0.000
31001.00 1400.64 100.138999 0.0000000000000000 0.000000 255.272418 -1187461.210292 30.518979 126.021062 -20.917544 1452.429673 -6.546 -6.546 0.000000 3.281204 0.000 0 0.000
30901.00 1400.40 100.138999 0.0000000000000000 0.000000 255.272418 -1187766.413073 30.521578 126.028589 -20.926337 1452.413231 -6.554 -6.554 0.000000 3.280925 0.000 0 0.000
30801.00 1400.17 100.138999 0.0000000000000000 0.000000 255.272418 -1188071.641895 30.524188 126.036130 -20.935159 1452.397728 -6.562 -6.562 0.000000 3.280644 0.000 0 0.000
30701.00 1399.94 100.138999 0.0000000000000000 0.000000 255.272418 -1188376.896867 30.526808 126.043686 -20.944008 1452.383182 -6.570 -6.570 0.000000 3.280363 0.000 0 0.000
30601.00 1399.71 100.138999 0.0000000000000000 0.000000 255.272418 -1188682.178097 30.529440 126.051256 -20.952887 1452.369610 -6.578 -6.578 0.000000 3.280080 0.000 0 0.000
30501.00 1399.48 100.138999 0.0000000000000000 0.000000 255.272418 -1188987.485697 30.532082 126.058841 -20.961796 1452.357030 -6.586 -6.586 0.000000 3.279796 0.000 0 0.000
30401.00 1399.25 100.138999 0.0000000000000000 0.000000 255.272418 -1189292.819781 30.534736 126.066442 -20.970734 1452.345462 -6.594 -6.594 0.000000 3.279511 0.000 0 0.000
30301.00 1399.01 100.138999 0.0000000000000000 0.000000 255.272418 -1189598.180462 30.537402 126.074058 -20.979703 1452.334925 -6.602 -6.602 0.000000 3.279225 0.000 0 0.000
30201.00 1398.78 100.138999 0.0000000000000000 0.000000 255.272418 -1189903.567859 30.540079 126.081691 -20.988704 1452.325439 -6.610 -6.610 0.000000 3.278937 0.000 0 0.000
30101.00 1398.55 100.138999 0.0000000000000000 0.000000 255.272418 -1190208.982090 30.542769 126.089340 -20.997736 1452.317023 -6.619 -6.619 0.000000 3.278648 0.000 0 0.000
30001.00 1398.31 100.138999 0.0000000000000000 0.000000 255.272418 -1190514.423278 30.545471 126.097006 -21.006800 1452.309699 -6.627 -6.627 0.000000 3.278358 0.000 0 0.000
29901.00 1398.08 100.138999 0.0000000000000000 0.000000 255.272418 -1190819.891544 30.548185 126.104689 -21.015898 1452.303489 -6.635 -6.635 0.000000 3.278067 0.000 0 0.000
29801.00 1397.85 100.138999 0.0000000000000000 0.000000 255.272418 -1191125.387017 30.550912 126.112390 -21.025028 1452.298414 -6.644 -6.644 0.000000 3.277774 0.000 0 0.000
29701.00 1397.61 100.138999 0.0000000000000000 0.000000 255.272418 -1191430.909822 30.553652 126.120108 -21.034193 1452.294496 -6.652 -6.652 0.000000 3.277481 0.000 0 0.000
29601.00 1397.38 100.138999 0.0000000000000000 0.000000 255.272418 -1191736.460092 30.556405 126.127845 -21.043393 1452.291759 -6.661 -6.661 0.000000 3.277185 0.000 0 0.000
29501.00 1397.14 100.138999 0.0000000000000000 0.000000 255.272418 -1192042.037960 30.559171 126.135602 -21.052629 1452.290226 -6.669 -6.669 0.000000 3.276889 0.000 0 0.000
29401.00 1396.91 100.138999 0.0000000000000000 0.000000 255.272418 -1192347.643560 30.561951 126.143377 -21.061900 1452.289923 -6.678 -6.678 0.000000 3.276591 0.000 0 0.000
29301.00 1396.67 100.138999 0.0000000000000000 0.000000 255.272418 -1192653.277031 30.564745 126.151172 -21.071208 1452.290873 -6.687 -6.687 0.000000 3.276291 0.000 0 0.000
29201.00 1396.43 100.138999 0.0000000000000000 0.000000 255.272418 -1192958.938513 30.567554 126.158988 -21.080554 1452.293102 -6.695 -6.695 0.000000 3.275990 0.000 0 0.000
29101.00 1396.20 100.138999 0.0000000000000000 0.000000 255.272418 -1193264.628151 30.570376 126.166824 -21.089938 1452.296637 -6.704 -6.704 0.000000 3.275687 0.000 0 0.000
29001.00 1395.96 100.138999 0.0000000000000000 0.000000 255.272418 -1193570.346090 30.573214 126.174681 -21.099360 1452.301505 -6.713 -6.713 0.000000 3.275383 0.000 0 0.000
28901.00 1395.72 100.138999 0.0000000000000000 0.000000 255.272418 -1193876.092479 30.576066 126.182560 -21.108823 1452.307733 -6.722 -6.722 0.000000 3.275078 0.000 0 0.000
28801.00 1395.48 100.138999 0.0000000000000000 0.000000 255.272418 -1194181.867470 30.578934 126.190461 -21.118326 1452.315350 -6.731 -6.731 0.000000 3.274771 0.000 0 0.000
28701.00 1395.25 100.138999 0.0000000000000000 0.000000 255.272418 -1194487.671219 30.581818 126.198386 -21.127870 1452.324386 -6.740 -6.740 0.000000 3.274462 0.000 0 0.000
28601.00 1395.01 100.138999 0.0000000000000000 0.000000 255.272418 -1194793.503884 30.584718 126.206333 -21.137457 1452.334870 -6.749 -6.749 0.000000 3.274152 0.000 0 0.000
28501.00 1394.77 100.138999 0.0000000000000000 0.000000 255.272418 -1195099.365625 30.587633 126.214304 -21.147087 1452.346833 -6.758 -6.758 0.000000 3.273839 0.000 0 0.000
28401.00 1394.53 100.138999 0.0000000000000000 0.000000 255.272418 -1195405.256607 30.590566 126.222300 -21.156760 1452.360307 -6.767 -6.767 0.000000 3.273526 0.000 0 0.000
28301.00 1394.29 100.138999 0.0000000000000000 0.000000 255.272418 -1195711.176998 30.593515 126.230321 -21.166478 1452.375326 -6.776 -6.776 0.000000 3.273210 0.000 0 0.000
28201.00 1394.05 100.138999 0.0000000000000000 0.000000 255.272418 -1196017.126970 30.596482 126.238367 -21.176242 1452.391922 -6.786 -6.786 0.000000 3.272893 0.000 0 0.000
28101.00 1393.81 100.138999 0.0000000000000000 0.000000 255.272418 -1196323.106697 30.599466 126.246440 -21.186052 1452.410130 -6.795 -6.795 0.000000 3.272573 0.000 0 0.000
28001.00 1393.57 100.138999 0.0000000000000000 0.000000 255.272418 -1196629.116358 30.602469 126.254540 -21.195910 1452.429986 -6.805 -6.805 0.000000 3.272252 0.000 0 0.000
27901.00 1393.33 100.138999 0.0000000000000000 0.000000 255.272418 -1196935.156136 30.605490 126.262667 -21.205816 1452.451527 -6.814 -6.814 0.000000 3.271929 0.000 0 0.000
27801.00 1393.08 100.138999 0.0000000000000000 0.000000 255.272418 -1197241.226215 30.608529 126.270823 -21.215772 1452.474790 -6.824 -6.824 0.000000 3.271604 0.000 0 0.000
27701.00 1392.84 100.138999 0.0000000000000000 0.000000 255.272418 -1197547.326786 30.611588 126.279008 -21.225779 1452.499813 -6.833 -6.833 0.000000 3.271277 0.000 0 0.000
27601.00 1392.60 100.138999 0.0000000000000000 0.000000 255.272418 -1197853.458044 30.614667 126.287222 -21.235838 1452.526637 -6.843 -6.843 0.000000 3.270949 0.000 0 0.000
27501.00 1392.35 100.138999 0.0000000000000000 0.000000 255.272418 -1198159.620187 30.617765 126.295467 -21.245949 1452.555304 -6.853 -6.853 0.000000 3.270618 0.000 0 0.000
27401.00 1392.11 100.138999 0.0000000000000000 0.000000 255.272418 -1198465.813417 30.620884 126.303743 -21.256114 1452.585854 -6.863 -6.863 0.000000 3.270284 0.000 0 0.000
27301.00 1391.87 100.138999 0.0000000000000000 0.000000 255.272418 -1198772.037942 30.624024 126.312051 -21.266334 1452.618333 -6.873 -6.873 0.000000 3.269949 0.000 0 0.000
27201.00 1391.62 100.138999 0.0000000000000000 0.000000 255.272418 -1199078.293972 30.627186 126.320393 -21.276611 1452.652784 -6.883 -6.883 0.000000 3.269612 0.000 0 0.000
27101.00 1391.37 100.138999 0.0000000000000000 0.000000 255.272418 -1199384.581726 30.630369 126.328767 -21.286945 1452.689255 -6.893 -6.893 0.000000 3.269272 0.000 0 0.000
27001.00 1391.13 100.138999 0.0000000000000000 0.000000 255.272418 -1199690.901423 30.633574 126.337177 -21.297339 1452.727793 -6.903 -6.903 0.000000 3.268930 0.000 0 0.000
26901.00 1390.88 100.138999 0.0000000000000000 0.000000 255.272418 -1199997.253291 30.636803 126.345622 -21.307792 1452.768447 -6.914 -6.914 0.000000 3.268585 0.000 0 0.000
26801.00 1390.63 100.138999 0.0000000000000000 0.000000 255.272418 -1200303.637560 30.640055 126.354104 -21.318307 1452.811269 -6.924 -6.924 0.000000 3.268238 0.000 0 0.000
26701.00 1390.39 100.138999 0.0000000000000000 0.000000 255.272418 -1200610.054467 30.643331 126.362622 -21.328886 1452.856310 -6.935 -6.935 0.000000 3.267889 0.000 0 0.000
26601.00 1390.14 100.138999 0.0000000000000000 0.000000 255.272418 -1200916.504256 30.646631 126.371180 -21.339528 1452.903624 -6.945 -6.945 0.000000 3.267537 0.000 0 0.000
26501.00 1389.89 100.138999 0.0000000000000000 0.000000 255.272418 -1201222.987173 30.649957 126.379776 -21.350237 1452.953269 -6.956 -6.956 0.000000 3.267182 0.000 0 0.000
26401.00 1389.64 100.138999 0.0000000000000000 0.000000 255.272418 -1201529.503473 30.653308 126.388414 -21.361013 1453.005300 -6.967 -6.967 0.000000 3.266825 0.000 0 0.000
26301.00 1389.39 100.138999 0.0000000000000000 0.000000 255.272418 -1201836.053416 30.656685 126.397093 -21.371859 1453.059778 -6.977 -6.977 0.000000 3.266465 0.000 0 0.000
26201.00 1389.14 100.138999 0.0000000000000000 0.000000 255.272418 -1202142.637267 30.660090 126.405814 -21.382775 1453.116764 -6.988 -6.988 0.000000 3.266103 0.000 0 0.000
26101.00 1388.88 100.138999 0.0000000000000000 0.000000 255.272418 -1202449.255299 30.663522 126.414579 -21.393763 1453.176323 -6.999 -6.999 0.000000 3.265737 0.000 0 0.000
26001.00 1388.63 100.138999 0.0000000000000000 0.000000 255.272418 -1202755.907792 30.666982 126.423390 -21.404826 1453.238518 -7.011 -7.011 0.000000 3.265369 0.000 0 0.000
25901.00 1388.38 100.138999 0.0000000000000000 0.000000 255.272418 -1203062.595031 30.670471 126.432247 -21.415966 1453.303420 -7.022 -7.022 0.000000 3.264997 0.000 0 0.000
25801.00 1388.12 100.138999 0.0000000000000000 0.000000 255.272418 -1203369.317311 30.673990 126.441151 -21.427183 1453.371097 -7.033 -7.033 0.000000 3.264623 0.000 0 0.000
25701.00 1387.87 100.138999 0.0000000000000000 0.000000 255.272418 -1203676.074931 30.677539 126.450105 -21.438480 1453.441622 -7.045 -7.045 0.000000 3.264245 0.000 0 0.000
25601.00 1387.61 100.138999 0.0000000000000000 0.000000 255.272418 -1203982.868200 30.681120 126.459109 -21.449858 1453.515071 -7.056 -7.056 0.000000 3.263864 0.000 0 0.000
25501.00 1387.36 100.138999 0.0000000000000000 0.000000 255.272418 -1204289.697433 30.684732 126.468164 -21.461321 1453.591522 -7.068 -7.068 0.000000 3.263480 0.000 0 0.000
25401.00 1387.10 100.138999 0.0000000000000000 0.000000 255.272418 -1204596.562957 30.688378 126.477273 -21.472871 1453.671054 -7.080 -7.080 0.000000 3.263092 0.000 0 0.000
25301.00 1386.84 100.138999 0.0000000000000000 0.000000 255.272418 -1204903.465102 30.692057 126.486437 -21.484508 1453.753753 -7.091 -7.091 0.000000 3.262701 0.000 0 0.000
25201.00 1386.58 100.138999 0.0000000000000000 0.000000 255.272418 -1205210.404212 30.695771 126.495658 -21.496237 1453.839704 -7.103 -7.103 0.000000 3.262306 0.000 0 0.000
25101.00 1386.33 100.138999 0.0000000000000000 0.000000 255.272418 -1205517.380636 30.699520 126.504936 -21.508058 1453.928997 -7.116 -7.116 0.000000 3.261908 0.000 0 0.000
25001.00 1386.06 100.138999 0.0000000000000000 0.000000 255.272418 -1205824.394734 30.703306 126.514274 -21.519975 1454.021725 -7.128 -7.128 0.000000 3.261505 0.000 0 0.000
24901.00 1385.80 100.138999 0.0000000000000000 0.000000 255.272418 -1206131.446877 30.707129 126.523674 -21.531991 1454.117985 -7.140 -7.140 0.000000 3.261099 0.000 0 0.000
24801.00 1385.54 100.138999 0.0000000000000000 0.000000 255.272418 -1206438.537444 30.710991 126.533137 -21.544107 1454.217876 -7.153 -7.153 0.000000 3.260689 0.000 0 0.000
24701.00 1385.28 100.138999 0.0000000000000000 0.000000 255.272418 -1206745.666826 30.714892 126.542666 -21.556327 1454.321504 -7.165 -7.165 0.000000 3.260275 0.000 0 0.000
24601.00 1385.01 100.138999 0.0000000000000000 0.000000 255.272418 -1207052.835424 30.718834 126.552262 -21.568654 1454.428975 -7.178 -7.178 0.000000 3.259857 0.000 0 0.000
24501.00 1384.75 100.138999 0.0000000000000000 0.000000 255.272418 -1207360.043652 30.722818 126.561928 -21.581090 1454.540402 -7.191 -7.191 0.000000 3.259434 0.000 0 0.000
24401.00 1384.48 100.138999 0.0000000000000000 0.000000 255.272418 -1207667.291933 30.726845 126.571665 -21.593639 1454.655901 -7.204 -7.204 0.000000 3.259007 0.000 0 0.000
24301.00 1384.22 100.138999 0.0000000000000000 0.000000 255.272418 -1207974.580705 30.730917 126.581477 -21.606303 1454.775594 -7.217 -7.217 0.000000 3.258575 0.000 0 0.000
24201.00 1383.95 100.138999 0.0000000000000000 0.000000 255.272418 -1208281.910417 30.735034 126.591364 -21.619087 1454.899607 -7.231 -7.231 0.000000 3.258139 0.000 0 0.000
24101.00 1383.68 100.138999 0.0000000000000000 0.000000 255.272418 -1208589.281532 30.739197 126.601330 -21.631994 1455.028070 -7.244 -7.244 0.000000 3.257697 0.000 0 0.000
24001.00 1383.41 100.138999 0.0000000000000000 0.000000 255.272418 -1208896.694526 30.743410 126.611378 -21.645028 1455.161119 -7.258 -7.258 0.000000 3.257251 0.000 0 0.000
23901.00 1383.14 100.138999 0.0000000000000000 0.000000 255.272418 -1209204.149891 30.747672 126.621509 -21.658191 1455.298898 -7.272 -7.272 0.000000 3.256799 0.000 0 0.000
23801.00 1382.86 100.138999 0.0000000000000000 0.000000 255.272418 -1209511.648132 30.751985 126.631727 -21.671489 1455.441554 -7.286 -7.286 0.000000 3.256343 0.000 0 0.000
23701.00 1382.59 100.138999 0.0000000000000000 0.000000 255.272418 -1209819.189770 30.756352 126.642035 -21.684925 1455.589240 -7.300 -7.300 0.000000 3.255880 0.000 0 0.000
23601.00 1382.31 100.138999 0.0000000000000000 0.000000 255.272418 -1210126.775345 30.760773 126.652435 -21.698504 1455.742117 -7.314 -7.314 0.000000 3.255412 0.000 0 0.000
23501.00 1382.04 100.138999 0.0000000000000000 0.000000 255.272418 -1210434.405409 30.765250 126.662931 -21.712229 1455.900353 -7.329 -7.329 0.000000 3.254939 0.000 0 0.000
23401.00 1381.76 100.138999 0.0000000000000000 0.000000 255.272418 -1210742.080536 30.769785 126.673526 -21.726107 1456.064122 -7.343 -7.343 0.000000 3.254459 0.000 0 0.000
23301.00 1381.48 100.138999 0.0000000000000000 0.000000 255.272418 -1211049.801316 30.774381 126.684223 -21.740141 1456.233606 -7.358 -7.358 0.000000 3.253973 0.000 0 0.000
23201.00 1381.20 100.138999 0.0000000000000000 0.000000 255.272418 -1211357.568358 30.779038 126.695026 -21.754336 1456.408996 -7.373 -7.373 0.000000 3.253480 0.000 0 0.000
23101.00 1380.91 100.138999 0.0000000000000000 0.000000 255.272418 -1211665.382294 30.783760 126.705939 -21.768699 1456.590490 -7.389 -7.389 0.000000 3.252981 0.000 0 0.000
23001.00 1380.63 100.138999 0.0000000000000000 0.000000 255.272418 -1211973.243774 30.788547 126.716965 -21.783234 1456.778295 -7.404 -7.404 0.000000 3.252476 0.000 0 0.000
22901.00 1380.34 100.138999 0.0000000000000000 0.000000 255.272418 -1212281.153470 30.793403 126.728109 -21.797947 1456.972628 -7.420 -7.420 0.000000 3.251963 0.000 0 0.000
22801.00 1380.06 100.138999 0.0000000000000000 0.000000 255.272418 -1212589.112080 30.798330 126.739375 -21.812845 1457.173716 -7.436 -7.436 0.000000 3.251442 0.000 0 0.000
22701.00 1379.77 100.138999 0.0000000000000000 0.000000 255.272418 -1212897.120321 30.803330 126.750767 -21.827933 1457.381796 -7.452 -7.452 0.000000 3.250915 0.000 0 0.000
22601.00 1379.48 100.138999 0.0000000000000000 0.000000 255.272418 -1213205.178940 30.808406 126.762291 -21.843219 1457.597115 -7.468 -7.468 0.000000 3.250379 0.000 0 0.000
22501.00 1379.18 100.138999 0.0000000000000000 0.000000 255.272418 -1213513.288707 30.813561 126.773950 -21.858709 1457.819934 -7.484 -7.484 0.000000 3.249835 0.000 0 0.000
22401.00 1378.89 100.138999 0.0000000000000000 0.000000 255.272418 -1213821.450422 30.818796 126.785750 -21.874411 1458.050524 -7.501 -7.501 0.000000 3.249283 0.000 0 0.000
22301.00 1378.59 100.138999 0.0000000000000000 0.000000 255.272418 -1214129.664911 30.824116 126.797697 -21.890331 1458.289170 -7.518 -7.518 0.000000 3.248722 0.000 0 0.000
22201.00 1378.30 100.138999 0.0000000000000000 0.000000 255.272418 -1214437.933032 30.829523 126.809796 -21.906479 1458.536171 -7.535 -7.535 0.000000 3.248153 0.000 0 0.000
22101.00 1377.99 100.138999 0.0000000000000000 0.000000 255.272418 -1214746.255675 30.835021 126.822052 -21.922863 1458.791838 -7.553 -7.553 0.000000 3.247574 0.000 0 0.000
22001.00 1377.69 100.138999 0.0000000000000000 0.000000 255.272418 -1215054.633763 30.840613 126.834473 -21.939491 1459.056501 -7.571 -7.571 0.000000 3.246985 0.000 0 0.000
21901.00 1377.39 100.138999 0.0000000000000000 0.000000 255.272418 -1215363.068252 30.846302 126.847065 -21.956372 1459.330502 -7.589 -7.589 0.000000 3.246386 0.000 0 0.000
21801.00 1377.08 100.138999 0.0000000000000000 0.000000 255.272418 -1215671.560138 30.852092 126.859834 -21.973517 1459.614205 -7.607 -7.607 0.000000 3.245777 0.000 0 0.000
21701.00 1376.77 100.138999 0.0000000000000000 0.000000 255.272418 -1215980.110452 30.857988 126.872788 -21.990935 1459.907987 -7.626 -7.626 0.000000 3.245156 0.000 0 0.000
21601.00 1376.46 100.138999 0.0000000000000000 0.000000 255.272418 -1216288.720268 30.863994 126.885935 -22.008637 1460.212248 -7.645 -7.645 0.000000 3.244525 0.000 0 0.000
21501.00 1376.14 100.138999 0.0000000000000000 0.000000 255.272418 -1216597.390702 30.870113 126.899281 -22.026635 1460.527405 -7.664 -7.664 0.000000 3.243882 0.000 0 0.000
21401.00 1375.83 100.138999 0.0000000000000000 0.000000 255.272418 -1216906.122913 30.876350 126.912837 -22.044940 1460.853899 -7.683 -7.683 0.000000 3.243227 0.000 0 0.000
21301.00 1375.51 100.138999 0.0000000000000000 0.000000 255.272418 -1217214.918109 30.882710 126.926609 -22.063564 1461.192192 -7.703 -7.703 0.000000 3.242559 0.000 0 0.000
21201.00 1375.18 100.138999 0.0000000000000000 0.000000 255.272418 -1217523.777546 30.889199 126.940609 -22.082522 1461.542771 -7.723 -7.723 0.000000 3.241877 0.000 0 0.000
21101.00 1374.86 100.138999 0.0000000000000000 0.000000 255.272418 -1217832.702534 30.895821 126.954845 -22.101826 1461.906147 -7.744 -7.744 0.000000 3.241183 0.000 0 0.000
21001.00 1374.53 100.138999 0.0000000000000000 0.000000 255.272418 -1218141.694436 30.902583 126.969328 -22.121491 1462.282860 -7.765 -7.765 0.000000 3.240473 0.000 0 0.000
20901.00 1374.20 100.138999 0.0000000000000000 0.000000 255.272418 -1218450.754673 30.909489 126.984068 -22.141532 1462.673477 -7.786 -7.786 0.000000 3.239749 0.000 0 0.000
20801.00 1373.86 100.138999 0.0000000000000000 0.000000 255.272418 -1218759.884729 30.916547 126.999078 -22.161967 1463.078595 -7.808 -7.808 0.000000 3.239010 0.000 0 0.000
20701.00 1373.55 100.138999 0.0000000000000000 0.000000 255.272418 -1219069.085029 30.922680 127.012451 -22.179823 1463.391826 -7.826 -7.826 0.000000 3.238367 0.000 0 0.000
20601.00 1373.35 100.138999 0.0000000000000000 0.000000 255.272418 -1219378.322063 30.924726 127.018583 -22.186392 1463.300846 -7.831 -7.831 0.000000 3.238153 0.000 0 0.000
20501.00 1373.14 100.138999 0.0000000000000000 0.000000 255.272418 -1219687.579563 30.926774 127.024713 -22.192962 1463.209828 -7.836 -7.836 0.000000 3.237939 0.000 0 0.000
20401.00 1372.94 100.138999 0.0000000000000000 0.000000 255.272418 -1219996.857544 30.928823 127.030841 -22.199533 1463.118772 -7.841 -7.841 0.000000 3.237724 0.000 0 0.000
20301.00 1372.73 100.138999 0.0000000000000000 0.000000 255.272418 -1220306.156021 30.930873 127.036965 -22.206104 1463.027675 -7.846 -7.846 0.000000 3.237510 0.000 0 0.000
20201.00 1372.53 100.138999 0.0000000000000000 0.000000 255.272418 -1220615.475006 30.932924 127.043087 -22.212676 1462.936538 -7.851 -7.851 0.000000 3.237295 0.000 0 0.000
20101.00 1372.33 100.138999 0.0000000000000000 0.000000 255.272418 -1220924.814515 30.934978 127.049207 -22.219249 1462.845358 -7.856 -7.856 0.000000 3.237080 0.000 0 0.000
20001.00 1372.12 100.138999 0.0000000000000000 0.000000 255.272418 -1221234.174561 30.937032 127.055323 -22.225822 1462.754135 -7.861 -7.861 0.000000 3.236865 0.000 0 0.000
19901.00 1371.92 100.138999 0.0000000000000000 0.000000 255.272418 -1221543.555160 30.939088 127.061437 -22.232396 1462.662868 -7.866 -7.866 0.000000 3.236650 0.000 0 0.000
19801.00 1371.71 100.138999 0.0000000000000000 0.000000 255.272418 -1221852.956325 30.941145 127.067549 -22.238971 1462.571555 -7.871 -7.871 0.000000 3.236435 0.000 0 0.000
19701.00 1371.51 100.138999 0.0000000000000000 0.000000 255.272418 -1222162.378071 30.943204 127.073657 -22.245547 1462.480195 -7.876 -7.876 0.000000 3.236219 0.000 0 0.000
19601.00 1371.31 100.138999 0.0000000000000000 0.000000 255.272418 -1222471.820414 30.945265 127.079763 -22.252123 1462.388788 -7.881 -7.881 0.000000 3.236004 0.000 0 0.000
19501.00 1371.10 100.138999 0.0000000000000000 0.000000 255.272418 -1222781.283368 30.947326 127.085866 -22.258700 1462.297331 -7.886 -7.886 0.000000 3.235788 0.000 0 0.000
19401.00 1370.90 100.138999 0.0000000000000000 0.000000 255.272418 -1223090.766947 30.949390 127.091967 -22.265278 1462.205824 -7.891 -7.891 0.000000 3.235573 0.000 0 0.000
19301.00 1370.69 100.138999 0.0000000000000000 0.000000 255.272418 -1223400.271168 30.951455 127.098064 -22.271857 1462.114265 -7.896 -7.896 0.000000 3.235357 0.000 0 0.000
19201.00 1370.49 100.138999 0.0000000000000000 0.000000 255.272418 -1223709.796044 30.953521 127.104159 -22.278437 1462.022652 -7.901 -7.901 0.000000 3.235141 0.000 0 0.000
19101.00 1370.28 100.138999 0.0000000000000000 0.000000 255.272418 -1224019.341593 30.955589 127.110251 -22.285017 1461.930985 -7.906 -7.906 0.000000 3.234925 0.000 0 0.000
19001.00 1370.08 100.138999 0.0000000000000000 0.000000 255.272418 -1224328.907828 30.957658 127.116340 -22.291598 1461.839261 -7.911 -7.911 0.000000 3.234708 0.000 0 0.000
18901.00 1369.87 100.138999 0.0000000000000000 0.000000 255.272418 -1224638.494766 30.959729 127.122426 -22.298180 1461.747480 -7.916 -7.916 0.000000 3.234492 0.000 0 0.000
18801.00 1369.67 100.138999 0.0000000000000000 0.000000 255.272418 -1224948.102423 30.961802 127.128509 -22.304763 1461.655639 -7.921 -7.921 0.000000 3.234276 0.000 0 0.000
18701.00 1369.46 100.138999 0.0000000000000000 0.000000 255.272418 -1225257.730814 30.963876 127.134589 -22.311347 1461.563738 -7.926 -7.926 0.000000 3.234059 0.000 0 0.000
18601.00 1369.26 100.138999 0.0000000000000000 0.000000 255.272418 -1225567.379956 30.965952 127.140666 -22.317931 1461.471774 -7.931 -7.931 0.000000 3.233842 0.000 0 0.000
18501.00 1369.05 100.138999 0.0000000000000000 0.000000 255.272418 -1225877.049864 30.968030 127.146741 -22.324517 1461.379745 -7.936 -7.936 0.000000 3.233625 0.000 0 0.000
18401.00 1368.85 100.138999 0.0000000000000000 0.000000 255.272418 -1226186.740555 30.970109 127.152812 -22.331103 1461.287650 -7.941 -7.941 0.000000 3.233408 0.000 0 0.000
18301.00 1368.64 100.138999 0.0000000000000000 0.000000 255.272418 -1226496.452046 30.972190 127.158880 -22.337690 1461.195487 -7.946 -7.946 0.000000 3.233191 0.000 0 0.000
18201.00 1368.44 100.138999 0.0000000000000000 0.000000 255.272418 -1226806.184353 30.974272 127.164945 -22.344278 1461.103254 -7.951 -7.951 0.000000 3.232973 0.000 0 0.000
18101.00 1368.23 100.138999 0.0000000000000000 0.000000 255.272418 -1227115.937493 30.976356 127.171007 -22.350867 1461.010949 -7.956 -7.956 0.000000 3.232756 0.000 0 0.000
18001.00 1368.03 100.138999 0.0000000000000000 0.000000 255.272418 -1227425.711484 30.978442 127.177065 -22.357457 1460.918569 -7.961 -7.961 0.000000 3.232538 0.000 0 0.000
17901.00 1367.82 100.138999 0.0000000000000000 0.000000 255.272418 -1227735.506342 30.980530 127.183121 -22.364047 1460.826114 -7.966 -7.966 0.000000 3.232320 0.000 0 0.000
17801.00 1367.62 100.138999 0.0000000000000000 0.000000 255.272418 -1228045.322085 30.982619 127.189173 -22.370639 1460.733580 -7.971 -7.971 0.000000 3.232102 0.000 0 0.000
17701.00 1367.41 100.138999 0.0000000000000000 0.000000 255.272418 -1228355.158730 30.984710 127.195222 -22.377231 1460.640965 -7.976 -7.976 0.000000 3.231884 0.000 0 0.000
17601.00 1367.20 100.138999 0.0000000000000000 0.000000 255.272418 -1228665.016296 30.986803 127.201267 -22.383825 1460.548267 -7.981 -7.981 0.000000 3.231666 0.000 0 0.000
17501.00 1366.98 100.138999 0.0000366427741627 0.000042 255.272418 -1228974.894895 30.989073 127.208353 -22.394432 1460.498233 -10.655 -10.655 2.809430 3.231447 1.154 0 0.000
17401.00 1366.64 100.138999 0.0003778741366594 0.000435 255.272418 -1229284.804255 30.992804 127.224100 -22.438472 1460.804482 -10.631 -10.631 2.808642 3.231224 1.162 0 0.000
17301.00 1366.29 100.138999 0.0007243534924791 0.000833 255.272418 -1229594.751078 30.996566 127.239986 -22.483232 1461.118581 -10.606 -10.606 2.807861 3.231001 1.170 0 0.000
17201.00 1365.94 100.138999 0.0010762504981945 0.001238 255.272418 -1229904.735685 31.000361 127.256016 -22.528733 1461.440699 -10.582 -10.582 2.807088 3.230777 1.178 0 0.000
17101.00 1365.59 100.138999 0.0014337414771983 0.001650 255.272418 -1230214.758402 31.004188 127.272195 -22.574999 1461.771009 -10.557 -10.557 2.806322 3.230554 1.185 0 0.000
17001.00 1365.24 100.138999 0.0017970097139440 0.002069 255.272418 -1230524.819568 31.008050 127.288527 -22.622053 1462.109692 -10.532 -10.532 2.805563 3.230330 1.193 0 0.000
16901.00 1364.88 100.138999 0.0021662457565603 0.002494 255.272418 -1230834.919527 31.011947 127.305020 -22.669918 1462.456937 -10.507 -10.507 2.804812 3.230106 1.201 0 0.000
16801.00 1364.52 100.138999 0.0025416477386627 0.002926 255.272418 -1231145.058637 31.015881 127.321677 -22.718620 1462.812939 -10.482 -10.482 2.804069 3.229882 1.209 0 0.000
16701.00 1364.17 100.138999 0.0029234217103848 0.003367 255.272418 -1231455.237263 31.019851 127.338505 -22.768187 1463.177903 -10.457 -10.457 2.803334 3.229658 1.216 0 0.000
16601.00 1363.81 100.138999 0.0033117819852536 0.003814 255.272418 -1231765.455783 31.023859 127.355510 -22.818643 1463.552040 -10.431 -10.431 2.802606 3.229434 1.224 0 0.000
16501.00 1363.44 100.138999 0.0037069515011638 0.004270 255.272418 -1232075.714584 31.027907 127.372698 -22.870020 1463.935571 -10.406 -10.406 2.801886 3.229210 1.232 0 0.000
16401.00 1363.08 100.138999 0.0041091621963463 0.004734 255.272418 -1232386.014066 31.031996 127.390076 -22.922345 1464.328724 -10.380 -10.380 2.801174 3.228985 1.239 0 0.000
16301.00 1362.71 100.138999 0.0045186553998609 0.005206 255.272418 -1232696.354640 31.036126 127.407650 -22.975649 1464.731740 -10.354 -10.354 2.800470 3.228760 1.247 0 0.000
16201.00 1362.34 100.138999 0.0049356822414405 0.005687 255.272418 -1233006.736729 31.040299 127.425429 -23.029966 1465.144866 -10.328 -10.328 2.799774 3.228535 1.255 0 0.000
16101.00 1361.97 100.138999 0.0053605040675610 0.006177 255.272418 -1233317.160771 31.044517 127.443418 -23.085327 1465.568361 -10.302 -10.302 2.799086 3.228310 1.262 0 0.000
16001.00 1361.60 100.138999 0.0057933928863897 0.006677 255.272418 -1233627.627214 31.048780 127.461627 -23.141769 1466.002494 -10.276 -10.276 2.798405 3.228084 1.270 0 0.000
15901.00 1361.23 100.138999 0.0062346318193345 0.007186 255.272418 -1233938.136525 31.053090 127.480062 -23.199327 1466.447546 -10.249 -10.249 2.797733 3.227859 1.278 0 0.000
15801.00 1360.85 100.138999 0.0066845155729653 0.007706 255.272418 -1234248.689180 31.057449 127.498733 -23.258038 1466.903809 -10.223 -10.223 2.797069 3.227633 1.285 0 0.000
15701.00 1360.47 100.138999 0.0071433509255335 0.008235 255.272418 -1234559.285675 31.061858 127.517648 -23.317943 1467.371586 -10.196 -10.196 2.796413 3.227407 1.293 0 0.000
15601.00 1360.08 100.138999 0.0076114572326040 0.008776 255.272418 -1234869.926518 31.066319 127.536816 -23.379082 1467.851194 -10.169 -10.169 2.795764 3.227180 1.301 0 0.000
15501.00 1359.70 100.138999 0.0080891669450883 0.009327 255.272418 -1235180.612237 31.070834 127.556247 -23.441497 1468.342962 -10.142 -10.142 2.795124 3.226954 1.308 0 0.000
15401.00 1359.31 100.138999 0.0085768261461773 0.009890 255.272418 -1235491.343376 31.075403 127.575951 -23.505234 1468.847233 -10.115 -10.115 2.794491 3.226727 1.316 0 0.000
15301.00 1358.91 100.138999 0.0090747950994342 0.010465 255.272418 -1235802.120495 31.080030 127.595937 -23.570338 1469.364365 -10.088 -10.088 2.793866 3.226500 1.323 0 0.000
15201.00 1358.52 100.138999 0.0095834488244811 0.011053 255.272418 -1236112.944177 31.084716 127.616217 -23.636858 1469.894728 -10.060 -10.060 2.793249 3.226273 1.331 0 0.000
15101.00 1358.12 100.138999 0.0101031776604024 0.011653 255.272418 -1236423.815019 31.089463 127.636802 -23.704845 1470.438711 -10.033 -10.033 2.792640 3.226045 1.338 0 0.000
15001.00 1357.72 100.128563 0.0105300567318088 0.012146 255.242388 -1236612.481420 31.090529 127.641524 -23.759835 1470.731588 -10.005 -10.005 2.792039 3.225817 1.346 0 0.000
14901.00 1357.31 100.074953 0.0105359279947489 0.012155 255.088201 -1236294.989836 31.076161 127.579608 -23.756067 1469.940146 -9.977 -9.977 2.791450 3.225589 1.353 0 0.000
14801.00 1356.91 100.020778 0.0105419553622276 0.012163 254.932465 -1235970.293135 31.061616 127.516970 -23.752157 1469.140684 -9.949 -9.949 2.790873 3.225361 1.361 0 0.000
14701.00 1356.50 99.966024 0.0105481447239121 0.012172 254.775137 -1235638.207757 31.046891 127.453593 -23.748101 1468.333006 -9.921 -9.921 2.790307 3.225133 1.368 0 0.000
14601.00 1356.09 99.910674 0.0105545022742727 0.012181 254.616177 -1235298.543344 31.031981 127.389456 -23.743895 1467.516904 -9.893 -9.893 2.789754 3.224904 1.375 0 0.000
14501.00 1355.68 99.854714 0.0105610344876346 0.012190 254.455542 -1234951.102399 31.016880 127.324541 -23.739536 1466.692168 -9.864 -9.864 2.789213 3.224675 1.383 0 0.000
14401.00 1355.27 99.798126 0.0105677481133723 0.012199 254.293185 -1234595.679964 31.001584 127.258827 -23.735021 1465.858577 -9.836 -9.836 2.788685 3.224446 1.390 0 0.000
14301.00 1354.86 99.740894 0.0105746502410339 0.012208 254.129061 -1234232.063312 30.986087 127.192292 -23.730346 1465.015902 -9.807 -9.807 2.788169 3.224216 1.397 0 0.000
14201.00 1354.44 99.682999 0.0105817482944993 0.012218 253.963120 -1233860.031562 30.970384 127.124913 -23.725507 1464.163907 -9.778 -9.778 2.787666 3.223986 1.404 0 0.000
14101.00 1354.02 99.624422 0.0105890500332697 0.012227 253.795313 -1233479.355299 30.954468 127.056667 -23.720500 1463.302347 -9.749 -9.749 2.787175 3.223756 1.411 0 0.000
14001.00 1353.60 99.565146 0.0105965635949681 0.012237 253.625586 -1233089.796199 30.938335 126.987532 -23.715321 1462.430967 -9.720 -9.720 2.786697 3.223526 1.418 0 0.000
13901.00 1353.18 99.505149 0.0106042975103001 0.012247 253.453887 -1232691.106601 30.921978 126.917480 -23.709966 1461.549502 -9.691 -9.691 2.786233 3.223295 1.426 0 0.000
13801.00 1352.75 99.444411 0.0106122607121969 0.012258 253.280157 -1232283.029064 30.905390 126.846486 -23.704430 1460.657680 -9.661 -9.661 2.785781 3.223065 1.432 0 0.000
13701.00 1352.33 99.382910 0.0106204625770712 0.012268 253.104338 -1231865.295917 30.888564 126.774524 -23.698709 1459.755215 -9.632 -9.632 2.785342 3.222833 1.439 0 0.000
13601.00 1351.90 99.320624 0.0106289129353350 0.012279 252.926370 -1231437.628758 30.871495 126.701565 -23.692799 1458.841811 -9.602 -9.602 2.784916 3.222602 1.446 0 0.000
13501.00 1351.47 99.257529 0.0106376221023607 0.012290 252.746188 -1230999.737948 30.854174 126.627579 -23.686694 1457.917161 -9.572 -9.572 2.784503 3.222370 1.453 0 0.000
13401.00 1351.03 99.193601 0.0106466009054702 0.012301 252.563726 -1230551.322069 30.836594 126.552537 -23.680391 1456.980947 -9.542 -9.542 2.784103 3.222138 1.460 0 0.000
13301.00 1350.59 99.128814 0.0106558607118234 0.012313 252.378916 -1230092.067347 30.818748 126.476406 -23.673883 1456.032835 -9.512 -9.512 2.783717 3.221905 1.467 0 0.000
13201.00 1350.15 99.063143 0.0106654134584936 0.012324 252.191686 -1229621.647054 30.800626 126.399154 -23.667165 1455.072482 -9.482 -9.482 2.783343 3.221673 1.473 0 0.000
13101.00 1349.71 98.996559 0.0106752716992771 0.012336 252.001961 -1229139.720870 30.782221 126.320746 -23.660232 1454.099527 -9.451 -9.451 2.782983 3.221439 1.480 0 0.000
13001.00 1349.27 98.929034 0.0106854485998224 0.012349 251.809664 -1228645.934197 30.763524 126.241145 -23.653079 1453.113596 -9.421 -9.421 2.782636 3.221206 1.487 0 0.000
12901.00 1348.82 98.860538 0.0106959580298373 0.012361 251.614713 -1228139.917480 30.744526 126.160316 -23.645700 1452.114302 -9.390 -9.390 2.782301 3.220972 1.493 0 0.000
12801.00 1348.37 98.791041 0.0107068145739054 0.012375 251.417024 -1227621.285425 30.725216 126.078218 -23.638089 1451.101238 -9.360 -9.360 2.781979 3.220738 1.500 0 0.000
12701.00 1347.91 98.720508 0.0107180335582565 0.012388 251.216510 -1227089.636206 30.705586 125.994812 -23.630239 1450.073982 -9.329 -9.329 2.781671 3.220503 1.506 0 0.000
12601.00 1347.45 98.648908 0.0107296311154731 0.012402 251.013079 -1226544.550648 30.685624 125.910054 -23.622144 1449.032094 -9.298 -9.298 2.781374 3.220268 1.512 0 0.000
12501.00 1346.99 98.576203 0.0107416242465673 0.012416 250.806634 -1225985.591333 30.665320 125.823900 -23.613798 1447.975116 -9.267 -9.267 2.781090 3.220032 1.519 0 0.000
12401.00 1346.53 98.502358 0.0107540308560147 0.012431 250.597076 -1225412.301643 30.644663 125.736305 -23.605194 1446.902569 -9.236 -9.236 2.780819 3.219796 1.525 0 0.000
12301.00 1346.06 98.427334 0.0107668697791367 0.012446 250.384301 -1224824.204770 30.623640 125.647220 -23.596325 1445.813955 -9.205 -9.205 2.780559 3.219560 1.531 0 0.000
12201.00 1345.59 98.351091 0.0107801609004029 0.012461 250.168200 -1224220.802689 30.602239 125.556595 -23.587183 1444.708751 -9.174 -9.174 2.780311 3.219323 1.537 0 0.000
12101.00 1345.11 98.273586 0.0107939251675794 0.012477 249.948660 -1223601.575012 30.580448 125.464377 -23.577761 1443.586416 -9.143 -9.143 2.780075 3.219086 1.543 0 0.000
12001.00 1344.63 98.194776 0.0108081846778693 0.012494 249.725561 -1222965.977820 30.558252 125.370512 -23.568052 1442.446380 -9.112 -9.112 2.779850 3.218848 1.549 0 0.000
11901.00 1344.14 98.114615 0.0108229627454591 0.012511 249.498781 -1222313.442414 30.535638 125.274941 -23.558046 1441.288051 -9.081 -9.081 2.779635 3.218610 1.555 0 0.000
11801.00 1343.65 98.033055 0.0108382839772628 0.012528 249.268188 -1221643.373985 30.512592 125.177604 -23.547736 1440.110809 -9.050 -9.050 2.779431 3.218371 1.561 0 0.000
11701.00 1343.16 97.950045 0.0108541743507002 0.012547 249.033648 -1220955.150214 30.489096 125.078440 -23.537113 1438.914006 -9.019 -9.019 2.779237 3.218132 1.567 0 0.000
11601.00 1342.66 97.865534 0.0108706613167733 0.012566 248.795019 -1220248.119780 30.465137 124.977381 -23.526168 1437.696964 -8.988 -8.988 2.779052 3.217892 1.573 0 0.000
11501.00 1342.16 97.779465 0.0108877738486102 0.012585 248.552152 -1219521.600768 30.440695 124.874360 -23.514892 1436.458973 -8.957 -8.957 2.778876 3.217652 1.579 0 0.000
11401.00 1341.65 97.691782 0.0109055425959451 0.012606 248.304892 -1218774.879033 30.415755 124.769303 -23.503274 1435.199292 -8.926 -8.926 2.778709 3.217411 1.585 0 0.000
11301.00 1341.14 97.602425 0.0109239999455366 0.012627 248.053076 -1218007.206387 30.390297 124.662137 -23.491305 1433.917143 -8.895 -8.895 2.778549 3.217169 1.591 0 0.000
11201.00 1340.62 97.511329 0.0109431801477781 0.012649 247.796535 -1217217.798740 30.364303 124.552780 -23.478974 1432.611712 -8.864 -8.864 2.778396 3.216927 1.596 0 0.000
11101.00 1340.09 97.418429 0.0109631194300470 0.012671 247.535090 -1216405.834107 30.337751 124.441151 -23.466271 1431.282148 -8.833 -8.833 2.778250 3.216684 1.602 0 0.000
11001.00 1339.56 97.323656 0.0109838561176868 0.012695 247.268554 -1215570.450499 30.310620 124.327163 -23.453183 1429.927555 -8.803 -8.803 2.778109 3.216441 1.608 0 0.000
10901.00 1339.03 97.226936 0.0110054307723341 0.012719 246.996730 -1214710.743692 30.282888 124.210724 -23.439700 1428.546998 -8.773 -8.773 2.777972 3.216197 1.613 0 0.000
10801.00 1338.48 97.128194 0.0110278863051257 0.012745 246.719414 -1213825.764863 30.254533 124.091739 -23.425808 1427.139494 -8.742 -8.742 2.777839 3.215952 1.619 0 0.000
10701.00 1337.93 97.027349 0.0110512681490180 0.012772 246.436390 -1212914.518105 30.225528 123.970108 -23.411495 1425.704011 -8.712 -8.712 2.777709 3.215707 1.625 0 0.000
10601.00 1337.37 96.924317 0.0110756243843204 0.012799 246.147432 -1211975.957787 30.195849 123.845725 -23.396748 1424.239469 -8.682 -8.682 2.777581 3.215460 1.630 0 0.000
10501.00 1336.81 96.819010 0.0111010059013579 0.012828 245.852303 -1211008.985776 30.165468 123.718479 -23.381553 1422.744732 -8.653 -8.653 2.777453 3.215213 1.636 0 0.000
10401.00 1336.24 96.711334 0.0111274665561409 0.012858 245.550753 -1210012.448520 30.134357 123.588255 -23.365894 1421.218607 -8.623 -8.623 2.777325 3.214965 1.642 0 0.000
10301.00 1335.66 96.601194 0.0111550633367309 0.012890 245.242521 -1208985.133975 30.102486 123.454931 -23.349758 1419.659844 -8.594 -8.594 2.777194 3.214716 1.647 0 0.000
10201.00 1335.07 96.488487 0.0111838565133351 0.012923 244.927333 -1207925.768382 30.069824 123.318378 -23.333128 1418.067126 -8.565 -8.565 2.777060 3.214467 1.653 0 0.000
10101.00 1334.47 96.373104 0.0112139098169525 0.012957 244.604901 -1206833.012913 30.036338 123.178462 -23.315987 1416.439073 -8.537 -8.537 2.776922 3.214216 1.659 0 0.000
10001.00 1333.87 96.254934 0.0112452905850687 0.012993 244.274921 -1205705.460161 30.001993 123.035042 -23.298318 1414.774232 -8.508 -8.508 2.776777 3.213965 1.665 0 0.000
9901.00 1333.25 96.133858 0.0112780699165638 0.013030 243.937077 -1204541.630506 29.966753 122.887969 -23.280103 1413.071079 -8.480 -8.480 2.776625 3.213713 1.671 0 0.000
9801.00 1332.63 96.009751 0.0113123228081991 0.013070 243.591033 -1203339.968368 29.930580 122.737087 -23.261323 1411.328011 -8.453 -8.453 2.776463 3.213459 1.676 0 0.000
9701.00 1331.99 95.882483 0.0113481282723268 0.013111 243.236440 -1202098.838367 29.893433 122.582231 -23.241958 1409.543343 -8.426 -8.426 2.776290 3.213205 1.682 0 0.000
9601.00 1331.35 95.751915 0.0113855694267831 0.013154 242.872929 -1200816.521411 29.855270 122.423230 -23.221987 1407.715305 -8.399 -8.399 2.776104 3.212949 1.688 0 0.000
9501.00 1330.69 95.617904 0.0114247335478489 0.013199 242.500114 -1199491.210768 29.816048 122.259902 -23.201388 1405.842038 -8.373 -8.373 2.775903 3.212693 1.695 0 0.000
9401.00 1330.02 95.480298 0.0114657120693554 0.013246 242.117590 -1198121.008155 29.775719 122.092057 -23.180139 1403.921588 -8.347 -8.347 2.775684 3.212435 1.701 0 0.000
9301.00 1329.34 95.338938 0.0115086005208741 0.013295 241.724930 -1196703.919930 29.734234 121.919495 -23.158214 1401.951907 -8.322 -8.322 2.775447 3.212176 1.707 0 0.000
9201.00 1328.65 95.193657 0.0115534983694748 0.013347 241.321690 -1195237.853454 29.691544 121.742007 -23.135588 1399.930842 -8.297 -8.297 2.775187 3.211916 1.714 0 0.000
9101.00 1327.94 95.044280 0.0116005087635997 0.013402 240.907402 -1193720.613749 29.647593 121.559373 -23.112235 1397.856137 -8.273 -8.273 2.774904 3.211654 1.720 0 0.000
9001.00 1327.22 94.890624 0.0116497381239811 0.013459 240.481577 -1192149.900577 29.602325 121.371362 -23.088127 1395.725429 -8.250 -8.250 2.774595 3.211391 1.727 0 0.000
8901.00 1326.49 94.732498 0.0117012955672851 0.013519 240.043706 -1190523.306115 29.555683 121.177735 -23.063232 1393.536242 -8.227 -8.227 2.774257 3.211127 1.734 0 0.000
8801.00 1325.74 94.569702 0.0117552921008703 0.013582 239.593255 -1188838.313442 29.507603 120.978240 -23.037521 1391.285991 -8.205 -8.205 2.773887 3.210862 1.742 0 0.000
8701.00 1324.97 94.402028 0.0118118395616054 0.013648 239.129670 -1187092.296094 29.458023 120.772613 -23.010960 1388.971976 -8.184 -8.184 2.773482 3.210595 1.749 0 0.000
8601.00 1324.19 94.229259 0.0118710491947010 0.013717 238.652374 -1185282.518997 29.406875 120.560582 -22.983513 1386.591385 -8.163 -8.163 2.773041 3.210326 1.757 0 0.000
8501.00 1323.39 94.051171 0.0119330298711837 0.013790 238.160769 -1183406.141189 29.354090 120.341863 -22.955144 1384.141294 -8.143 -8.143 2.772559 3.210056 1.764 0 0.000
8401.00 1322.57 93.867530 0.0119978857650765 0.013866 237.654239 -1181460.220750 29.299597 120.116163 -22.925813 1381.618676 -8.124 -8.124 2.772033 3.209784 1.773 0 0.000
8301.00 1321.73 93.678100 0.0120657135066375 0.013946 237.132149 -1179441.722545 29.243322 119.883178 -22.895479 1379.020401 -8.106 -8.106 2.771461 3.209511 1.781 0 0.000
8201.00 1320.87 93.482633 0.0121365986163623 0.014030 236.593849 -1177347.529379 29.185188 119.642596 -22.864097 1376.343251 -8.088 -8.088 2.770839 3.209236 1.790 0 0.000
8101.00 1320.00 93.280880 0.0122106111697320 0.014117 236.038676 -1175174.457341 29.125118 119.394101 -22.831620 1373.583933 -8.072 -8.072 2.770164 3.208959 1.799 0 0.000
8001.00 1319.10 93.072590 0.0122878005677802 0.014209 235.465964 -1172919.276204 29.063035 119.137370 -22.797998 1370.739096 -8.056 -8.056 2.769432 3.208680 1.809 0 0.000
7901.00 1318.18 92.857507 0.0123681892869689 0.014305 234.875044 -1170578.735826 28.998859 118.872077 -22.763178 1367.805357 -8.042 -8.042 2.768640 3.208400 1.818 0 0.000
7801.00 1317.23 92.635382 0.0124517656068022 0.014404 234.265252 -1168149.599647 28.932511 118.597901 -22.727102 1364.779333 -8.028 -8.028 2.767784 3.208117 1.829 0 0.000
7701.00 1316.26 92.405968 0.0125384751258191 0.014508 233.635942 -1165628.686341 28.863914 118.314522 -22.689712 1361.657680 -8.016 -8.016 2.766861 3.207833 1.839 0 0.000
7601.00 1315.27 92.169028 0.0126282112997082 0.014615 232.986497 -1163012.920864 28.792995 118.021633 -22.650941 1358.437140 -8.004 -8.004 2.765867 3.207547 1.850 0 0.000
7501.00 1314.25 91.924341 0.0127208048980282 0.014727 232.316338 -1160299.395831 28.719682 117.718943 -22.610724 1355.114604 -7.994 -7.994 2.764799 3.207260 1.862 0 0.000
7401.00 1313.20 91.671707 0.0128160127858309 0.014841 231.624943 -1157485.444228 28.643912 117.406184 -22.568986 1351.687178 -7.984 -7.984 2.763653 3.206970 1.874 0 0.000
7301.00 1312.13 91.410951 0.0129135063761647 0.014959 230.911867 -1154568.723968 28.565628 117.083121 -22.525654 1348.152271 -7.976 -7.976 2.762427 3.206679 1.887 0 0.000
7201.00 1311.03 91.141934 0.0130128603913753 0.015080 230.176760 -1151547.314330 28.484783 116.749560 -22.480648 1344.507691 -7.969 -7.969 2.761118 3.206385 1.900 0 0.000
7101.00 1309.91 90.864562 0.0131135428269618 0.015202 229.419392 -1148419.823603 28.401345 116.405360 -22.433886 1340.751752 -7.963 -7.963 2.759723 3.206091 1.914 0 0.000
7001.00 1308.76 90.578794 0.0132149071528380 0.015326 228.639676 -1145185.506156 28.315297 116.050442 -22.385288 1336.883397 -7.958 -7.958 2.758240 3.205794 1.928 0 0.000
6901.00 1307.57 90.284650 0.0133161881348384 0.015451 227.837696 -1141844.386048 28.226640 115.684807 -22.334770 1332.902329 -7.954 -7.954 2.756668 3.205496 1.943 0 0.000
6801.00 1306.37 89.982225 0.0134165026611528 0.015575 227.013733 -1138397.382707 28.135397 115.308544 -22.282253 1328.809150 -7.951 -7.951 2.755006 3.205197 1.958 0 0.000
6701.00 1305.13 89.671695 0.0135148568869471 0.015697 226.168292 -1134846.432738 28.041617 114.921843 -22.227665 1324.605494 -7.949 -7.949 2.753253 3.204897 1.974 0 0.000
6601.00 1303.88 89.353328 0.0136101609916890 0.015816 225.302120 -1131194.600601 27.945375 114.525010 -22.170941 1320.294158 -7.949 -7.949 2.751409 3.204596 1.991 0 0.000
6501.00 1302.60 89.027490 0.0137012520613633 0.015932 224.416230 -1127446.169583 27.846779 114.118470 -22.112031 1315.879219 -7.949 -7.949 2.749477 3.204294 2.008 0 0.000
6401.00 1301.29 88.694648 0.0137869247974525 0.016041 223.511908 -1123606.704223 27.745965 113.702783 -22.050904 1311.366118 -7.950 -7.950 2.747457 3.203992 2.026 0 0.000
6301.00 1299.97 88.355376 0.0138659693653434 0.016144 222.590719 -1119683.075925 27.643104 113.278639 -21.987550 1306.761713 -7.952 -7.952 2.745353 3.203689 2.044 0 0.000
6201.00 1298.63 88.010346 0.0139372137116708 0.016237 221.654502 -1115683.444602 27.538398 112.846861 -21.921989 1302.074282 -7.955 -7.955 2.743168 3.203387 2.063 0 0.000
6101.00 1297.27 87.660331 0.0139995677118078 0.016322 220.705349 -1111617.192445 27.432078 112.408397 -21.854271 1297.313481 -7.959 -7.959 2.740907 3.203085 2.083 0 0.000
6001.00 1295.91 87.306186 0.0140520653160242 0.016395 219.745585 -1107494.809062 27.324404 111.964311 -21.784482 1292.490239 -7.963 -7.963 2.738574 3.202783 2.103 0 0.000
5901.00 1294.53 86.948842 0.0140939010526707 0.016456 218.777724 -1103327.731607 27.215660 111.515763 -21.712742 1287.616599 -7.968 -7.968 2.736175 3.202483 2.123 0 0.000
5801.00 1293.15 86.589286 0.0141244577377708 0.016505 217.804434 -1099128.147505 27.106148 111.063995 -21.639206 1282.705518 -7.974 -7.974 2.733715 3.202184 2.143 0 0.000
5701.00 1291.76 86.228545 0.0141433231904539 0.016540 216.828477 -1094908.770700 26.996184 110.610303 -21.564065 1277.770626 -7.980 -7.980 2.731202 3.201887 2.164 0 0.000
5601.00 1290.38 85.867664 0.0141502951208778 0.016562 215.852668 -1090682.604466 26.886090 110.156014 -21.487537 1272.825959 -7.987 -7.987 2.728640 3.201591 2.186 0 0.000
5501.00 1289.00 85.507688 0.0141453749138010 0.016571 214.879815 -1086462.704328 26.776190 109.702464 -21.409864 1267.885693 -7.994 -7.994 2.726037 3.201298 2.207 0 0.000
5401.00 1287.63 85.149646 0.0141287518540949 0.016566 213.912677 -1082261.953440 26.666806 109.250969 -21.331308 1262.963884 -8.001 -8.001 2.723397 3.201007 2.229 0 0.000
5301.00 1286.28 84.794533 0.0141007807145845 0.016547 212.953917 -1078092.860615 26.558246 108.802811 -21.252142 1258.074229 -8.008 -8.008 2.720727 3.200719 2.250 0 0.000
5201.00 1284.93 84.443297 0.0140619555230222 0.016516 212.006068 -1073967.387729 26.450810 108.359214 -21.172646 1253.229860 -8.016 -8.016 2.718032 3.200433 2.272 0 0.000
5101.00 1283.60 84.096827 0.0140128823148667 0.016474 211.071504 -1069896.809855 26.344776 107.921333 -21.093098 1248.443177 -8.024 -8.024 2.715318 3.200150 2.294 0 0.000
5001.00 1282.29 83.755948 0.0139542532737406 0.016420 210.152417 -1065891.608357 26.240404 107.490238 -21.013773 1243.725715 -8.032 -8.032 2.712587 3.199871 2.316 0 0.000
4901.00 1281.01 83.421410 0.0138868238919116 0.016356 209.250806 -1061961.394501 26.137934 107.066914 -20.934937 1239.088058 -8.040 -8.040 2.709846 3.199594 2.338 0 0.000
4801.00 1279.74 83.093891 0.0138113939248293 0.016282 208.368463 -1058114.859477 26.037579 106.652247 -20.856841 1234.539774 -8.048 -8.048 2.707096 3.199321 2.359 0 0.000
4701.00 1278.51 82.773988 0.0137287924768443 0.016200 207.506970 -1054359.745964 25.939532 106.247028 -20.779726 1230.089386 -8.057 -8.057 2.704342 3.199050 2.381 0 0.000
4601.00 1277.30 82.462223 0.0136398666330494 0.016110 206.667701 -1050702.836161 25.843960 105.851946 -20.703815 1225.744358 -8.066 -8.066 2.701586 3.198783 2.402 0 0.000
4501.00 1276.12 82.159040 0.0135454729129480 0.016013 205.851819 -1047149.951957 25.751006 105.467595 -20.629312 1221.511100 -8.075 -8.075 2.698831 3.198519 2.424 0 0.000
4401.00 1274.96 81.864805 0.0134464706531679 0.015911 205.060281 -1043705.963798 25.660791 105.094469 -20.556408 1217.394984 -8.084 -8.084 2.696079 3.198258 2.445 0 0.000
4301.00 1273.84 81.579810 0.0133437161349226 0.015805 204.293846 -1040374.805875 25.573411 104.732967 -20.485273 1213.400359 -8.093 -8.093 2.693331 3.198001 2.466 0 0.000
4201.00 1272.75 81.304275 0.0132380566893826 0.015694 203.553074 -1037159.496522 25.488941 104.383393 -20.416060 1209.530585 -8.103 -8.103 2.690589 3.197746 2.486 0 0.000
4101.00 1271.69 81.038348 0.0131303241056616 0.015581 202.838337 -1034062.163643 25.407432 104.045963 -20.348905 1205.788054 -8.112 -8.112 2.687854 3.197494 2.507 0 0.000
4001.00 1271.09 80.782110 0.0117055336375971 0.013909 202.149827 -1031084.048019 25.322164 103.692275 -20.125997 1201.299436 -8.102 -8.102 2.684875 3.197301 2.525 0 0.000
3901.00 1270.59 80.642941 0.0113806981702995 0.013538 201.775824 -1029580.650305 25.278755 103.511325 -20.067094 1199.143067 -8.086 -8.086 2.681830 3.197123 2.543 0 0.000
3801.00 1270.10 80.530473 0.0113720609691753 0.013542 201.473498 -1028412.893699 25.245228 103.371051 -20.053696 1197.559511 -8.070 -8.070 2.678776 3.196946 2.561 0 0.000
3701.00 1269.60 80.418864 0.0113640117101695 0.013547 201.173403 -1027254.721733 25.211962 103.231753 -20.040647 1195.988107 -8.054 -8.054 2.675712 3.196769 2.579 0 0.000
3601.00 1269.11 80.308064 0.0113564813614636 0.013553 200.875404 -1026105.512863 25.178941 103.093367 -20.027926 1194.428022 -8.038 -8.038 2.672639 3.196594 2.597 0 0.000
3501.00 1268.62 80.198027 0.0113494003248707 0.013559 200.579379 -1024964.718794 25.146151 102.955835 -20.015511 1192.878503 -8.021 -8.021 2.669558 3.196420 2.614 0 0.000
3401.00 1268.13 80.088715 0.0113426985612546 0.013566 200.285224 -1023831.864753 25.113580 102.819106 -20.003382 1191.338876 -8.005 -8.005 2.666469 3.196247 2.632 0 0.000
3301.00 1267.65 79.980094 0.0113363057772101 0.013573 199.992849 -1022706.549651 25.081216 102.683139 -19.991521 1189.808549 -7.989 -7.989 2.663371 3.196075 2.650 0 0.000
3201.00 1267.17 79.872136 0.0113301516741750 0.013580 199.702181 -1021588.446053 25.049051 102.547897 -19.979908 1188.287007 -7.973 -7.973 2.660266 3.195903 2.667 0 0.000
3101.00 1266.68 79.764821 0.0113241662778480 0.013588 199.413163 -1020477.299897 25.017078 102.413355 -19.968527 1186.773816 -7.956 -7.956 2.657155 3.195733 2.685 0 0.000
3001.00 1266.20 79.658132 0.0113182803493503 0.013596 199.125754 -1019372.929879 24.985292 102.279491 -19.957362 1185.268621 -7.941 -7.941 2.654037 3.195564 2.702 0 0.000
2901.00 1265.72 79.552060 0.0113124258773470 0.013604 198.839925 -1018275.226428 24.953690 102.146294 -19.946398 1183.771141 -7.925 -7.925 2.650912 3.195395 2.720 0 0.000
2801.00 1265.25 79.446599 0.0113065366620209 0.013612 198.555667 -1017184.150179 24.922270 102.013757 -19.935622 1182.281175 -7.910 -7.910 2.647783 3.195227 2.737 0 0.000
2701.00 1264.77 79.341751 0.0113005489683430 0.013620 198.272981 -1016099.729852 24.891032 101.881883 -19.925021 1180.798592 -7.895 -7.895 2.644649 3.195061 2.754 0 0.000
2601.00 1264.30 79.237520 0.0112944022541795 0.013628 197.991885 -1015022.059490 24.859978 101.750680 -19.914586 1179.323337 -7.880 -7.880 2.641511 3.194894 2.771 0 0.000
2501.00 1263.82 79.133919 0.0112880399496035 0.013636 197.712409 -1013951.294944 24.829111 101.620164 -19.904306 1177.855418 -7.866 -7.866 2.638370 3.194729 2.787 0 0.000
2401.00 1263.35 79.030962 0.0112814102717759 0.013643 197.434593 -1012887.649600 24.798435 101.490354 -19.894173 1176.394912 -7.853 -7.853 2.635226 3.194565 2.804 0 0.000
2301.00 1262.88 78.928668 0.0112744670457085 0.013650 197.158493 -1011831.389278 24.767957 101.361279 -19.884182 1174.941952 -7.840 -7.840 2.632080 3.194401 2.821 0 0.000
2201.00 1262.41 78.827060 0.0112671705121266 0.013657 196.884170 -1010782.826327 24.737683 101.232968 -19.874327 1173.496726 -7.827 -7.827 2.628933 3.194238 2.837 0 0.000
2101.00 1261.95 78.726164 0.0112594880859514 0.013663 196.611695 -1009742.312922 24.707622 101.105459 -19.864605 1172.059470 -7.816 -7.816 2.625786 3.194075 2.853 0 0.000
2001.00 1261.48 78.626007 0.0112513950432714 0.013669 196.341148 -1008710.233617 24.677782 100.978790 -19.855015 1170.630460 -7.805 -7.805 2.622639 3.193914 2.869 0 0.000
1901.00 1261.02 78.438397 0.0101121350760470 0.012302 195.834220 -1006559.593962 24.614398 100.717094 -19.664836 1167.448171 -7.794 -7.794 2.619502 3.193752 2.884 0 0.000
1801.00 1260.56 78.429513 0.0112345137048626 0.013679 195.810208 -1006692.182558 24.619277 100.730169 -19.836697 1167.817010 -7.785 -7.785 2.616358 3.193591 2.900 0 0.000
1701.00 1260.10 78.331713 0.0112250937349567 0.013683 195.545818 -1005687.293172 24.590145 100.606214 -19.827496 1166.414038 -7.776 -7.776 2.613217 3.193431 2.915 0 0.000
1601.00 1259.64 78.234780 0.0112152546967219 0.013687 195.283706 -1004692.564982 24.561274 100.483278 -19.818437 1165.020692 -7.769 -7.769 2.610080 3.193272 2.929 0 0.000
1501.00 1259.18 78.138744 0.0112050165659461 0.013690 195.023956 -1003708.411503 24.532676 100.361403 -19.809527 1163.637318 -7.762 -7.762 2.606948 3.193113 2.944 0 0.000
1401.00 1258.73 78.043634 0.0111944083567633 0.013693 194.766646 -1002735.225100 24.504357 100.240632 -19.800771 1162.264249 -7.756 -7.756 2.603822 3.192955 2.958 0 0.000
1301.00 1258.28 77.949477 0.0111834677328391 0.013695 194.511850 -1001773.367922 24.476328 100.121003 -19.792179 1160.901798 -7.752 -7.752 2.600703 3.192797 2.972 0 0.000
1201.00 1257.83 77.856294 0.0111722404789725 0.013696 194.259632 -1000823.163282 24.448596 100.002550 -19.783758 1159.550244 -7.748 -7.748 2.597591 3.192639 2.986 0 0.000
1101.00 1257.38 77.764106 0.0111607798552542 0.013698 194.010045 -999884.887596 24.421167 99.885303 -19.775518 1158.209826 -7.745 -7.745 2.594487 3.192482 2.999 0 0.000
1001.00 1256.93 77.672927 0.0111491458717903 0.013699 193.763134 -998958.763020 24.394046 99.769287 -19.767469 1156.880738 -7.744 -7.744 2.591392 3.192326 3.012 0 0.000
901.00 1256.49 77.582768 0.0111374045140045 0.013700 193.518928 -998044.950845 24.367237 99.654520 -19.759619 1155.563116 -7.744 -7.744 2.588307 3.192170 3.024 0 0.000
801.00 1256.05 77.493634 0.0111256269596417 0.013701 193.277442 -997143.545705 24.340742 99.541013 -19.751979 1154.257036 -7.744 -7.744 2.585233 3.192014 3.036 0 0.000
701.00 1255.61 77.405524 0.0111138888225938 0.013702 193.038679 -996254.570593 24.314561 99.428771 -19.744558 1152.962508 -7.746 -7.746 2.582170 3.191859 3.048 0 0.000
601.00 1255.17 77.318432 0.0111022694607913 0.013703 192.802621 -995377.972671 24.288692 99.317790 -19.737364 1151.679469 -7.749 -7.749 2.579120 3.191704 3.059 0 0.000
501.00 1254.73 77.232345 0.0110908513799191 0.013704 192.569239 -994513.619778 24.263133 99.208059 -19.730406 1150.407782 -7.754 -7.754 2.576082 3.191550 3.069 0 0.000
401.00 1254.30 77.147245 0.0110797197634422 0.013706 192.338482 -993661.297568 24.237877 99.099557 -19.723690 1149.147232 -7.759 -7.759 2.573058 3.191396 3.079 0 0.000
301.00 1253.87 77.063106 0.0110689621538097 0.013708 192.110283 -992820.707123 24.212917 98.992256 -19.717222 1147.897519 -7.766 -7.766 2.570049 3.191242 3.089 0 0.000
201.00 1253.44 76.979897 0.0110586683101588 0.013710 191.884557 -991991.462905 24.188242 98.886118 -19.711008 1146.658263 -7.774 -7.774 2.567054 3.191089 3.098 0 0.000
101.00 1253.01 76.897577 0.0110489302471093 0.013713 191.661201 -991173.090858 24.163843 98.781096 -19.705052 1145.428997 -7.783 -7.783 2.564075 3.190937 3.106 0 0.000
1.00 1252.58 76.816103 0.0110398423560079 0.013717 191.440091 -990365.026491 24.139705 98.677134 -19.699435 1144.208478 -7.794 -7.794 2.561098 3.190785 3.113 0 0.000
