Title: Depleted MORB Mantle of Workmann & Hart 2005

System Thermodynamic Data:
Pressure Temperature mass F phi S H V Cp dVdP*10^6 dVdT*10^6 fO2(absolute) fO2(absolute) rhol rhos viscosity aH2O chisqr
44001.00 1306.35 100.138999 0.0000000000000000 0.000000 245.746962 -1163605.455723 30.040488 124.159621 -19.872231 1401.491936 -6.573 -6.573 0.000000 3.333468 0.000 0 0.000
43901.00 1306.16 100.138999 0.0000000000000000 0.000000 245.746962 -1163905.870201 30.042408 124.165807 -19.879202 1401.426299 -6.577 -6.577 0.000000 3.333255 0.000 0 0.000
43801.00 1305.97 100.138999 0.0000000000000000 0.000000 245.746962 -1164206.303893 30.044330 124.171993 -19.886178 1401.360797 -6.582 -6.582 0.000000 3.333041 0.000 0 0.000
43701.00 1305.78 100.138999 0.0000000000000000 0.000000 245.746962 -1164506.756818 30.046255 124.178179 -19.893159 1401.295431 -6.587 -6.587 0.000000 3.332828 0.000 0 0.000
43601.00 1305.58 100.138999 0.0000000000000000 0.000000 245.746962 -1164807.228997 30.048181 124.184365 -19.900144 1401.230204 -6.591 -6.591 0.000000 3.332614 0.000 0 0.000
43501.00 1305.39 100.138999 0.0000000000000000 0.000000 245.746962 -1165107.720451 30.050110 124.190552 -19.907133 1401.165115 -6.596 -6.596 0.000000 3.332400 0.000 0 0.000
43401.00 1305.20 100.138999 0.0000000000000000 0.000000 245.746962 -1165408.231201 30.052040 124.196738 -19.914127 1401.100165 -6.601 -6.601 0.000000 3.332186 0.000 0 0.000
43301.00 1305.01 100.138999 0.0000000000000000 0.000000 245.746962 -1165708.761267 30.053973 124.202924 -19.921126 1401.035357 -6.605 -6.605 0.000000 3.331972 0.000 0 0.000
43201.00 1304.82 100.138999 0.0000000000000000 0.000000 245.746962 -1166009.310670 30.055908 124.209111 -19.928129 1400.970691 -6.610 -6.610 0.000000 3.331758 0.000 0 0.000
43101.00 1304.63 100.138999 0.0000000000000000 0.000000 245.746962 -1166309.879433 30.057845 124.215297 -19.935136 1400.906168 -6.615 -6.615 0.000000 3.331543 0.000 0 0.000
43001.00 1304.44 100.138999 0.0000000000000000 0.000000 245.746962 -1166610.467575 30.059784 124.221484 -19.942149 1400.841789 -6.620 -6.620 0.000000 3.331328 0.000 0 0.000
42901.00 1304.25 100.138999 0.0000000000000000 0.000000 245.746962 -1166911.075119 30.061725 124.227671 -19.949166 1400.777557 -6.624 -6.624 0.000000 3.331113 0.000 0 0.000
42801.00 1304.05 100.138999 0.0000000000000000 0.000000 245.746962 -1167211.702086 30.063669 124.233858 -19.956188 1400.713471 -6.629 -6.629 0.000000 3.330898 0.000 0 0.000
42701.00 1303.86 100.138999 0.0000000000000000 0.000000 245.746962 -1167512.348497 30.065614 124.240045 -19.963214 1400.649533 -6.634 -6.634 0.000000 3.330682 0.000 0 0.000
42601.00 1303.67 100.138999 0.0000000000000000 0.000000 245.746962 -1167813.014375 30.067562 124.246232 -19.970246 1400.585745 -6.639 -6.639 0.000000 3.330466 0.000 0 0.000
42501.00 1303.48 100.138999 0.0000000000000000 0.000000 245.746962 -1168113.699742 30.069512 124.252420 -19.977282 1400.522107 -6.643 -6.643 0.000000 3.330250 0.000 0 0.000
42401.00 1303.29 100.138999 0.0000000000000000 0.000000 245.746962 -1168414.404619 30.071464 124.258608 -19.984324 1400.458622 -6.648 -6.648 0.000000 3.330034 0.000 0 0.000
42301.00 1303.10 100.138999 0.0000000000000000 0.000000 245.746962 -1168715.129030 30.073418 124.264796 -19.991370 1400.395289 -6.653 -6.653 0.000000 3.329818 0.000 0 0.000
42201.00 1302.90 100.138999 0.0000000000000000 0.000000 245.746962 -1169015.872995 30.075375 124.270984 -19.998422 1400.332111 -6.658 -6.658 0.000000 3.329601 0.000 0 0.000
42101.00 1302.71 100.138999 0.0000000000000000 0.000000 245.746962 -1169316.636539 30.077334 124.277173 -20.005478 1400.269089 -6.663 -6.663 0.000000 3.329384 0.000 0 0.000
42001.00 1302.52 100.138999 0.0000000000000000 0.000000 245.746962 -1169617.419683 30.079295 124.283362 -20.012540 1400.206225 -6.668 -6.668 0.000000 3.329167 0.000 0 0.000
41901.00 1302.33 100.138999 0.0000000000000000 0.000000 245.746962 -1169918.222451 30.081259 124.289552 -20.019606 1400.143519 -6.673 -6.673 0.000000 3.328950 0.000 0 0.000
41801.00 1302.14 100.138999 0.0000000000000000 0.000000 245.746962 -1170219.044865 30.083225 124.295741 -20.026678 1400.080973 -6.678 -6.678 0.000000 3.328732 0.000 0 0.000
41701.00 1301.95 100.138999 0.0000000000000000 0.000000 245.746962 -1170519.886949 30.085193 124.301932 -20.033756 1400.018588 -6.683 -6.683 0.000000 3.328514 0.000 0 0.000
41601.00 1301.75 100.138999 0.0000000000000000 0.000000 245.746962 -1170820.748726 30.087163 124.308122 -20.040838 1399.956366 -6.687 -6.687 0.000000 3.328296 0.000 0 0.000
41501.00 1301.56 100.138999 0.0000000000000000 0.000000 245.746962 -1171121.630219 30.089136 124.314313 -20.047926 1399.894309 -6.692 -6.692 0.000000 3.328078 0.000 0 0.000
41401.00 1301.37 100.138999 0.0000000000000000 0.000000 245.746962 -1171422.531453 30.091111 124.320505 -20.055020 1399.832417 -6.697 -6.697 0.000000 3.327860 0.000 0 0.000
41301.00 1301.18 100.138999 0.0000000000000000 0.000000 245.746962 -1171723.452450 30.093089 124.326697 -20.062118 1399.770693 -6.702 -6.702 0.000000 3.327641 0.000 0 0.000
41201.00 1300.99 100.138999 0.0000000000000000 0.000000 245.746962 -1172024.393236 30.095069 124.332890 -20.069223 1399.709137 -6.707 -6.707 0.000000 3.327422 0.000 0 0.000
41101.00 1300.80 100.138999 0.0000000000000000 0.000000 245.746962 -1172325.353834 30.097051 124.339083 -20.076333 1399.647752 -6.712 -6.712 0.000000 3.327203 0.000 0 0.000
41001.00 1300.60 100.138999 0.0000000000000000 0.000000 245.746962 -1172626.334268 30.099036 124.345276 -20.083448 1399.586538 -6.717 -6.717 0.000000 3.326984 0.000 0 0.000
40901.00 1300.41 100.138999 0.0000000000000000 0.000000 245.746962 -1172927.334563 30.101023 124.351471 -20.090570 1399.525498 -6.722 -6.722 0.000000 3.326764 0.000 0 0.000
40801.00 1300.22 100.138999 0.0000000000000000 0.000000 245.746962 -1173228.354744 30.103013 124.357665 -20.097697 1399.464633 -6.727 -6.727 0.000000 3.326544 0.000 0 0.000
40701.00 1300.03 100.138999 0.0000000000000000 0.000000 245.746962 -1173529.394836 30.105005 124.363861 -20.104829 1399.403945 -6.733 -6.733 0.000000 3.326324 0.000 0 0.000
40601.00 1299.84 100.138999 0.0000000000000000 0.000000 245.746962 -1173830.454863 30.107000 124.370057 -20.111968 1399.343435 -6.738 -6.738 0.000000 3.326103 0.000 0 0.000
40501.00 1299.64 100.138999 0.0000000000000000 0.000000 245.746962 -1174131.534850 30.108998 124.376254 -20.119113 1399.283105 -6.743 -6.743 0.000000 3.325883 0.000 0 0.000
40401.00 1299.45 100.138999 0.0000000000000000 0.000000 245.746962 -1174432.634824 30.110998 124.382451 -20.126263 1399.222957 -6.748 -6.748 0.000000 3.325662 0.000 0 0.000
40301.00 1299.26 100.138999 0.0000000000000000 0.000000 245.746962 -1174733.754810 30.113000 124.388650 -20.133420 1399.162992 -6.753 -6.753 0.000000 3.325441 0.000 0 0.000
40201.00 1299.07 100.138999 0.0000000000000000 0.000000 245.746962 -1175034.894833 30.115005 124.394849 -20.140582 1399.103212 -6.758 -6.758 0.000000 3.325219 0.000 0 0.000
40101.00 1298.87 100.138999 0.0000000000000000 0.000000 245.746962 -1175336.054920 30.117013 124.401049 -20.147751 1399.043619 -6.763 -6.763 0.000000 3.324998 0.000 0 0.000
40001.00 1298.68 100.138999 0.0000000000000000 0.000000 245.746962 -1175637.235096 30.119023 124.407249 -20.154926 1398.984215 -6.768 -6.768 0.000000 3.324776 0.000 0 0.000
39901.00 1298.49 100.138999 0.0000000000000000 0.000000 245.746962 -1175938.435389 30.121036 124.413451 -20.162107 1398.925001 -6.774 -6.774 0.000000 3.324554 0.000 0 0.000
39801.00 1298.30 100.138999 0.0000000000000000 0.000000 245.746962 -1176239.655824 30.123052 124.419653 -20.169295 1398.865980 -6.779 -6.779 0.000000 3.324331 0.000 0 0.000
39701.00 1298.10 100.138999 0.0000000000000000 0.000000 245.746962 -1176540.896429 30.125070 124.425857 -20.176489 1398.807153 -6.784 -6.784 0.000000 3.324108 0.000 0 0.000
39601.00 1297.91 100.138999 0.0000000000000000 0.000000 245.746962 -1176842.157230 30.127091 124.432061 -20.183689 1398.748522 -6.789 -6.789 0.000000 3.323885 0.000 0 0.000
39501.00 1297.72 100.138999 0.0000000000000000 0.000000 245.746962 -1177143.438255 30.129115 124.438266 -20.190896 1398.690089 -6.794 -6.794 0.000000 3.323662 0.000 0 0.000
39401.00 1297.53 100.138999 0.0000000000000000 0.000000 245.746962 -1177444.739531 30.131141 124.444472 -20.198110 1398.631856 -6.800 -6.800 0.000000 3.323439 0.000 0 0.000
39301.00 1297.33 100.138999 0.0000000000000000 0.000000 245.746962 -1177746.061085 30.133170 124.450680 -20.205330 1398.573825 -6.805 -6.805 0.000000 3.323215 0.000 0 0.000
39201.00 1297.14 100.138999 0.0000000000000000 0.000000 245.746962 -1178047.402947 30.135202 124.456888 -20.212557 1398.515998 -6.810 -6.810 0.000000 3.322991 0.000 0 0.000
39101.00 1296.95 100.138999 0.0000000000000000 0.000000 245.746962 -1178348.765143 30.137237 124.463098 -20.219791 1398.458377 -6.816 -6.816 0.000000 3.322766 0.000 0 0.000
39001.00 1296.76 100.138999 0.0000000000000000 0.000000 245.746962 -1178650.147702 30.139275 124.469308 -20.227031 1398.400964 -6.821 -6.821 0.000000 3.322542 0.000 0 0.000
38901.00 1296.56 100.138999 0.0000000000000000 0.000000 245.746962 -1178951.550652 30.141316 124.475520 -20.234279 1398.343762 -6.826 -6.826 0.000000 3.322317 0.000 0 0.000
38801.00 1296.37 100.138999 0.0000000000000000 0.000000 245.746962 -1179252.974023 30.143359 124.481733 -20.241533 1398.286772 -6.832 -6.832 0.000000 3.322092 0.000 0 0.000
38701.00 1296.18 100.138999 0.0000000000000000 0.000000 245.746962 -1179554.417844 30.145405 124.487947 -20.248795 1398.229997 -6.837 -6.837 0.000000 3.321866 0.000 0 0.000
38601.00 1295.99 100.138999 0.0000000000000000 0.000000 245.746962 -1179855.882143 30.147455 124.494163 -20.256064 1398.173438 -6.842 -6.842 0.000000 3.321640 0.000 0 0.000
38501.00 1295.79 100.138999 0.0000000000000000 0.000000 245.746962 -1180157.366950 30.149507 124.500379 -20.263340 1398.117099 -6.848 -6.848 0.000000 3.321414 0.000 0 0.000
38401.00 1295.60 100.138999 0.0000000000000000 0.000000 245.746962 -1180458.872296 30.151562 124.506597 -20.270623 1398.060981 -6.853 -6.853 0.000000 3.321188 0.000 0 0.000
38301.00 1295.41 100.138999 0.0000000000000000 0.000000 245.746962 -1180760.398209 30.153621 124.512817 -20.277914 1398.005087 -6.858 -6.858 0.000000 3.320961 0.000 0 0.000
38201.00 1295.21 100.138999 0.0000000000000000 0.000000 245.746962 -1181061.944721 30.155682 124.519038 -20.285212 1397.949419 -6.864 -6.864 0.000000 3.320734 0.000 0 0.000
38101.00 1295.02 100.138999 0.0000000000000000 0.000000 245.746962 -1181363.511861 30.157747 124.525260 -20.292517 1397.893979 -6.869 -6.869 0.000000 3.320507 0.000 0 0.000
38001.00 1294.83 100.138999 0.0000000000000000 0.000000 245.746962 -1181665.099661 30.159814 124.531484 -20.299831 1397.838770 -6.875 -6.875 0.000000 3.320279 0.000 0 0.000
37901.00 1294.63 100.138999 0.0000000000000000 0.000000 245.746962 -1181966.708152 30.161885 124.537710 -20.307152 1397.783795 -6.880 -6.880 0.000000 3.320051 0.000 0 0.000
37801.00 1294.44 100.138999 0.0000000000000000 0.000000 245.746962 -1182268.337365 30.163958 124.543937 -20.314481 1397.729056 -6.886 -6.886 0.000000 3.319823 0.000 0 0.000
37701.00 1294.25 100.138999 0.0000000000000000 0.000000 245.746962 -1182569.987332 30.166035 124.550165 -20.321817 1397.674555 -6.891 -6.891 0.000000 3.319594 0.000 0 0.000
37601.00 1294.05 100.138999 0.0000000000000000 0.000000 245.746962 -1182871.658085 30.168116 124.556396 -20.329162 1397.620295 -6.897 -6.897 0.000000 3.319365 0.000 0 0.000
37501.00 1293.86 100.138999 0.0000000000000000 0.000000 245.746962 -1183173.349655 30.170199 124.562628 -20.336514 1397.566279 -6.903 -6.903 0.000000 3.319136 0.000 0 0.000
37401.00 1293.67 100.138999 0.0000000000000000 0.000000 245.746962 -1183475.062076 30.172286 124.568862 -20.343875 1397.512510 -6.908 -6.908 0.000000 3.318907 0.000 0 0.000
37301.00 1293.47 100.138999 0.0000000000000000 0.000000 245.746962 -1183776.795381 30.174376 124.575097 -20.351244 1397.458989 -6.914 -6.914 0.000000 3.318677 0.000 0 0.000
37201.00 1293.28 100.138999 0.0000000000000000 0.000000 245.746962 -1184078.549602 30.176469 124.581335 -20.358622 1397.405721 -6.919 -6.919 0.000000 3.318447 0.000 0 0.000
37101.00 1293.09 100.138999 0.0000000000000000 0.000000 245.746962 -1184380.324772 30.178566 124.587574 -20.366007 1397.352707 -6.925 -6.925 0.000000 3.318216 0.000 0 0.000
37001.00 1292.89 100.138999 0.0000000000000000 0.000000 245.746962 -1184682.120926 30.180666 124.593815 -20.373402 1397.299951 -6.931 -6.931 0.000000 3.317985 0.000 0 0.000
36901.00 1292.70 100.138999 0.0000000000000000 0.000000 245.746962 -1184983.938098 30.182769 124.600059 -20.380805 1397.247456 -6.936 -6.936 0.000000 3.317754 0.000 0 0.000
36801.00 1292.50 100.138999 0.0000000000000000 0.000000 245.746962 -1185285.776322 30.184876 124.606304 -20.388216 1397.195225 -6.942 -6.942 0.000000 3.317522 0.000 0 0.000
36701.00 1292.31 100.138999 0.0000000000000000 0.000000 245.746962 -1185587.635633 30.186987 124.612551 -20.395637 1397.143260 -6.948 -6.948 0.000000 3.317290 0.000 0 0.000
36601.00 1292.12 100.138999 0.0000000000000000 0.000000 245.746962 -1185889.516066 30.189101 124.618801 -20.403066 1397.091565 -6.953 -6.953 0.000000 3.317058 0.000 0 0.000
36501.00 1291.92 100.138999 0.0000000000000000 0.000000 245.746962 -1186191.417656 30.191218 124.625053 -20.410504 1397.040143 -6.959 -6.959 0.000000 3.316825 0.000 0 0.000
36401.00 1291.73 100.138999 0.0000000000000000 0.000000 245.746962 -1186493.340439 30.193339 124.631307 -20.417951 1396.988997 -6.965 -6.965 0.000000 3.316592 0.000 0 0.000
36301.00 1291.53 100.138999 0.0000000000000000 0.000000 245.746962 -1186795.284451 30.195464 124.637563 -20.425408 1396.938130 -6.971 -6.971 0.000000 3.316359 0.000 0 0.000
36201.00 1291.34 100.138999 0.0000000000000000 0.000000 245.746962 -1187097.249729 30.197592 124.643822 -20.432874 1396.887546 -6.977 -6.977 0.000000 3.316125 0.000 0 0.000
36101.00 1291.15 100.138999 0.0000000000000000 0.000000 245.746962 -1187399.236310 30.199724 124.650083 -20.440349 1396.837248 -6.982 -6.982 0.000000 3.315891 0.000 0 0.000
36001.00 1290.95 100.138999 0.0000000000000000 0.000000 245.746962 -1187701.244230 30.201860 124.656346 -20.447834 1396.787240 -6.988 -6.988 0.000000 3.315657 0.000 0 0.000
35901.00 1290.76 100.138999 0.0000000000000000 0.000000 245.746962 -1188003.273528 30.204000 124.662613 -20.455329 1396.737524 -6.994 -6.994 0.000000 3.315422 0.000 0 0.000
35801.00 1290.56 100.138999 0.0000000000000000 0.000000 245.746962 -1188305.324241 30.206143 124.668881 -20.462833 1396.688106 -7.000 -7.000 0.000000 3.315187 0.000 0 0.000
35701.00 1290.37 100.138999 0.0000000000000000 0.000000 245.746962 -1188607.396408 30.208291 124.675153 -20.470347 1396.638987 -7.006 -7.006 0.000000 3.314951 0.000 0 0.000
35601.00 1290.17 100.138999 0.0000000000000000 0.000000 245.746962 -1188909.490067 30.210442 124.681427 -20.477871 1396.590173 -7.012 -7.012 0.000000 3.314715 0.000 0 0.000
35501.00 1289.98 100.138999 0.0000000000000000 0.000000 245.746962 -1189211.605258 30.212597 124.687704 -20.485406 1396.541666 -7.018 -7.018 0.000000 3.314478 0.000 0 0.000
35401.00 1289.78 100.138999 0.0000000000000000 0.000000 245.746962 -1189513.742021 30.214756 124.693983 -20.492950 1396.493470 -7.024 -7.024 0.000000 3.314242 0.000 0 0.000
35301.00 1289.59 100.138999 0.0000000000000000 0.000000 245.746962 -1189815.900395 30.216919 124.700266 -20.500505 1396.445591 -7.030 -7.030 0.000000 3.314004 0.000 0 0.000
35201.00 1289.39 100.138999 0.0000000000000000 0.000000 245.746962 -1190118.080422 30.219087 124.706551 -20.508070 1396.398030 -7.036 -7.036 0.000000 3.313767 0.000 0 0.000
35101.00 1289.20 100.138999 0.0000000000000000 0.000000 245.746962 -1190420.282141 30.221258 124.712840 -20.515647 1396.350794 -7.042 -7.042 0.000000 3.313528 0.000 0 0.000
35001.00 1289.00 100.138999 0.0000000000000000 0.000000 245.746962 -1190722.505595 30.223433 124.719132 -20.523233 1396.303885 -7.048 -7.048 0.000000 3.313290 0.000 0 0.000
34901.00 1288.81 100.138999 0.0000000000000000 0.000000 245.746962 -1191024.750825 30.225613 124.725427 -20.530831 1396.257307 -7.054 -7.054 0.000000 3.313051 0.000 0 0.000
34801.00 1288.61 100.138999 0.0000000000000000 0.000000 245.746962 -1191327.017873 30.227797 124.731725 -20.538440 1396.211067 -7.060 -7.060 0.000000 3.312812 0.000 0 0.000
34701.00 1288.42 100.138999 0.0000000000000000 0.000000 245.746962 -1191629.306783 30.229985 124.738027 -20.546060 1396.165166 -7.066 -7.066 0.000000 3.312572 0.000 0 0.000
34601.00 1288.22 100.138999 0.0000000000000000 0.000000 245.746962 -1191931.617597 30.232178 124.744332 -20.553691 1396.119611 -7.072 -7.072 0.000000 3.312332 0.000 0 0.000
34501.00 1288.03 100.138999 0.0000000000000000 0.000000 245.746962 -1192233.950360 30.234375 124.750640 -20.561334 1396.074406 -7.078 -7.078 0.000000 3.312091 0.000 0 0.000
34401.00 1287.83 100.138999 0.0000000000000000 0.000000 245.746962 -1192536.305116 30.236577 124.756952 -20.568988 1396.029555 -7.085 -7.085 0.000000 3.311850 0.000 0 0.000
34301.00 1287.63 100.138999 0.0000000000000000 0.000000 245.746962 -1192838.681909 30.238783 124.763268 -20.576654 1395.985063 -7.091 -7.091 0.000000 3.311608 0.000 0 0.000
34201.00 1287.44 100.138999 0.0000000000000000 0.000000 245.746962 -1193141.080785 30.240993 124.769587 -20.584332 1395.940934 -7.097 -7.097 0.000000 3.311366 0.000 0 0.000
34101.00 1287.24 100.138999 0.0000000000000000 0.000000 245.746962 -1193443.501790 30.243208 124.775911 -20.592022 1395.897175 -7.103 -7.103 0.000000 3.311124 0.000 0 0.000
34001.00 1287.05 100.138999 0.0000000000000000 0.000000 245.746962 -1193745.944970 30.245428 124.782238 -20.599724 1395.853790 -7.109 -7.109 0.000000 3.310881 0.000 0 0.000
33901.00 1286.85 100.138999 0.0000000000000000 0.000000 245.746962 -1194048.410373 30.247653 124.788569 -20.607439 1395.810784 -7.116 -7.116 0.000000 3.310637 0.000 0 0.000
33801.00 1286.65 100.138999 0.0000000000000000 0.000000 245.746962 -1194350.898045 30.249882 124.794904 -20.615166 1395.768162 -7.122 -7.122 0.000000 3.310393 0.000 0 0.000
33701.00 1286.46 100.138999 0.0000000000000000 0.000000 245.746962 -1194653.408035 30.252117 124.801244 -20.622906 1395.725930 -7.128 -7.128 0.000000 3.310149 0.000 0 0.000
33601.00 1286.26 100.138999 0.0000000000000000 0.000000 245.746962 -1194955.940391 30.254356 124.807588 -20.630659 1395.684094 -7.135 -7.135 0.000000 3.309904 0.000 0 0.000
33501.00 1286.06 100.138999 0.0000000000000000 0.000000 245.746962 -1195258.495164 30.256600 124.813936 -20.638425 1395.642658 -7.141 -7.141 0.000000 3.309658 0.000 0 0.000
33401.00 1285.87 100.138999 0.0000000000000000 0.000000 245.746962 -1195561.072403 30.258849 124.820289 -20.646204 1395.601629 -7.148 -7.148 0.000000 3.309412 0.000 0 0.000
33301.00 1285.67 100.138999 0.0000000000000000 0.000000 245.746962 -1195863.672158 30.261103 124.826646 -20.653997 1395.561012 -7.154 -7.154 0.000000 3.309166 0.000 0 0.000
33201.00 1285.47 100.138999 0.0000000000000000 0.000000 245.746962 -1196166.294481 30.263362 124.833008 -20.661803 1395.520813 -7.160 -7.160 0.000000 3.308918 0.000 0 0.000
33101.00 1285.28 100.138999 0.0000000000000000 0.000000 245.746962 -1196468.939424 30.265627 124.839375 -20.669623 1395.481039 -7.167 -7.167 0.000000 3.308671 0.000 0 0.000
33001.00 1285.08 100.138999 0.0000000000000000 0.000000 245.746962 -1196771.607039 30.267897 124.845746 -20.677457 1395.441696 -7.173 -7.173 0.000000 3.308423 0.000 0 0.000
32901.00 1284.88 100.138999 0.0000000000000000 0.000000 245.746962 -1197074.297380 30.270172 124.852123 -20.685305 1395.402790 -7.180 -7.180 0.000000 3.308174 0.000 0 0.000
32801.00 1284.68 100.138999 0.0000000000000000 0.000000 245.746962 -1197377.010501 30.272453 124.858505 -20.693167 1395.364327 -7.187 -7.187 0.000000 3.307925 0.000 0 0.000
32701.00 1284.49 100.138999 0.0000000000000000 0.000000 245.746962 -1197679.746456 30.274739 124.864892 -20.701044 1395.326315 -7.193 -7.193 0.000000 3.307675 0.000 0 0.000
32601.00 1284.29 100.138999 0.0000000000000000 0.000000 245.746962 -1197982.505300 30.277031 124.871284 -20.708936 1395.288759 -7.200 -7.200 0.000000 3.307425 0.000 0 0.000
32501.00 1284.09 100.138999 0.0000000000000000 0.000000 245.746962 -1198285.287091 30.279328 124.877682 -20.716843 1395.251667 -7.206 -7.206 0.000000 3.307174 0.000 0 0.000
32401.00 1283.89 100.138999 0.0000000000000000 0.000000 245.746962 -1198588.091884 30.281631 124.884086 -20.724766 1395.215047 -7.213 -7.213 0.000000 3.306922 0.000 0 0.000
32301.00 1283.70 100.138999 0.0000000000000000 0.000000 245.746962 -1198890.919738 30.283940 124.890495 -20.732703 1395.178905 -7.220 -7.220 0.000000 3.306670 0.000 0 0.000
32201.00 1283.50 100.138999 0.0000000000000000 0.000000 245.746962 -1199193.770712 30.286255 124.896911 -20.740656 1395.143248 -7.227 -7.227 0.000000 3.306417 0.000 0 0.000
32101.00 1283.30 100.138999 0.0000000000000000 0.000000 245.746962 -1199496.644864 30.288576 124.903332 -20.748626 1395.108085 -7.233 -7.233 0.000000 3.306164 0.000 0 0.000
32001.00 1283.10 100.138999 0.0000000000000000 0.000000 245.746962 -1199799.542254 30.290903 124.909759 -20.756611 1395.073422 -7.240 -7.240 0.000000 3.305910 0.000 0 0.000
31901.00 1282.90 100.138999 0.0000000000000000 0.000000 245.746962 -1200102.462945 30.293236 124.916193 -20.764613 1395.039269 -7.247 -7.247 0.000000 3.305655 0.000 0 0.000
31801.00 1282.70 100.138999 0.0000000000000000 0.000000 245.746962 -1200405.406997 30.295575 124.922633 -20.772631 1395.005633 -7.254 -7.254 0.000000 3.305400 0.000 0 0.000
31701.00 1282.50 100.138999 0.0000000000000000 0.000000 245.746962 -1200708.374474 30.297921 124.929080 -20.780666 1394.972522 -7.261 -7.261 0.000000 3.305144 0.000 0 0.000
31601.00 1282.31 100.138999 0.0000000000000000 0.000000 245.746962 -1201011.365439 30.300273 124.935533 -20.788719 1394.939945 -7.268 -7.268 0.000000 3.304888 0.000 0 0.000
31501.00 1282.11 100.138999 0.0000000000000000 0.000000 245.746962 -1201314.379957 30.302632 124.941994 -20.796788 1394.907911 -7.274 -7.274 0.000000 3.304630 0.000 0 0.000
31401.00 1281.91 100.138999 0.0000000000000000 0.000000 245.746962 -1201617.418094 30.304997 124.948461 -20.804876 1394.876428 -7.281 -7.281 0.000000 3.304373 0.000 0 0.000
31301.00 1281.71 100.138999 0.0000000000000000 0.000000 245.746962 -1201920.479916 30.307369 124.954936 -20.812981 1394.845506 -7.288 -7.288 0.000000 3.304114 0.000 0 0.000
31201.00 1281.51 100.138999 0.0000000000000000 0.000000 245.746962 -1202223.565491 30.309747 124.961418 -20.821105 1394.815154 -7.295 -7.295 0.000000 3.303855 0.000 0 0.000
31101.00 1281.31 100.138999 0.0000000000000000 0.000000 245.746962 -1202526.674888 30.312133 124.967908 -20.829247 1394.785381 -7.302 -7.302 0.000000 3.303595 0.000 0 0.000
31001.00 1281.11 100.138999 0.0000000000000000 0.000000 245.746962 -1202829.808176 30.314526 124.974405 -20.837408 1394.756198 -7.310 -7.310 0.000000 3.303334 0.000 0 0.000
30901.00 1280.91 100.138999 0.0000000000000000 0.000000 245.746962 -1203132.965426 30.316926 124.980911 -20.845588 1394.727613 -7.317 -7.317 0.000000 3.303072 0.000 0 0.000
30801.00 1280.71 100.138999 0.0000000000000000 0.000000 245.746962 -1203436.146711 30.319333 124.987424 -20.853788 1394.699639 -7.324 -7.324 0.000000 3.302810 0.000 0 0.000
30701.00 1280.51 100.138999 0.0000000000000000 0.000000 245.746962 -1203739.352102 30.321747 124.993946 -20.862007 1394.672285 -7.331 -7.331 0.000000 3.302547 0.000 0 0.000
30601.00 1280.31 100.138999 0.0000000000000000 0.000000 245.746962 -1204042.581675 30.324169 125.000476 -20.870246 1394.645561 -7.338 -7.338 0.000000 3.302283 0.000 0 0.000
30501.00 1280.11 100.138999 0.0000000000000000 0.000000 245.746962 -1204345.835505 30.326598 125.007015 -20.878506 1394.619479 -7.346 -7.346 0.000000 3.302019 0.000 0 0.000
30401.00 1279.91 100.138999 0.0000000000000000 0.000000 245.746962 -1204649.113667 30.329036 125.013563 -20.886786 1394.594051 -7.353 -7.353 0.000000 3.301753 0.000 0 0.000
30301.00 1279.70 100.138999 0.0000000000000000 0.000000 245.746962 -1204952.416241 30.331481 125.020120 -20.895087 1394.569287 -7.360 -7.360 0.000000 3.301487 0.000 0 0.000
30201.00 1279.50 100.138999 0.0000000000000000 0.000000 245.746962 -1205255.743305 30.333934 125.026686 -20.903410 1394.545200 -7.368 -7.368 0.000000 3.301220 0.000 0 0.000
30101.00 1279.30 100.138999 0.0000000000000000 0.000000 245.746962 -1205559.094940 30.336395 125.033262 -20.911754 1394.521802 -7.375 -7.375 0.000000 3.300953 0.000 0 0.000
30001.00 1279.10 100.138999 0.0000000000000000 0.000000 245.746962 -1205862.471227 30.338864 125.039848 -20.920121 1394.499105 -7.382 -7.382 0.000000 3.300684 0.000 0 0.000
29901.00 1278.90 100.138999 0.0000000000000000 0.000000 245.746962 -1206165.872249 30.341342 125.046443 -20.928510 1394.477122 -7.390 -7.390 0.000000 3.300414 0.000 0 0.000
29801.00 1278.70 100.138999 0.0000000000000000 0.000000 245.746962 -1206469.298092 30.343828 125.053049 -20.936922 1394.455866 -7.397 -7.397 0.000000 3.300144 0.000 0 0.000
29701.00 1278.49 100.138999 0.0000000000000000 0.000000 245.746962 -1206772.748840 30.346323 125.059666 -20.945358 1394.435351 -7.405 -7.405 0.000000 3.299873 0.000 0 0.000
29601.00 1278.29 100.138999 0.0000000000000000 0.000000 245.746962 -1207076.224582 30.348827 125.066293 -20.953817 1394.415590 -7.412 -7.412 0.000000 3.299600 0.000 0 0.000
29501.00 1278.09 100.138999 0.0000000000000000 0.000000 245.746962 -1207379.725406 30.351340 125.072931 -20.962300 1394.396598 -7.420 -7.420 0.000000 3.299327 0.000 0 0.000
29401.00 1277.89 100.138999 0.0000000000000000 0.000000 245.746962 -1207683.251403 30.353861 125.079580 -20.970807 1394.378388 -7.428 -7.428 0.000000 3.299053 0.000 0 0.000
29301.00 1277.68 100.138999 0.0000000000000000 0.000000 245.746962 -1207986.802665 30.356393 125.086241 -20.979340 1394.360977 -7.435 -7.435 0.000000 3.298778 0.000 0 0.000
29201.00 1277.48 100.138999 0.0000000000000000 0.000000 245.746962 -1208290.379286 30.358933 125.092914 -20.987898 1394.344378 -7.443 -7.443 0.000000 3.298502 0.000 0 0.000
29101.00 1277.28 100.138999 0.0000000000000000 0.000000 245.746962 -1208593.981361 30.361483 125.099599 -20.996482 1394.328608 -7.451 -7.451 0.000000 3.298225 0.000 0 0.000
29001.00 1277.07 100.138999 0.0000000000000000 0.000000 245.746962 -1208897.608987 30.364043 125.106297 -21.005092 1394.313684 -7.459 -7.459 0.000000 3.297947 0.000 0 0.000
28901.00 1276.87 100.138999 0.0000000000000000 0.000000 245.746962 -1209201.262263 30.366613 125.113007 -21.013729 1394.299620 -7.467 -7.467 0.000000 3.297668 0.000 0 0.000
28801.00 1276.67 100.138999 0.0000000000000000 0.000000 245.746962 -1209504.941290 30.369194 125.119730 -21.022393 1394.286434 -7.475 -7.475 0.000000 3.297387 0.000 0 0.000
28701.00 1276.46 100.138999 0.0000000000000000 0.000000 245.746962 -1209808.646170 30.371784 125.126466 -21.031085 1394.274144 -7.483 -7.483 0.000000 3.297106 0.000 0 0.000
28601.00 1276.26 100.138999 0.0000000000000000 0.000000 245.746962 -1210112.377008 30.374385 125.133216 -21.039806 1394.262767 -7.491 -7.491 0.000000 3.296824 0.000 0 0.000
28501.00 1276.05 100.138999 0.0000000000000000 0.000000 245.746962 -1210416.133909 30.376997 125.139980 -21.048555 1394.252322 -7.499 -7.499 0.000000 3.296540 0.000 0 0.000
28401.00 1275.85 100.138999 0.0000000000000000 0.000000 245.746962 -1210719.916983 30.379620 125.146759 -21.057334 1394.242827 -7.507 -7.507 0.000000 3.296256 0.000 0 0.000
28301.00 1275.64 100.138999 0.0000000000000000 0.000000 245.746962 -1211023.726340 30.382254 125.153552 -21.066142 1394.234302 -7.515 -7.515 0.000000 3.295970 0.000 0 0.000
28201.00 1275.44 100.138999 0.0000000000000000 0.000000 245.746962 -1211327.562092 30.384899 125.160360 -21.074981 1394.226766 -7.523 -7.523 0.000000 3.295683 0.000 0 0.000
28101.00 1275.23 100.138999 0.0000000000000000 0.000000 245.746962 -1211631.424354 30.387556 125.167184 -21.083851 1394.220240 -7.531 -7.531 0.000000 3.295395 0.000 0 0.000
28001.00 1275.02 100.138999 0.0000000000000000 0.000000 245.746962 -1211935.313242 30.390224 125.174023 -21.092753 1394.214744 -7.540 -7.540 0.000000 3.295106 0.000 0 0.000
27901.00 1274.82 100.138999 0.0000000000000000 0.000000 245.746962 -1212239.228877 30.392905 125.180879 -21.101687 1394.210300 -7.548 -7.548 0.000000 3.294815 0.000 0 0.000
27801.00 1274.61 100.138999 0.0000000000000000 0.000000 245.746962 -1212543.171379 30.395598 125.187752 -21.110654 1394.206930 -7.556 -7.556 0.000000 3.294523 0.000 0 0.000
27701.00 1274.40 100.138999 0.0000000000000000 0.000000 245.746962 -1212847.140872 30.398303 125.194641 -21.119654 1394.204656 -7.565 -7.565 0.000000 3.294230 0.000 0 0.000
27601.00 1274.20 100.138999 0.0000000000000000 0.000000 245.746962 -1213151.137482 30.401021 125.201548 -21.128689 1394.203502 -7.573 -7.573 0.000000 3.293935 0.000 0 0.000
27501.00 1273.99 100.138999 0.0000000000000000 0.000000 245.746962 -1213455.161340 30.403752 125.208473 -21.137759 1394.203492 -7.582 -7.582 0.000000 3.293639 0.000 0 0.000
27401.00 1273.78 100.138999 0.0000000000000000 0.000000 245.746962 -1213759.212575 30.406497 125.215416 -21.146864 1394.204649 -7.591 -7.591 0.000000 3.293342 0.000 0 0.000
27301.00 1273.57 100.138999 0.0000000000000000 0.000000 245.746962 -1214063.291322 30.409255 125.222378 -21.156006 1394.207000 -7.599 -7.599 0.000000 3.293044 0.000 0 0.000
27201.00 1273.36 100.138999 0.0000000000000000 0.000000 245.746962 -1214367.397718 30.412027 125.229360 -21.165184 1394.210569 -7.608 -7.608 0.000000 3.292743 0.000 0 0.000
27101.00 1273.16 100.138999 0.0000000000000000 0.000000 245.746962 -1214671.531902 30.414813 125.236361 -21.174401 1394.215385 -7.617 -7.617 0.000000 3.292442 0.000 0 0.000
27001.00 1272.95 100.138999 0.0000000000000000 0.000000 245.746962 -1214975.694018 30.417613 125.243383 -21.183655 1394.221473 -7.626 -7.626 0.000000 3.292139 0.000 0 0.000
26901.00 1272.74 100.138999 0.0000000000000000 0.000000 245.746962 -1215279.884210 30.420428 125.250425 -21.192950 1394.228862 -7.635 -7.635 0.000000 3.291834 0.000 0 0.000
26801.00 1272.53 100.138999 0.0000000000000000 0.000000 245.746962 -1215584.102627 30.423258 125.257489 -21.202284 1394.237581 -7.643 -7.643 0.000000 3.291528 0.000 0 0.000
26701.00 1272.32 100.138999 0.0000000000000000 0.000000 245.746962 -1215888.349421 30.426103 125.264575 -21.211660 1394.247659 -7.653 -7.653 0.000000 3.291220 0.000 0 0.000
26601.00 1272.11 100.138999 0.0000000000000000 0.000000 245.746962 -1216192.624747 30.428964 125.271683 -21.221077 1394.259127 -7.662 -7.662 0.000000 3.290911 0.000 0 0.000
26501.00 1271.90 100.138999 0.0000000000000000 0.000000 245.746962 -1216496.928763 30.431841 125.278814 -21.230537 1394.272017 -7.671 -7.671 0.000000 3.290599 0.000 0 0.000
26401.00 1271.68 100.138999 0.0000000000000000 0.000000 245.746962 -1216801.261630 30.434735 125.285969 -21.240041 1394.286360 -7.680 -7.680 0.000000 3.290287 0.000 0 0.000
26301.00 1271.47 100.138999 0.0000000000000000 0.000000 245.746962 -1217105.623514 30.437645 125.293149 -21.249589 1394.302190 -7.689 -7.689 0.000000 3.289972 0.000 0 0.000
26201.00 1271.26 100.138999 0.0000000000000000 0.000000 245.746962 -1217410.014583 30.440572 125.300353 -21.259183 1394.319541 -7.699 -7.699 0.000000 3.289656 0.000 0 0.000
26101.00 1271.05 100.138999 0.0000000000000000 0.000000 245.746962 -1217714.435009 30.443516 125.307583 -21.268824 1394.338448 -7.708 -7.708 0.000000 3.289337 0.000 0 0.000
26001.00 1270.84 100.138999 0.0000000000000000 0.000000 245.746962 -1218018.884970 30.446479 125.314839 -21.278512 1394.358948 -7.718 -7.718 0.000000 3.289017 0.000 0 0.000
25901.00 1270.62 100.138999 0.0000000000000000 0.000000 245.746962 -1218323.364645 30.449459 125.322122 -21.288249 1394.381077 -7.727 -7.727 0.000000 3.288695 0.000 0 0.000
25801.00 1270.41 100.138999 0.0000000000000000 0.000000 245.746962 -1218627.874217 30.452458 125.329433 -21.298035 1394.404874 -7.737 -7.737 0.000000 3.288372 0.000 0 0.000
25701.00 1270.20 100.138999 0.0000000000000000 0.000000 245.746962 -1218932.413876 30.455477 125.336772 -21.307872 1394.430377 -7.747 -7.747 0.000000 3.288046 0.000 0 0.000
25601.00 1269.98 100.138999 0.0000000000000000 0.000000 245.746962 -1219236.983814 30.458514 125.344141 -21.317761 1394.457629 -7.756 -7.756 0.000000 3.287718 0.000 0 0.000
25501.00 1269.77 100.138999 0.0000000000000000 0.000000 245.746962 -1219541.584227 30.461572 125.351539 -21.327703 1394.486670 -7.766 -7.766 0.000000 3.287388 0.000 0 0.000
25401.00 1269.55 100.138999 0.0000000000000000 0.000000 245.746962 -1219846.215318 30.464650 125.358968 -21.337699 1394.517544 -7.776 -7.776 0.000000 3.287056 0.000 0 0.000
25301.00 1269.34 100.138999 0.0000000000000000 0.000000 245.746962 -1220150.877291 30.467748 125.366429 -21.347751 1394.550295 -7.786 -7.786 0.000000 3.286721 0.000 0 0.000
25201.00 1269.12 100.138999 0.0000000000000000 0.000000 245.746962 -1220455.570359 30.470869 125.373922 -21.357859 1394.584969 -7.796 -7.796 0.000000 3.286385 0.000 0 0.000
25101.00 1268.90 100.138999 0.0000000000000000 0.000000 245.746962 -1220760.294736 30.474010 125.381448 -21.368026 1394.621613 -7.807 -7.807 0.000000 3.286046 0.000 0 0.000
25001.00 1268.69 100.138999 0.0000000000000000 0.000000 245.746962 -1221065.050643 30.477175 125.389009 -21.378252 1394.660275 -7.817 -7.817 0.000000 3.285705 0.000 0 0.000
24901.00 1268.47 100.138999 0.0000000000000000 0.000000 245.746962 -1221369.838307 30.480362 125.396605 -21.388539 1394.701005 -7.827 -7.827 0.000000 3.285361 0.000 0 0.000
24801.00 1268.25 100.138999 0.0000000000000000 0.000000 245.746962 -1221674.657958 30.483572 125.404237 -21.398888 1394.743856 -7.838 -7.838 0.000000 3.285015 0.000 0 0.000
24701.00 1268.03 100.138999 0.0000000000000000 0.000000 245.746962 -1221979.509835 30.486807 125.411906 -21.409301 1394.788880 -7.848 -7.848 0.000000 3.284667 0.000 0 0.000
24601.00 1267.81 100.138999 0.0000000000000000 0.000000 245.746962 -1222284.394179 30.490066 125.419613 -21.419779 1394.836133 -7.859 -7.859 0.000000 3.284316 0.000 0 0.000
24501.00 1267.59 100.138999 0.0000000000000000 0.000000 245.746962 -1222589.311239 30.493350 125.427359 -21.430324 1394.885670 -7.870 -7.870 0.000000 3.283962 0.000 0 0.000
24401.00 1267.37 100.138999 0.0000000000000000 0.000000 245.746962 -1222894.261270 30.496660 125.435146 -21.440937 1394.937552 -7.881 -7.881 0.000000 3.283605 0.000 0 0.000
24301.00 1267.15 100.138999 0.0000000000000000 0.000000 245.746962 -1223199.244533 30.499997 125.442974 -21.451621 1394.991837 -7.892 -7.892 0.000000 3.283246 0.000 0 0.000
24201.00 1266.93 100.138999 0.0000000000000000 0.000000 245.746962 -1223504.261296 30.503360 125.450845 -21.462376 1395.048589 -7.903 -7.903 0.000000 3.282884 0.000 0 0.000
24101.00 1266.71 100.138999 0.0000000000000000 0.000000 245.746962 -1223809.311832 30.506752 125.458759 -21.473205 1395.107873 -7.914 -7.914 0.000000 3.282519 0.000 0 0.000
24001.00 1266.49 100.138999 0.0000000000000000 0.000000 245.746962 -1224114.396423 30.510171 125.466719 -21.484109 1395.169754 -7.925 -7.925 0.000000 3.282151 0.000 0 0.000
23901.00 1266.26 100.138999 0.0000000000000000 0.000000 245.746962 -1224419.515357 30.513620 125.474725 -21.495091 1395.234302 -7.937 -7.937 0.000000 3.281780 0.000 0 0.000
23801.00 1266.04 100.138999 0.0000000000000000 0.000000 245.746962 -1224724.668930 30.517099 125.482779 -21.506152 1395.301588 -7.948 -7.948 0.000000 3.281406 0.000 0 0.000
23701.00 1265.82 100.138999 0.0000000000000000 0.000000 245.746962 -1225029.857445 30.520609 125.490881 -21.517294 1395.371686 -7.960 -7.960 0.000000 3.281029 0.000 0 0.000
23601.00 1265.59 100.138999 0.0000000000000000 0.000000 245.746962 -1225335.081214 30.524150 125.499035 -21.528520 1395.444672 -7.971 -7.971 0.000000 3.280648 0.000 0 0.000
23501.00 1265.37 100.138999 0.0000000000000000 0.000000 245.746962 -1225640.340556 30.527724 125.507240 -21.539832 1395.520625 -7.983 -7.983 0.000000 3.280264 0.000 0 0.000
23401.00 1265.14 100.138999 0.0000000000000000 0.000000 245.746962 -1225945.635799 30.531331 125.515499 -21.551231 1395.599628 -7.995 -7.995 0.000000 3.279877 0.000 0 0.000
23301.00 1264.91 100.138999 0.0000000000000000 0.000000 245.746962 -1226250.967280 30.534971 125.523813 -21.562721 1395.681765 -8.007 -8.007 0.000000 3.279486 0.000 0 0.000
23201.00 1264.68 100.138999 0.0000000000000000 0.000000 245.746962 -1226556.335344 30.538647 125.532184 -21.574303 1395.767124 -8.020 -8.020 0.000000 3.279091 0.000 0 0.000
23101.00 1264.46 100.138999 0.0000000000000000 0.000000 245.746962 -1226861.740348 30.542359 125.540613 -21.585981 1395.855795 -8.032 -8.032 0.000000 3.278692 0.000 0 0.000
23001.00 1264.23 100.138999 0.0000000000000000 0.000000 245.746962 -1227167.182656 30.546108 125.549103 -21.597756 1395.947874 -8.044 -8.044 0.000000 3.278290 0.000 0 0.000
22901.00 1264.00 100.138999 0.0000000000000000 0.000000 245.746962 -1227472.662644 30.549895 125.557655 -21.609632 1396.043459 -8.057 -8.057 0.000000 3.277884 0.000 0 0.000
22801.00 1263.77 100.138999 0.0000000000000000 0.000000 245.746962 -1227778.180697 30.553722 125.566271 -21.621611 1396.142651 -8.070 -8.070 0.000000 3.277473 0.000 0 0.000
22701.00 1263.53 100.138999 0.0000000000000000 0.000000 245.746962 -1228083.737211 30.557588 125.574953 -21.633696 1396.245555 -8.083 -8.083 0.000000 3.277058 0.000 0 0.000
22601.00 1263.30 100.138999 0.0000000000000000 0.000000 245.746962 -1228389.332597 30.561496 125.583703 -21.645890 1396.352283 -8.096 -8.096 0.000000 3.276639 0.000 0 0.000
22501.00 1263.07 100.138999 0.0000000000000000 0.000000 245.746962 -1228694.967272 30.565446 125.592523 -21.658197 1396.462947 -8.109 -8.109 0.000000 3.276216 0.000 0 0.000
22401.00 1262.83 100.138999 0.0000000000000000 0.000000 245.746962 -1229000.641669 30.569441 125.601416 -21.670619 1396.577666 -8.122 -8.122 0.000000 3.275788 0.000 0 0.000
22301.00 1262.60 100.138999 0.0000000000000000 0.000000 245.746962 -1229306.356234 30.573480 125.610384 -21.683160 1396.696565 -8.136 -8.136 0.000000 3.275355 0.000 0 0.000
22201.00 1262.36 100.138999 0.0000000000000000 0.000000 245.746962 -1229612.111423 30.577566 125.619430 -21.695824 1396.819770 -8.150 -8.150 0.000000 3.274917 0.000 0 0.000
22101.00 1262.13 100.138999 0.0000000000000000 0.000000 245.746962 -1229917.907710 30.581700 125.628555 -21.708614 1396.947415 -8.163 -8.163 0.000000 3.274475 0.000 0 0.000
22001.00 1261.89 100.138999 0.0000000000000000 0.000000 245.746962 -1230223.745581 30.585883 125.637763 -21.721534 1397.079640 -8.178 -8.178 0.000000 3.274027 0.000 0 0.000
21901.00 1261.65 100.138999 0.0000000000000000 0.000000 245.746962 -1230529.625537 30.590117 125.647056 -21.734588 1397.216590 -8.192 -8.192 0.000000 3.273574 0.000 0 0.000
21801.00 1261.41 100.138999 0.0000000000000000 0.000000 245.746962 -1230835.548094 30.594403 125.656437 -21.747780 1397.358415 -8.206 -8.206 0.000000 3.273115 0.000 0 0.000
21701.00 1261.17 100.138999 0.0000000000000000 0.000000 245.746962 -1231141.513787 30.598744 125.665910 -21.761114 1397.505273 -8.221 -8.221 0.000000 3.272651 0.000 0 0.000
21601.00 1260.93 100.138999 0.0000000000000000 0.000000 245.746962 -1231447.523164 30.603141 125.675476 -21.774595 1397.657328 -8.235 -8.235 0.000000 3.272180 0.000 0 0.000
21501.00 1260.68 100.138999 0.0000000000000000 0.000000 245.746962 -1231753.576795 30.607595 125.685141 -21.788229 1397.814752 -8.250 -8.250 0.000000 3.271704 0.000 0 0.000
21401.00 1260.44 100.138999 0.0000000000000000 0.000000 245.746962 -1232059.675266 30.612109 125.694906 -21.802018 1397.977723 -8.266 -8.266 0.000000 3.271222 0.000 0 0.000
21301.00 1260.19 100.138999 0.0000000000000000 0.000000 245.746962 -1232365.819181 30.616684 125.704776 -21.815970 1398.146429 -8.281 -8.281 0.000000 3.270733 0.000 0 0.000
21201.00 1259.95 100.138999 0.0000000000000000 0.000000 245.746962 -1232672.009167 30.621324 125.714754 -21.830088 1398.321064 -8.296 -8.296 0.000000 3.270237 0.000 0 0.000
21101.00 1259.70 100.138999 0.0000000000000000 0.000000 245.746962 -1232978.245872 30.626028 125.724845 -21.844379 1398.501833 -8.312 -8.312 0.000000 3.269735 0.000 0 0.000
21001.00 1259.45 100.138999 0.0000000000000000 0.000000 245.746962 -1233284.529963 30.630801 125.735052 -21.858849 1398.688949 -8.328 -8.328 0.000000 3.269226 0.000 0 0.000
20901.00 1259.20 100.138999 0.0000000000000000 0.000000 245.746962 -1233590.862134 30.635645 125.745379 -21.873503 1398.882635 -8.344 -8.344 0.000000 3.268709 0.000 0 0.000
20801.00 1258.94 100.138999 0.0000000000000000 0.000000 245.746962 -1233897.243099 30.640561 125.755832 -21.888349 1399.083126 -8.361 -8.361 0.000000 3.268184 0.000 0 0.000
20701.00 1258.69 100.138999 0.0000000000000000 0.000000 245.746962 -1234203.673602 30.645552 125.766414 -21.903393 1399.290665 -8.378 -8.378 0.000000 3.267652 0.000 0 0.000
20601.00 1258.44 100.138999 0.0000000000000000 0.000000 245.746962 -1234510.154409 30.650622 125.777132 -21.918641 1399.505510 -8.395 -8.395 0.000000 3.267111 0.000 0 0.000
20501.00 1258.18 100.138999 0.0000000000000000 0.000000 245.746962 -1234816.686317 30.655773 125.787989 -21.934102 1399.727928 -8.412 -8.412 0.000000 3.266563 0.000 0 0.000
20401.00 1257.92 100.138999 0.0000000000000000 0.000000 245.746962 -1235123.270151 30.661008 125.798992 -21.949783 1399.958202 -8.429 -8.429 0.000000 3.266005 0.000 0 0.000
20301.00 1257.66 100.138999 0.0000000000000000 0.000000 245.746962 -1235429.906766 30.666330 125.810145 -21.965692 1400.196626 -8.447 -8.447 0.000000 3.265438 0.000 0 0.000
20201.00 1257.40 100.138999 0.0000000000000000 0.000000 245.746962 -1235736.597049 30.671742 125.821456 -21.981838 1400.443510 -8.465 -8.465 0.000000 3.264862 0.000 0 0.000
20101.00 1257.13 100.138999 0.0000000000000000 0.000000 245.746962 -1236043.341922 30.677248 125.832930 -21.998230 1400.699180 -8.483 -8.483 0.000000 3.264276 0.000 0 0.000
20001.00 1256.87 100.138999 0.0000000000000000 0.000000 245.746962 -1236350.142342 30.682852 125.844574 -22.014877 1400.963977 -8.502 -8.502 0.000000 3.263680 0.000 0 0.000
19901.00 1256.60 100.138999 0.0000000000000000 0.000000 245.746962 -1236656.999302 30.688557 125.856396 -22.031789 1401.238259 -8.521 -8.521 0.000000 3.263073 0.000 0 0.000
19801.00 1256.33 100.138999 0.0000000000000000 0.000000 245.746962 -1236963.913835 30.694367 125.868401 -22.048977 1401.522403 -8.540 -8.540 0.000000 3.262455 0.000 0 0.000
19701.00 1256.06 100.138999 0.0000000000000000 0.000000 245.746962 -1237270.887015 30.700287 125.880598 -22.066451 1401.816804 -8.560 -8.560 0.000000 3.261826 0.000 0 0.000
19601.00 1255.79 100.138999 0.0000000000000000 0.000000 245.746962 -1237577.919958 30.706321 125.892996 -22.084223 1402.121880 -8.579 -8.579 0.000000 3.261185 0.000 0 0.000
19501.00 1255.51 100.138999 0.0000000000000000 0.000000 245.746962 -1237885.013828 30.712473 125.905602 -22.102305 1402.438067 -8.600 -8.600 0.000000 3.260532 0.000 0 0.000
19401.00 1255.23 100.138999 0.0000000000000000 0.000000 245.746962 -1238192.169834 30.718749 125.918425 -22.120710 1402.765827 -8.620 -8.620 0.000000 3.259866 0.000 0 0.000
19301.00 1254.95 100.138999 0.0000000000000000 0.000000 245.746962 -1238499.389236 30.725153 125.931475 -22.139452 1403.105643 -8.641 -8.641 0.000000 3.259186 0.000 0 0.000
19201.00 1254.67 100.138999 0.0000000000000000 0.000000 245.746962 -1238806.673349 30.731692 125.944763 -22.158543 1403.458026 -8.662 -8.662 0.000000 3.258493 0.000 0 0.000
19101.00 1254.38 100.138999 0.0000000000000000 0.000000 245.746962 -1239114.023542 30.738370 125.958298 -22.178001 1403.823513 -8.684 -8.684 0.000000 3.257785 0.000 0 0.000
19001.00 1254.09 100.138999 0.0000000000000000 0.000000 245.746962 -1239421.441242 30.745195 125.972091 -22.197839 1404.202670 -8.706 -8.706 0.000000 3.257062 0.000 0 0.000
18901.00 1253.80 100.138999 0.0000000000000000 0.000000 245.746962 -1239728.927941 30.752171 125.986154 -22.218076 1404.596092 -8.729 -8.729 0.000000 3.256323 0.000 0 0.000
18801.00 1253.51 100.138999 0.0000000000000000 0.000000 245.746962 -1240036.485194 30.759307 126.000501 -22.238727 1405.004407 -8.752 -8.752 0.000000 3.255568 0.000 0 0.000
18701.00 1253.21 100.138999 0.0000000000000000 0.000000 245.746962 -1240344.114626 30.766608 126.015142 -22.259813 1405.428278 -8.775 -8.775 0.000000 3.254795 0.000 0 0.000
18601.00 1252.91 100.138999 0.0000000000000000 0.000000 245.746962 -1240651.817934 30.774083 126.030093 -22.281352 1405.868400 -8.799 -8.799 0.000000 3.254004 0.000 0 0.000
18501.00 1252.60 100.138999 0.0000000000000000 0.000000 245.746962 -1240959.596893 30.781740 126.045367 -22.303364 1406.325510 -8.823 -8.823 0.000000 3.253195 0.000 0 0.000
18401.00 1252.31 100.138999 0.0000000000000000 0.000000 245.746962 -1241267.453144 30.789085 126.060105 -22.324491 1406.752521 -8.846 -8.846 0.000000 3.252419 0.000 0 0.000
18301.00 1252.13 100.138999 0.0000000000000000 0.000000 245.746962 -1241575.354315 30.791150 126.065620 -22.331039 1406.674924 -8.852 -8.852 0.000000 3.252201 0.000 0 0.000
18201.00 1251.95 100.138999 0.0000000000000000 0.000000 245.746962 -1241883.276141 30.793216 126.071133 -22.337588 1406.597328 -8.857 -8.857 0.000000 3.251983 0.000 0 0.000
18101.00 1251.77 100.138999 0.0000000000000000 0.000000 245.746962 -1242191.218632 30.795283 126.076644 -22.344138 1406.519734 -8.862 -8.862 0.000000 3.251764 0.000 0 0.000
18001.00 1251.60 100.138999 0.0000000000000000 0.000000 245.746962 -1242499.181798 30.797351 126.082154 -22.350688 1406.442141 -8.868 -8.868 0.000000 3.251546 0.000 0 0.000
17901.00 1251.42 100.138999 0.0000000000000000 0.000000 245.746962 -1242807.165651 30.799420 126.087661 -22.357239 1406.364549 -8.873 -8.873 0.000000 3.251327 0.000 0 0.000
17801.00 1251.24 100.138999 0.0000000000000000 0.000000 245.746962 -1243115.170199 30.801490 126.093167 -22.363790 1406.286958 -8.879 -8.879 0.000000 3.251109 0.000 0 0.000
17701.00 1251.06 100.138999 0.0000000000000000 0.000000 245.746962 -1243423.195454 30.803561 126.098671 -22.370342 1406.209368 -8.884 -8.884 0.000000 3.250890 0.000 0 0.000
17601.00 1250.88 100.138999 0.0000000000000000 0.000000 245.746962 -1243731.241426 30.805633 126.104173 -22.376895 1406.131779 -8.890 -8.890 0.000000 3.250672 0.000 0 0.000
17501.00 1250.71 100.138999 0.0000000000000000 0.000000 245.746962 -1244039.308126 30.807707 126.109674 -22.383448 1406.054190 -8.895 -8.895 0.000000 3.250453 0.000 0 0.000
17401.00 1250.53 100.138999 0.0000000000000000 0.000000 245.746962 -1244347.395564 30.809781 126.115173 -22.390001 1405.976602 -8.901 -8.901 0.000000 3.250234 0.000 0 0.000
17301.00 1250.35 100.138999 0.0000000000000000 0.000000 245.746962 -1244655.503750 30.811856 126.120669 -22.396555 1405.899013 -8.906 -8.906 0.000000 3.250015 0.000 0 0.000
17201.00 1250.17 100.138999 0.0000000000000000 0.000000 245.746962 -1244963.632696 30.813933 126.126164 -22.403110 1405.821425 -8.911 -8.911 0.000000 3.249796 0.000 0 0.000
17101.00 1250.00 100.138999 0.0000000000000000 0.000000 245.746962 -1245271.782410 30.816010 126.131658 -22.409665 1405.743836 -8.917 -8.917 0.000000 3.249577 0.000 0 0.000
17001.00 1249.82 100.138999 0.0000000000000000 0.000000 245.746962 -1245579.952905 30.818089 126.137149 -22.416221 1405.666247 -8.922 -8.922 0.000000 3.249358 0.000 0 0.000
16901.00 1249.64 100.138999 0.0000000000000000 0.000000 245.746962 -1245888.144191 30.820168 126.142639 -22.422778 1405.588658 -8.928 -8.928 0.000000 3.249139 0.000 0 0.000
16801.00 1249.46 100.138999 0.0000000000000000 0.000000 245.746962 -1246196.356277 30.822249 126.148126 -22.429335 1405.511068 -8.933 -8.933 0.000000 3.248919 0.000 0 0.000
16701.00 1249.29 100.138999 0.0000000000000000 0.000000 245.746962 -1246504.589176 30.824331 126.153612 -22.435892 1405.433477 -8.939 -8.939 0.000000 3.248700 0.000 0 0.000
16601.00 1249.11 100.138999 0.0000000000000000 0.000000 245.746962 -1246812.842896 30.826414 126.159097 -22.442450 1405.355885 -8.944 -8.944 0.000000 3.248480 0.000 0 0.000
16501.00 1248.93 100.138999 0.0000000000000000 0.000000 245.746962 -1247121.117450 30.828497 126.164579 -22.449009 1405.278292 -8.950 -8.950 0.000000 3.248261 0.000 0 0.000
16401.00 1248.75 100.138999 0.0000000000000000 0.000000 245.746962 -1247429.412847 30.830582 126.170060 -22.455568 1405.200697 -8.955 -8.955 0.000000 3.248041 0.000 0 0.000
16301.00 1248.57 100.138999 0.0000000000000000 0.000000 245.746962 -1247737.729099 30.832668 126.175538 -22.462128 1405.123101 -8.961 -8.961 0.000000 3.247821 0.000 0 0.000
16201.00 1248.40 100.138999 0.0000000000000000 0.000000 245.746962 -1248046.066216 30.834755 126.181015 -22.468688 1405.045504 -8.966 -8.966 0.000000 3.247602 0.000 0 0.000
16101.00 1248.22 100.138999 0.0000000000000000 0.000000 245.746962 -1248354.424208 30.836843 126.186490 -22.475249 1404.967904 -8.971 -8.971 0.000000 3.247382 0.000 0 0.000
16001.00 1248.04 100.138999 0.0000000000000000 0.000000 245.746962 -1248662.803087 30.838933 126.191964 -22.481811 1404.890302 -8.977 -8.977 0.000000 3.247162 0.000 0 0.000
15901.00 1247.86 100.138999 0.0000000000000000 0.000000 245.746962 -1248971.202862 30.841023 126.197435 -22.488373 1404.812698 -8.982 -8.982 0.000000 3.246942 0.000 0 0.000
15801.00 1247.69 100.138999 0.0000000000000000 0.000000 245.746962 -1249279.623546 30.843114 126.202905 -22.494936 1404.735091 -8.988 -8.988 0.000000 3.246721 0.000 0 0.000
15701.00 1247.51 100.138999 0.0000000000000000 0.000000 245.746962 -1249588.065149 30.845207 126.208373 -22.501499 1404.657482 -8.993 -8.993 0.000000 3.246501 0.000 0 0.000
15601.00 1247.33 100.138999 0.0000000000000000 0.000000 245.746962 -1249896.527681 30.847300 126.213839 -22.508063 1404.579870 -8.999 -8.999 0.000000 3.246281 0.000 0 0.000
15501.00 1247.15 100.138999 0.0000000000000000 0.000000 245.746962 -1250205.011153 30.849395 126.219303 -22.514627 1404.502255 -9.004 -9.004 0.000000 3.246060 0.000 0 0.000
15401.00 1246.98 100.138999 0.0000000000000000 0.000000 245.746962 -1250513.515577 30.851490 126.224766 -22.521192 1404.424637 -9.010 -9.010 0.000000 3.245840 0.000 0 0.000
15301.00 1246.80 100.138999 0.0000000000000000 0.000000 245.746962 -1250822.040963 30.853587 126.230226 -22.527758 1404.347016 -9.015 -9.015 0.000000 3.245619 0.000 0 0.000
15201.00 1246.62 100.138999 0.0000000000000000 0.000000 245.746962 -1251130.587321 30.855685 126.235685 -22.534324 1404.269391 -9.021 -9.021 0.000000 3.245399 0.000 0 0.000
15101.00 1246.44 100.138999 0.0000000000000000 0.000000 245.746962 -1251439.154663 30.857784 126.241142 -22.540891 1404.191762 -9.026 -9.026 0.000000 3.245178 0.000 0 0.000
15001.00 1246.27 100.138999 0.0000000000000000 0.000000 245.746962 -1251747.743001 30.859884 126.246597 -22.547458 1404.114129 -9.032 -9.032 0.000000 3.244957 0.000 0 0.000
14901.00 1246.09 100.138999 0.0000000000000000 0.000000 245.746962 -1252056.352344 30.861985 126.252051 -22.554026 1404.036492 -9.037 -9.037 0.000000 3.244736 0.000 0 0.000
14801.00 1245.91 100.138999 0.0000000000000000 0.000000 245.746962 -1252364.982703 30.864087 126.257502 -22.560595 1403.958851 -9.043 -9.043 0.000000 3.244515 0.000 0 0.000
14701.00 1245.73 100.138999 0.0000000000000000 0.000000 245.746962 -1252673.634090 30.866190 126.262952 -22.567164 1403.881205 -9.048 -9.048 0.000000 3.244294 0.000 0 0.000
14601.00 1245.55 100.138999 0.0000000000000000 0.000000 245.746962 -1252982.306516 30.868295 126.268400 -22.573734 1403.803555 -9.054 -9.054 0.000000 3.244073 0.000 0 0.000
14501.00 1245.38 100.138999 0.0000000000000000 0.000000 245.746962 -1253290.999992 30.870400 126.273846 -22.580304 1403.725899 -9.059 -9.059 0.000000 3.243852 0.000 0 0.000
14401.00 1245.20 100.138999 0.0000000000000000 0.000000 245.746962 -1253599.714529 30.872507 126.279290 -22.586875 1403.648238 -9.065 -9.065 0.000000 3.243630 0.000 0 0.000
14301.00 1245.02 100.138999 0.0000000000000000 0.000000 245.746962 -1253908.450137 30.874615 126.284733 -22.593446 1403.570572 -9.070 -9.070 0.000000 3.243409 0.000 0 0.000
14201.00 1244.84 100.138999 0.0000000000000000 0.000000 245.746962 -1254217.206828 30.876724 126.290173 -22.600018 1403.492901 -9.076 -9.076 0.000000 3.243187 0.000 0 0.000
14101.00 1244.67 100.138999 0.0000000000000000 0.000000 245.746962 -1254525.984614 30.878834 126.295612 -22.606591 1403.415224 -9.081 -9.081 0.000000 3.242966 0.000 0 0.000
14001.00 1244.49 100.138999 0.0000000000000000 0.000000 245.746962 -1254834.783504 30.880945 126.301049 -22.613164 1403.337540 -9.087 -9.087 0.000000 3.242744 0.000 0 0.000
13901.00 1244.31 100.138999 0.0000000000000000 0.000000 245.746962 -1255143.603511 30.883057 126.306484 -22.619738 1403.259851 -9.092 -9.092 0.000000 3.242522 0.000 0 0.000
13801.00 1244.13 100.138999 0.0000000000000000 0.000000 245.746962 -1255452.444646 30.885170 126.311918 -22.626313 1403.182155 -9.098 -9.098 0.000000 3.242300 0.000 0 0.000
13701.00 1243.96 100.138999 0.0000000000000000 0.000000 245.746962 -1255761.306919 30.887285 126.317349 -22.632888 1403.104453 -9.103 -9.103 0.000000 3.242078 0.000 0 0.000
13601.00 1243.78 100.138999 0.0000000000000000 0.000000 245.746962 -1256070.190343 30.889400 126.322779 -22.639464 1403.026744 -9.109 -9.109 0.000000 3.241856 0.000 0 0.000
13501.00 1243.60 100.138999 0.0000000000000000 0.000000 245.746962 -1256379.094927 30.891517 126.328207 -22.646040 1402.949028 -9.114 -9.114 0.000000 3.241634 0.000 0 0.000
13401.00 1243.42 100.138999 0.0000000000000000 0.000000 245.746962 -1256688.020685 30.893635 126.333633 -22.652617 1402.871304 -9.120 -9.120 0.000000 3.241412 0.000 0 0.000
13301.00 1243.25 100.138999 0.0000000000000000 0.000000 245.746962 -1256996.967626 30.895754 126.339057 -22.659194 1402.793573 -9.125 -9.125 0.000000 3.241190 0.000 0 0.000
13201.00 1243.07 100.138999 0.0000000000000000 0.000000 245.746962 -1257305.935762 30.897874 126.344479 -22.665773 1402.715835 -9.131 -9.131 0.000000 3.240967 0.000 0 0.000
13101.00 1242.89 100.138999 0.0000000000000000 0.000000 245.746962 -1257614.925105 30.899995 126.349899 -22.672351 1402.638088 -9.136 -9.136 0.000000 3.240745 0.000 0 0.000
13001.00 1242.71 100.138999 0.0000000000000000 0.000000 245.746962 -1257923.935666 30.902117 126.355318 -22.678931 1402.560333 -9.142 -9.142 0.000000 3.240522 0.000 0 0.000
12901.00 1242.54 100.138999 0.0000000000000000 0.000000 245.746962 -1258232.967457 30.904241 126.360735 -22.685511 1402.482570 -9.147 -9.147 0.000000 3.240300 0.000 0 0.000
12801.00 1242.36 100.138999 0.0000000000000000 0.000000 245.746962 -1258542.020488 30.906366 126.366150 -22.692091 1402.404799 -9.153 -9.153 0.000000 3.240077 0.000 0 0.000
12701.00 1242.18 100.138999 0.0000000000000000 0.000000 245.746962 -1258851.094772 30.908491 126.371563 -22.698673 1402.327018 -9.158 -9.158 0.000000 3.239854 0.000 0 0.000
12601.00 1242.00 100.138999 0.0000000000000000 0.000000 245.746962 -1259160.190319 30.910618 126.376974 -22.705254 1402.249229 -9.164 -9.164 0.000000 3.239631 0.000 0 0.000
12501.00 1241.82 100.138999 0.0000000000000000 0.000000 245.746962 -1259469.307141 30.912746 126.382384 -22.711837 1402.171430 -9.169 -9.169 0.000000 3.239408 0.000 0 0.000
12401.00 1241.65 100.138999 0.0000000000000000 0.000000 245.746962 -1259778.445250 30.914876 126.387791 -22.718420 1402.093622 -9.175 -9.175 0.000000 3.239185 0.000 0 0.000
12301.00 1241.47 100.138999 0.0000000000000000 0.000000 245.746962 -1260087.604658 30.917006 126.393197 -22.725004 1402.015804 -9.180 -9.180 0.000000 3.238962 0.000 0 0.000
12201.00 1241.29 100.138999 0.0000000000000000 0.000000 245.746962 -1260396.785375 30.919138 126.398601 -22.731588 1401.937976 -9.186 -9.186 0.000000 3.238738 0.000 0 0.000
12101.00 1241.11 100.138999 0.0000000000000000 0.000000 245.746962 -1260705.987414 30.921270 126.404003 -22.738173 1401.860137 -9.191 -9.191 0.000000 3.238515 0.000 0 0.000
12001.00 1240.94 100.138999 0.0000000000000000 0.000000 245.746962 -1261015.210786 30.923404 126.409404 -22.744758 1401.782288 -9.197 -9.197 0.000000 3.238292 0.000 0 0.000
11901.00 1240.76 100.138999 0.0000000000000000 0.000000 245.746962 -1261324.455503 30.925539 126.414802 -22.751345 1401.704429 -9.202 -9.202 0.000000 3.238068 0.000 0 0.000
11801.00 1240.58 100.138999 0.0000000000000000 0.000000 245.746962 -1261633.721577 30.927676 126.420198 -22.757931 1401.626558 -9.208 -9.208 0.000000 3.237844 0.000 0 0.000
11701.00 1240.40 100.138999 0.0000000000000000 0.000000 245.746962 -1261943.009018 30.929813 126.425593 -22.764519 1401.548676 -9.213 -9.213 0.000000 3.237621 0.000 0 0.000
11601.00 1240.23 100.138999 0.0000000000000000 0.000000 245.746962 -1262252.317840 30.931952 126.430986 -22.771107 1401.470783 -9.219 -9.219 0.000000 3.237397 0.000 0 0.000
11501.00 1240.05 100.138999 0.0000000000000000 0.000000 245.746962 -1262561.648054 30.934091 126.436377 -22.777696 1401.392878 -9.225 -9.225 0.000000 3.237173 0.000 0 0.000
11401.00 1239.87 100.138999 0.0000000000000000 0.000000 245.746962 -1262870.999670 30.936232 126.441766 -22.784285 1401.314960 -9.230 -9.230 0.000000 3.236949 0.000 0 0.000
11301.00 1239.69 100.138999 0.0000000000000000 0.000000 245.746962 -1263180.372703 30.938374 126.447153 -22.790875 1401.237031 -9.236 -9.236 0.000000 3.236725 0.000 0 0.000
11201.00 1239.51 100.138999 0.0000000000000000 0.000000 245.746962 -1263489.767162 30.940518 126.452539 -22.797466 1401.159089 -9.241 -9.241 0.000000 3.236500 0.000 0 0.000
11101.00 1239.34 100.138999 0.0000000000000000 0.000000 245.746962 -1263799.183061 30.942662 126.457922 -22.804057 1401.081134 -9.247 -9.247 0.000000 3.236276 0.000 0 0.000
11001.00 1239.07 100.138999 0.0002517671402591 0.000307 245.746962 -1264108.625773 30.946535 126.469341 -22.848372 1401.356565 -12.515 -12.515 2.649626 3.236051 2.631 0 0.000
10901.00 1238.74 100.138999 0.0006616079378734 0.000808 245.746962 -1264418.115892 30.951498 126.484534 -22.916640 1401.853216 -12.479 -12.479 2.648887 3.235827 2.644 0 0.000
10801.00 1238.41 100.138999 0.0010780883831655 0.001317 245.746962 -1264727.655899 30.956513 126.499867 -22.986242 1402.358216 -12.443 -12.443 2.648160 3.235602 2.656 0 0.000
10701.00 1238.07 100.138999 0.0015014804266164 0.001834 245.746962 -1265037.246328 30.961582 126.515347 -23.057225 1402.871760 -12.406 -12.406 2.647446 3.235377 2.668 0 0.000
10601.00 1237.74 100.138999 0.0019320705310920 0.002361 245.746962 -1265346.887733 30.966708 126.530981 -23.129641 1403.394055 -12.369 -12.369 2.646745 3.235152 2.680 0 0.000
10501.00 1237.40 100.138999 0.0023701606009224 0.002896 245.746962 -1265656.580686 30.971892 126.546776 -23.203542 1403.925323 -12.332 -12.332 2.646057 3.234927 2.692 0 0.000
10401.00 1237.07 100.138999 0.0028160689831058 0.003441 245.746962 -1265966.325780 30.977137 126.562741 -23.278985 1404.465798 -12.294 -12.294 2.645383 3.234702 2.704 0 0.000
10301.00 1236.73 100.138999 0.0032701315376101 0.003996 245.746962 -1266276.123629 30.982444 126.578884 -23.356030 1405.015729 -12.256 -12.256 2.644723 3.234478 2.716 0 0.000
10201.00 1236.39 100.138999 0.0037327027856601 0.004562 245.746962 -1266585.974870 30.987816 126.595213 -23.434738 1405.575380 -12.218 -12.218 2.644078 3.234253 2.728 0 0.000
10101.00 1236.04 100.138999 0.0042041571431920 0.005139 245.746962 -1266895.880167 30.993255 126.611738 -23.515176 1406.145034 -12.180 -12.180 2.643448 3.234028 2.740 0 0.000
10001.00 1235.70 100.138999 0.0046848902428640 0.005726 245.746962 -1267205.840205 30.998764 126.628470 -23.597412 1406.724989 -12.141 -12.141 2.642832 3.233803 2.752 0 0.000
9901.00 1235.35 100.138999 0.0051753203531177 0.006326 245.746962 -1267515.855698 31.004347 126.645418 -23.681520 1407.315566 -12.102 -12.102 2.642232 3.233578 2.763 0 0.000
9801.00 1235.00 100.138999 0.0056758899008897 0.006938 245.746962 -1267825.927390 31.010005 126.662595 -23.767577 1407.917102 -12.063 -12.063 2.641648 3.233354 2.775 0 0.000
9701.00 1234.65 100.138999 0.0061870671054763 0.007564 245.746962 -1268136.056051 31.015741 126.680011 -23.855665 1408.529960 -12.024 -12.024 2.641081 3.233129 2.786 0 0.000
9601.00 1234.29 100.138999 0.0067093477311119 0.008202 245.746962 -1268446.242488 31.021560 126.697680 -23.945870 1409.154525 -11.984 -11.984 2.640529 3.232904 2.797 0 0.000
9501.00 1233.94 100.138999 0.0072432569677263 0.008855 245.746962 -1268756.487536 31.027464 126.715614 -24.038283 1409.791206 -11.944 -11.944 2.639995 3.232679 2.808 0 0.000
9401.00 1233.58 100.138999 0.0077893514472589 0.009523 245.746962 -1269066.792070 31.033458 126.733828 -24.133002 1410.440441 -11.903 -11.903 2.639478 3.232454 2.819 0 0.000
9301.00 1233.21 100.138999 0.0083482214056791 0.010206 245.746962 -1269377.156999 31.039544 126.752338 -24.230127 1411.102695 -11.863 -11.863 2.638979 3.232230 2.830 0 0.000
9201.00 1232.85 100.138999 0.0089204929994685 0.010905 245.746962 -1269687.583277 31.045728 126.771159 -24.329769 1411.778464 -11.822 -11.822 2.638497 3.232005 2.841 0 0.000
9101.00 1232.48 100.138999 0.0095068307869159 0.011622 245.746962 -1269998.071894 31.052013 126.790308 -24.432042 1412.468278 -11.780 -11.780 2.638034 3.231780 2.852 0 0.000
9001.00 1232.10 100.138999 0.0101079403834671 0.012356 245.746962 -1270308.623890 31.058404 126.809803 -24.537068 1413.172701 -11.739 -11.739 2.637590 3.231555 2.863 0 0.000
8901.00 1231.72 100.128081 0.0106150932338605 0.012976 245.716643 -1270482.613681 31.060755 126.813033 -24.624824 1413.613847 -11.697 -11.697 2.637166 3.231330 2.873 0 0.000
8801.00 1231.34 100.065871 0.0106224346753308 0.012986 245.543998 -1270014.252127 31.043704 126.738479 -24.620359 1412.762960 -11.655 -11.655 2.636764 3.231105 2.883 0 0.000
8701.00 1230.96 100.002957 0.0106300616022799 0.012996 245.369512 -1269536.383265 31.026432 126.663026 -24.615714 1411.902557 -11.612 -11.612 2.636385 3.230880 2.893 0 0.000
8601.00 1230.58 99.939313 0.0106379898459200 0.013006 245.193112 -1269048.651932 31.008930 126.586639 -24.610882 1411.032307 -11.569 -11.569 2.636031 3.230654 2.903 0 0.000
8501.00 1230.20 99.874908 0.0106462362786141 0.013017 245.014724 -1268550.683482 30.991189 126.509284 -24.605857 1410.151866 -11.526 -11.526 2.635701 3.230429 2.913 0 0.000
8401.00 1229.81 99.809714 0.0106548189938284 0.013028 244.834266 -1268042.082516 30.973201 126.430921 -24.600631 1409.260870 -11.482 -11.482 2.635397 3.230203 2.923 0 0.000
8301.00 1229.42 99.743696 0.0106637573267384 0.013040 244.651653 -1267522.431398 30.954954 126.351511 -24.595198 1408.358936 -11.438 -11.438 2.635119 3.229978 2.932 0 0.000
8201.00 1229.03 99.676822 0.0106730720078284 0.013051 244.466796 -1266991.288750 30.936439 126.271010 -24.589549 1407.445660 -11.394 -11.394 2.634868 3.229752 2.941 0 0.000
8101.00 1228.64 99.609054 0.0106827852217690 0.013063 244.279599 -1266448.187760 30.917644 126.189374 -24.583677 1406.520616 -11.349 -11.349 2.634645 3.229525 2.950 0 0.000
8001.00 1228.25 99.540356 0.0106929207989797 0.013076 244.089962 -1265892.634423 30.898557 126.106554 -24.577573 1405.583353 -11.304 -11.304 2.634450 3.229299 2.959 0 0.000
7901.00 1227.85 99.470685 0.0107035043027423 0.013089 243.897779 -1265324.105545 30.879167 126.022501 -24.571229 1404.633398 -11.259 -11.259 2.634285 3.229073 2.968 0 0.000
7801.00 1227.45 99.400001 0.0107145631980480 0.013102 243.702937 -1264742.046657 30.859459 125.937160 -24.564636 1403.670247 -11.213 -11.213 2.634149 3.228846 2.976 0 0.000
7701.00 1227.05 99.328256 0.0107261270130088 0.013116 243.505316 -1264145.869717 30.839419 125.850474 -24.557784 1402.693368 -11.167 -11.167 2.634044 3.228619 2.984 0 0.000
7601.00 1226.64 99.255402 0.0107382275189031 0.013130 243.304790 -1263534.950625 30.819033 125.762384 -24.550665 1401.702199 -11.121 -11.121 2.633971 3.228392 2.992 0 0.000
7501.00 1226.23 99.181389 0.0107508989282646 0.013145 243.101224 -1262908.626527 30.798285 125.672825 -24.543266 1400.696142 -11.074 -11.074 2.633929 3.228165 3.000 0 0.000
7401.00 1225.82 99.106161 0.0107641781127766 0.013160 242.894476 -1262266.192882 30.777158 125.581729 -24.535579 1399.674564 -11.027 -11.027 2.633921 3.227938 3.007 0 0.000
7301.00 1225.41 99.029662 0.0107781048431041 0.013176 242.684392 -1261606.900269 30.755633 125.489023 -24.527593 1398.636793 -10.979 -10.979 2.633946 3.227710 3.015 0 0.000
7201.00 1224.99 98.951828 0.0107927220534784 0.013192 242.470811 -1260929.950922 30.733693 125.394630 -24.519295 1397.582113 -10.932 -10.932 2.634006 3.227482 3.021 0 0.000
7101.00 1224.57 98.872594 0.0108080761330671 0.013210 242.253561 -1260234.494945 30.711317 125.298469 -24.510675 1396.509765 -10.883 -10.883 2.634101 3.227254 3.028 0 0.000
7001.00 1224.14 98.791891 0.0108242172504345 0.013228 242.032459 -1259519.626188 30.688483 125.200451 -24.501720 1395.418939 -10.835 -10.835 2.634232 3.227026 3.034 0 0.000
6901.00 1223.71 98.709642 0.0108411997056516 0.013247 241.807307 -1258784.377744 30.665168 125.100482 -24.492417 1394.308773 -10.786 -10.786 2.634399 3.226797 3.041 0 0.000
6801.00 1223.36 98.625769 0.0105260764672502 0.012859 241.577897 -1258027.717464 30.641548 124.989741 -24.440288 1392.796097 -10.732 -10.732 2.634724 3.226301 3.045 0 0.000
6701.00 1223.10 98.573360 0.0101611686062352 0.012409 241.434669 -1257669.392346 30.630196 124.917325 -24.401167 1391.626015 -10.671 -10.671 2.635230 3.225501 3.048 0 0.000
6601.00 1222.81 98.557313 0.0102984993728031 0.012571 241.390849 -1257772.089261 30.632743 124.903838 -24.448870 1391.487356 -10.611 -10.611 2.635733 3.224790 3.051 0 0.000
6501.00 1222.48 98.527596 0.0104347744864907 0.012732 241.309774 -1257701.171953 30.630224 124.873087 -24.488947 1391.167292 -10.553 -10.553 2.636233 3.224165 3.054 0 0.000
6401.00 1222.11 98.484326 0.0105698844148020 0.012892 241.191823 -1257457.895302 30.622704 124.825201 -24.521584 1390.668600 -10.496 -10.496 2.636729 3.223622 3.057 0 0.000
6301.00 1221.72 98.427635 0.0107037007420231 0.013051 241.037423 -1257043.723470 30.610254 124.760330 -24.546970 1389.994234 -10.441 -10.441 2.637221 3.223159 3.060 0 0.000
6201.00 1221.29 98.357671 0.0108360738871648 0.013208 240.847048 -1256460.351854 30.592949 124.678648 -24.565290 1389.147340 -10.386 -10.386 2.637708 3.222771 3.063 0 0.000
6101.00 1220.82 98.274606 0.0109668309310308 0.013363 240.621229 -1255709.731582 30.570871 124.580356 -24.576732 1388.131279 -10.333 -10.333 2.638191 3.222456 3.067 0 0.000
6001.00 1220.33 98.178632 0.0110957713207205 0.013516 240.360555 -1254794.096356 30.544108 124.465679 -24.581486 1386.949654 -10.282 -10.282 2.638670 3.222210 3.070 0 0.000
5901.00 1219.80 98.069964 0.0112226650834662 0.013667 240.065683 -1253715.994262 30.512756 124.334877 -24.579740 1385.606334 -10.231 -10.231 2.639144 3.222031 3.074 0 0.000
5801.00 1219.24 97.948846 0.0113472461841445 0.013816 239.737342 -1252478.321278 30.476918 124.188243 -24.571685 1384.105487 -10.182 -10.182 2.639614 3.221915 3.078 0 0.000
5701.00 1218.65 97.815552 0.0114692093123751 0.013961 239.376344 -1251084.362539 30.436708 124.026109 -24.557510 1382.451613 -10.134 -10.134 2.640081 3.221859 3.082 0 0.000
5601.00 1218.04 97.670389 0.0115882036636795 0.014103 238.983587 -1249537.836901 30.392249 123.848848 -24.537409 1380.649583 -10.087 -10.087 2.640546 3.221860 3.086 0 0.000
5501.00 1217.39 97.513701 0.0117038188184464 0.014241 238.560075 -1247842.948488 30.343675 123.656881 -24.511574 1378.704678 -10.041 -10.041 2.641010 3.221915 3.090 0 0.000
5401.00 1216.72 97.345877 0.0118155940820471 0.014375 238.106921 -1246004.455011 30.291135 123.450683 -24.480199 1376.622659 -9.997 -9.997 2.641474 3.222021 3.094 0 0.000
5301.00 1216.03 97.167351 0.0119229845458547 0.014504 237.625366 -1244027.723153 30.234789 123.230789 -24.443480 1374.409792 -9.953 -9.953 2.641942 3.222175 3.098 0 0.000
5201.00 1215.31 96.978613 0.0120253675483700 0.014626 237.116794 -1241918.825308 30.174818 122.997800 -24.401614 1372.072942 -9.911 -9.911 2.642414 3.222375 3.103 0 0.000
5101.00 1214.57 96.780211 0.0121191338535393 0.014738 236.582753 -1239684.626571 30.111419 122.752322 -24.354408 1369.616451 -9.870 -9.870 2.642897 3.222614 3.107 0 0.000
5001.00 1214.00 96.573050 0.0114279884980828 0.013895 236.025730 -1237336.505338 30.044471 122.475853 -24.196107 1366.200323 -9.818 -9.818 2.643723 3.222377 3.108 0 0.000
4901.00 1213.41 96.433751 0.0114842780887745 0.013957 235.651587 -1235854.897138 30.003553 122.304205 -24.176724 1364.404823 -9.767 -9.767 2.644567 3.222139 3.108 0 0.000
4801.00 1212.81 96.289171 0.0115447816088383 0.014025 235.263684 -1234304.598176 29.961017 122.125938 -24.156616 1362.547208 -9.715 -9.715 2.645425 3.221900 3.109 0 0.000
4701.00 1212.20 96.138923 0.0116098933048877 0.014099 234.861022 -1232680.615034 29.916745 121.940570 -24.135759 1360.623044 -9.664 -9.664 2.646293 3.221661 3.109 0 0.000
4601.00 1211.56 95.982586 0.0116800482223909 0.014178 234.442514 -1230977.501554 29.870609 121.747577 -24.114129 1358.627495 -9.613 -9.613 2.647164 3.221420 3.110 0 0.000
4501.00 1210.91 95.819702 0.0117557256644229 0.014264 234.006974 -1229189.314212 29.822471 121.546385 -24.091698 1356.555277 -9.563 -9.563 2.648034 3.221179 3.110 0 0.000
4401.00 1210.24 95.649769 0.0118374522705341 0.014357 233.553108 -1227309.564242 29.772179 121.336370 -24.068439 1354.400612 -9.513 -9.513 2.648895 3.220936 3.111 0 0.000
4301.00 1209.54 95.472242 0.0119258043501080 0.014458 233.079507 -1225331.167178 29.719566 121.116848 -24.044322 1352.157186 -9.464 -9.464 2.649740 3.220692 3.111 0 0.000
4201.00 1208.83 95.286524 0.0120214089529282 0.014568 232.584631 -1223246.390914 29.664453 120.887076 -24.019313 1349.818091 -9.416 -9.416 2.650561 3.220447 3.112 0 0.000
4101.00 1208.09 95.091966 0.0121249426234872 0.014688 232.066808 -1221046.804085 29.606642 120.646240 -23.993378 1347.375779 -9.368 -9.368 2.651348 3.220201 3.113 0 0.000
4001.00 1207.32 94.887860 0.0122371268367575 0.014818 231.524215 -1218723.227842 29.545918 120.393456 -23.966473 1344.822005 -9.321 -9.321 2.652093 3.219954 3.114 0 0.000
3901.00 1206.52 94.673439 0.0123587180852859 0.014960 230.954880 -1216265.695345 29.482049 120.127765 -23.938549 1342.147781 -9.276 -9.276 2.652785 3.219704 3.116 0 0.000
3801.00 1205.69 94.447876 0.0124904904119900 0.015115 230.356671 -1213663.425752 29.414783 119.848126 -23.909546 1339.343336 -9.231 -9.231 2.653412 3.219454 3.118 0 0.000
3701.00 1204.82 94.210278 0.0126332069858406 0.015283 229.727300 -1210904.822082 29.343847 119.553420 -23.879389 1336.398087 -9.187 -9.187 2.653962 3.219202 3.121 0 0.000
3601.00 1203.92 93.959697 0.0127875765821223 0.015465 229.064330 -1207977.506350 29.268951 119.242449 -23.847982 1333.300636 -9.145 -9.145 2.654422 3.218948 3.125 0 0.000
3501.00 1202.98 93.695132 0.0129541899243441 0.015663 228.365197 -1204868.410135 29.189790 118.913947 -23.815199 1330.038808 -9.104 -9.104 2.654777 3.218692 3.129 0 0.000
3401.00 1202.00 93.415543 0.0131334299915705 0.015876 227.627243 -1201563.944404 29.106041 118.566592 -23.780875 1326.599742 -9.065 -9.065 2.655013 3.218435 3.134 0 0.000
3301.00 1200.97 93.119875 0.0133253510466399 0.016106 226.847774 -1198050.278881 29.017378 118.199032 -23.744789 1322.970070 -9.027 -9.027 2.655114 3.218176 3.140 0 0.000
3201.00 1199.89 92.807091 0.0135295228161730 0.016351 226.024151 -1194313.766540 28.923476 117.809923 -23.706652 1319.136207 -8.991 -8.991 2.655065 3.217915 3.148 0 0.000
3101.00 1198.76 92.476217 0.0137448416177669 0.016610 225.153908 -1190341.551657 28.824025 117.397986 -23.666086 1315.084805 -8.957 -8.957 2.654850 3.217652 3.157 0 0.000
3001.00 1197.58 92.126410 0.0139693196639313 0.016882 224.234923 -1186122.395808 28.718749 116.962082 -23.622605 1310.803404 -8.924 -8.924 2.654454 3.217387 3.167 0 0.000
2901.00 1196.35 91.757037 0.0141998786320402 0.017162 223.265629 -1181647.740512 28.607433 116.501316 -23.575604 1306.281333 -8.894 -8.894 2.653863 3.217121 3.179 0 0.000
2801.00 1195.06 91.367776 0.0144321922785444 0.017446 222.245273 -1176912.991807 28.489947 116.015154 -23.524355 1301.510865 -8.865 -8.865 2.653065 3.216854 3.192 0 0.000
2701.00 1193.72 90.958726 0.0146606402867603 0.017726 221.174196 -1171918.957286 28.366287 115.503573 -23.468027 1296.488626 -8.839 -8.839 2.652052 3.216585 3.207 0 0.000
2601.00 1192.33 90.530518 0.0148784415132573 0.017995 220.054125 -1166673.292717 28.236606 114.967198 -23.405731 1291.217150 -8.814 -8.814 2.650818 3.216317 3.223 0 0.000
2501.00 1190.90 90.084409 0.0150780170452624 0.018244 218.888404 -1161191.738547 28.101243 114.407438 -23.336601 1285.706393 -8.791 -8.791 2.649364 3.216048 3.242 0 0.000
2401.00 1189.42 89.622339 0.0152515833376750 0.018464 217.682138 -1155498.875420 27.960752 113.826573 -23.259896 1279.974932 -8.771 -8.771 2.647694 3.215780 3.262 0 0.000
2301.00 1187.93 89.146925 0.0153919031611911 0.018644 216.442185 -1149628.140007 27.815900 113.227768 -23.175119 1274.050530 -8.752 -8.752 2.645819 3.215513 3.283 0 0.000
2201.00 1186.41 88.661398 0.0154930521810235 0.018779 215.176964 -1143620.941318 27.667649 112.615003 -23.082120 1267.969777 -8.736 -8.736 2.643752 3.215247 3.306 0 0.000
2101.00 1184.88 88.169457 0.0155510313904505 0.018863 213.896088 -1137524.894905 27.517124 111.992911 -22.981159 1261.776734 -8.721 -8.721 2.641512 3.214985 3.330 0 0.000
2001.00 1183.35 87.675082 0.0155640909723333 0.018895 212.609878 -1131391.393149 27.365548 111.366538 -22.872914 1255.520680 -8.708 -8.708 2.639119 3.214725 3.355 0 0.000
1901.00 1181.84 87.182322 0.0155327176490101 0.018873 211.328807 -1125272.878236 27.214181 110.741077 -22.758423 1249.253338 -8.696 -8.696 2.636593 3.214468 3.380 0 0.000
1801.00 1180.35 86.695095 0.0154593352530098 0.018801 210.062982 -1119220.223491 27.064253 110.121598 -22.638998 1243.026027 -8.687 -8.687 2.633956 3.214216 3.407 0 0.000
1701.00 1178.89 86.217017 0.0153478329579755 0.018683 208.821716 -1113280.551712 26.916912 109.512821 -22.516103 1236.887152 -8.679 -8.679 2.631227 3.213967 3.433 0 0.000
1601.00 1177.47 85.751285 0.0152030493915935 0.018526 207.613220 -1107495.671211 26.773182 108.918957 -22.391251 1230.880314 -8.672 -8.672 2.628422 3.213723 3.460 0 0.000
1501.00 1176.10 85.300610 0.0150303113658030 0.018334 206.444432 -1101901.154240 26.633939 108.343598 -22.265909 1225.043122 -8.667 -8.667 2.625558 3.213483 3.487 0 0.000
1401.00 1174.78 84.867187 0.0148350788031194 0.018115 205.320951 -1096525.968427 26.499898 107.789686 -22.141443 1219.406634 -8.664 -8.664 2.622649 3.213247 3.514 0 0.000
1301.00 1173.51 84.452703 0.0146227031053239 0.017875 204.247059 -1091392.517368 26.371619 107.259507 -22.019079 1213.995294 -8.662 -8.662 2.619705 3.213014 3.541 0 0.000
1201.00 1172.30 84.058360 0.0143982778547430 0.017620 203.225785 -1086516.944991 26.249508 106.754721 -21.899886 1208.827188 -8.662 -8.662 2.616735 3.212786 3.567 0 0.000
1101.00 1171.14 83.684913 0.0141665491767329 0.017356 202.259005 -1081909.588769 26.133832 106.276407 -21.784772 1203.914473 -8.663 -8.663 2.613748 3.212561 3.593 0 0.000
1001.00 1170.05 83.332714 0.0139318555525890 0.017087 201.347550 -1077575.508776 26.024729 105.825117 -21.674486 1199.263908 -8.665 -8.665 2.610750 3.212338 3.619 0 0.000
901.00 1169.01 83.001752 0.0136980771083492 0.016819 200.491330 -1073515.056923 25.922220 105.400929 -21.569620 1194.877411 -8.669 -8.669 2.607746 3.212119 3.644 0 0.000
801.00 1168.03 82.691705 0.0134685871896951 0.016556 199.689446 -1069724.475141 25.826229 105.003509 -21.470614 1190.752644 -8.674 -8.674 2.604740 3.211902 3.669 0 0.000
701.00 1167.10 82.401984 0.0132462098229857 0.016301 198.940328 -1066196.520619 25.736592 104.632173 -21.377763 1186.883622 -8.680 -8.680 2.601735 3.211687 3.693 0 0.000
601.00 1166.22 82.131788 0.0130331922917250 0.016057 198.241852 -1062921.113265 25.653075 104.285946 -21.291221 1183.261343 -8.687 -8.687 2.598733 3.211474 3.717 0 0.000
501.00 1165.39 81.880150 0.0128312018891153 0.015826 197.591483 -1059885.991290 25.575391 103.963632 -21.211013 1179.874442 -8.695 -8.695 2.595738 3.211262 3.740 0 0.000
401.00 1164.60 81.645989 0.0126413514551756 0.015609 196.986392 -1057077.351739 25.503210 103.663876 -21.137052 1176.709827 -8.704 -8.704 2.592749 3.211052 3.763 0 0.000
301.00 1163.86 81.428155 0.0124642520329260 0.015407 196.423577 -1054480.448316 25.436181 103.385221 -21.069158 1173.753297 -8.714 -8.714 2.589768 3.210842 3.785 0 0.000
201.00 1163.16 81.225469 0.0123000857518885 0.015221 195.899970 -1052080.120981 25.373940 103.126168 -21.007075 1170.990093 -8.725 -8.725 2.586796 3.210633 3.807 0 0.000
101.00 1162.49 81.036756 0.0121486895606166 0.015050 195.412517 -1049861.239165 25.316120 102.885213 -20.950496 1168.405366 -8.737 -8.737 2.583833 3.210425 3.828 0 0.000
1.00 1161.85 80.860875 0.0120096398679615 0.014895 194.958251 -1047809.050229 25.262368 102.660888 -20.899176 1165.983877 -8.749 -8.749 2.580864 3.210217 3.848 0 0.000
