Title: Depleted MORB Mantle of Workmann & Hart 2005

Solid Composition:
Pressure Temperature mass SiO2 TiO2 Al2O3 Fe2O3 Cr2O3 FeO MnO MgO NiO CaO Na2O 
44001.00 1373.20 100.138999 44.6479 0.12982 3.97448 0.190735 0.569209 7.99688 0.12982 38.6762 0.239667 3.1656 0.279611
43901.00 1372.99 100.138999 44.6479 0.12982 3.97448 0.190735 0.569209 7.99688 0.12982 38.6762 0.239667 3.1656 0.279611
43801.00 1372.79 100.138999 44.6479 0.12982 3.97448 0.190735 0.569209 7.99688 0.12982 38.6762 0.239667 3.1656 0.279611
43701.00 1372.59 100.138999 44.6479 0.12982 3.97448 0.190735 0.569209 7.99688 0.12982 38.6762 0.239667 3.1656 0.279611
43601.00 1372.38 100.138999 44.6479 0.12982 3.97448 0.190735 0.569209 7.99688 0.12982 38.6762 0.239667 3.1656 0.279611
43501.00 1372.18 100.138999 44.6479 0.12982 3.97448 0.190735 0.569209 7.99688 0.12982 38.6762 0.239667 3.1656 0.279611
43401.00 1371.97 100.138999 44.6479 0.12982 3.97448 0.190735 0.569209 7.99688 0.12982 38.6762 0.239667 3.1656 0.279611
43301.00 1371.77 100.138999 44.6479 0.12982 3.97448 0.190735 0.569209 7.99688 0.12982 38.6762 0.239667 3.1656 0.279611
43201.00 1371.56 100.138999 44.6479 0.12982 3.97448 0.190735 0.569209 7.99688 0.12982 38.6762 0.239667 3.1656 0.279611
43101.00 1371.36 100.138999 44.6479 0.12982 3.97448 0.190735 0.569209 7.99688 0.12982 38.6762 0.239667 3.1656 0.279611
43001.00 1371.15 100.138999 44.6479 0.12982 3.97448 0.190735 0.569209 7.99688 0.12982 38.6762 0.239667 3.1656 0.279611
42901.00 1370.95 100.138999 44.6479 0.12982 3.97448 0.190735 0.569209 7.99688 0.12982 38.6762 0.239667 3.1656 0.279611
42801.00 1370.74 100.138999 44.6479 0.12982 3.97448 0.190735 0.569209 7.99688 0.12982 38.6762 0.239667 3.1656 0.279611
42701.00 1370.54 100.138999 44.6479 0.12982 3.97448 0.190735 0.569209 7.99688 0.12982 38.6762 0.239667 3.1656 0.279611
42601.00 1370.34 100.138999 44.6479 0.12982 3.97448 0.190735 0.569209 7.99688 0.12982 38.6762 0.239667 3.1656 0.279611
42501.00 1370.13 100.138999 44.6479 0.12982 3.97448 0.190735 0.569209 7.99688 0.12982 38.6762 0.239667 3.1656 0.279611
42401.00 1369.93 100.138999 44.6479 0.12982 3.97448 0.190735 0.569209 7.99688 0.12982 38.6762 0.239667 3.1656 0.279611
42301.00 1369.72 100.138999 44.6479 0.12982 3.97448 0.190735 0.569209 7.99688 0.12982 38.6762 0.239667 3.1656 0.279611
42201.00 1369.52 100.138999 44.6479 0.12982 3.97448 0.190735 0.569209 7.99688 0.12982 38.6762 0.239667 3.1656 0.279611
42101.00 1369.31 100.138999 44.6479 0.12982 3.97448 0.190735 0.569209 7.99688 0.12982 38.6762 0.239667 3.1656 0.279611
42001.00 1369.11 100.138999 44.6479 0.12982 3.97448 0.190735 0.569209 7.99688 0.12982 38.6762 0.239667 3.1656 0.279611
41901.00 1368.90 100.138999 44.6479 0.12982 3.97448 0.190735 0.569209 7.99688 0.12982 38.6762 0.239667 3.1656 0.279611
41801.00 1368.70 100.138999 44.6479 0.12982 3.97448 0.190735 0.569209 7.99688 0.12982 38.6762 0.239667 3.1656 0.279611
41701.00 1368.49 100.138999 44.6479 0.12982 3.97448 0.190735 0.569209 7.99688 0.12982 38.6762 0.239667 3.1656 0.279611
41601.00 1368.29 100.138999 44.6479 0.12982 3.97448 0.190735 0.569209 7.99688 0.12982 38.6762 0.239667 3.1656 0.279611
41501.00 1368.08 100.138999 44.6479 0.12982 3.97448 0.190735 0.569209 7.99688 0.12982 38.6762 0.239667 3.1656 0.279611
41401.00 1367.88 100.138999 44.6479 0.12982 3.97448 0.190735 0.569209 7.99688 0.12982 38.6762 0.239667 3.1656 0.279611
41301.00 1367.67 100.138999 44.6479 0.12982 3.97448 0.190735 0.569209 7.99688 0.12982 38.6762 0.239667 3.1656 0.279611
41201.00 1367.47 100.138999 44.6479 0.12982 3.97448 0.190735 0.569209 7.99688 0.12982 38.6762 0.239667 3.1656 0.279611
41101.00 1367.26 100.138999 44.6479 0.12982 3.97448 0.190735 0.569209 7.99688 0.12982 38.6762 0.239667 3.1656 0.279611
41001.00 1367.05 100.138999 44.6479 0.12982 3.97448 0.190735 0.569209 7.99688 0.12982 38.6762 0.239667 3.1656 0.279611
40901.00 1366.85 100.138999 44.6479 0.12982 3.97448 0.190735 0.569209 7.99688 0.12982 38.6762 0.239667 3.1656 0.279611
40801.00 1366.64 100.138999 44.6479 0.12982 3.97448 0.190735 0.569209 7.99688 0.12982 38.6762 0.239667 3.1656 0.279611
40701.00 1366.44 100.138999 44.6479 0.12982 3.97448 0.190735 0.569209 7.99688 0.12982 38.6762 0.239667 3.1656 0.279611
40601.00 1366.23 100.138999 44.6479 0.12982 3.97448 0.190735 0.569209 7.99688 0.12982 38.6762 0.239667 3.1656 0.279611
40501.00 1366.03 100.138999 44.6479 0.12982 3.97448 0.190735 0.569209 7.99688 0.12982 38.6762 0.239667 3.1656 0.279611
40401.00 1365.82 100.138999 44.6479 0.12982 3.97448 0.190735 0.569209 7.99688 0.12982 38.6762 0.239667 3.1656 0.279611
40301.00 1365.62 100.138999 44.6479 0.12982 3.97448 0.190735 0.569209 7.99688 0.12982 38.6762 0.239667 3.1656 0.279611
40201.00 1365.41 100.138999 44.6479 0.12982 3.97448 0.190735 0.569209 7.99688 0.12982 38.6762 0.239667 3.1656 0.279611
40101.00 1365.20 100.138999 44.6479 0.12982 3.97448 0.190735 0.569209 7.99688 0.12982 38.6762 0.239667 3.1656 0.279611
40001.00 1365.00 100.138999 44.6479 0.12982 3.97448 0.190735 0.569209 7.99688 0.12982 38.6762 0.239667 3.1656 0.279611
39901.00 1364.79 100.138999 44.6479 0.12982 3.97448 0.190735 0.569209 7.99688 0.12982 38.6762 0.239667 3.1656 0.279611
39801.00 1364.59 100.138999 44.6479 0.12982 3.97448 0.190735 0.569209 7.99688 0.12982 38.6762 0.239667 3.1656 0.279611
39701.00 1364.38 100.138999 44.6479 0.12982 3.97448 0.190735 0.569209 7.99688 0.12982 38.6762 0.239667 3.1656 0.279611
39601.00 1364.17 100.138999 44.6479 0.12982 3.97448 0.190735 0.569209 7.99688 0.12982 38.6762 0.239667 3.1656 0.279611
39501.00 1363.97 100.138999 44.6479 0.12982 3.97448 0.190735 0.569209 7.99688 0.12982 38.6762 0.239667 3.1656 0.279611
39401.00 1363.76 100.138999 44.6479 0.12982 3.97448 0.190735 0.569209 7.99688 0.12982 38.6762 0.239667 3.1656 0.279611
39301.00 1363.56 100.138999 44.6479 0.12982 3.97448 0.190735 0.569209 7.99688 0.12982 38.6762 0.239667 3.1656 0.279611
39201.00 1363.35 100.138999 44.6479 0.12982 3.97448 0.190735 0.569209 7.99688 0.12982 38.6762 0.239667 3.1656 0.279611
39101.00 1363.14 100.138999 44.6479 0.12982 3.97448 0.190735 0.569209 7.99688 0.12982 38.6762 0.239667 3.1656 0.279611
39001.00 1362.94 100.138999 44.6479 0.12982 3.97448 0.190735 0.569209 7.99688 0.12982 38.6762 0.239667 3.1656 0.279611
38901.00 1362.73 100.138999 44.6479 0.12982 3.97448 0.190735 0.569209 7.99688 0.12982 38.6762 0.239667 3.1656 0.279611
38801.00 1362.52 100.138999 44.6479 0.12982 3.97448 0.190735 0.569209 7.99688 0.12982 38.6762 0.239667 3.1656 0.279611
38701.00 1362.32 100.138999 44.6479 0.12982 3.97448 0.190735 0.569209 7.99688 0.12982 38.6762 0.239667 3.1656 0.279611
38601.00 1362.11 100.138999 44.6479 0.12982 3.97448 0.190735 0.569209 7.99688 0.12982 38.6762 0.239667 3.1656 0.279611
38501.00 1361.90 100.138999 44.6479 0.12982 3.97448 0.190735 0.569209 7.99688 0.12982 38.6762 0.239667 3.1656 0.279611
38401.00 1361.70 100.138999 44.6479 0.12982 3.97448 0.190735 0.569209 7.99688 0.12982 38.6762 0.239667 3.1656 0.279611
38301.00 1361.49 100.138999 44.6479 0.12982 3.97448 0.190735 0.569209 7.99688 0.12982 38.6762 0.239667 3.1656 0.279611
38201.00 1361.28 100.138999 44.6479 0.12982 3.97448 0.190735 0.569209 7.99688 0.12982 38.6762 0.239667 3.1656 0.279611
38101.00 1361.08 100.138999 44.6479 0.12982 3.97448 0.190735 0.569209 7.99688 0.12982 38.6762 0.239667 3.1656 0.279611
38001.00 1360.87 100.138999 44.6479 0.12982 3.97448 0.190735 0.569209 7.99688 0.12982 38.6762 0.239667 3.1656 0.279611
37901.00 1360.66 100.138999 44.6479 0.12982 3.97448 0.190735 0.569209 7.99688 0.12982 38.6762 0.239667 3.1656 0.279611
37801.00 1360.46 100.138999 44.6479 0.12982 3.97448 0.190735 0.569209 7.99688 0.12982 38.6762 0.239667 3.1656 0.279611
37701.00 1360.25 100.138999 44.6479 0.12982 3.97448 0.190735 0.569209 7.99688 0.12982 38.6762 0.239667 3.1656 0.279611
37601.00 1360.04 100.138999 44.6479 0.12982 3.97448 0.190735 0.569209 7.99688 0.12982 38.6762 0.239667 3.1656 0.279611
37501.00 1359.83 100.138999 44.6479 0.12982 3.97448 0.190735 0.569209 7.99688 0.12982 38.6762 0.239667 3.1656 0.279611
37401.00 1359.63 100.138999 44.6479 0.12982 3.97448 0.190735 0.569209 7.99688 0.12982 38.6762 0.239667 3.1656 0.279611
37301.00 1359.42 100.138999 44.6479 0.12982 3.97448 0.190735 0.569209 7.99688 0.12982 38.6762 0.239667 3.1656 0.279611
37201.00 1359.21 100.138999 44.6479 0.12982 3.97448 0.190735 0.569209 7.99688 0.12982 38.6762 0.239667 3.1656 0.279611
37101.00 1359.00 100.138999 44.6479 0.12982 3.97448 0.190735 0.569209 7.99688 0.12982 38.6762 0.239667 3.1656 0.279611
37001.00 1358.80 100.138999 44.6479 0.12982 3.97448 0.190735 0.569209 7.99688 0.12982 38.6762 0.239667 3.1656 0.279611
36901.00 1358.59 100.138999 44.6479 0.12982 3.97448 0.190735 0.569209 7.99688 0.12982 38.6762 0.239667 3.1656 0.279611
36801.00 1358.38 100.138999 44.6479 0.12982 3.97448 0.190735 0.569209 7.99688 0.12982 38.6762 0.239667 3.1656 0.279611
36701.00 1358.17 100.138999 44.6479 0.12982 3.97448 0.190735 0.569209 7.99688 0.12982 38.6762 0.239667 3.1656 0.279611
36601.00 1357.96 100.138999 44.6479 0.12982 3.97448 0.190735 0.569209 7.99688 0.12982 38.6762 0.239667 3.1656 0.279611
36501.00 1357.76 100.138999 44.6479 0.12982 3.97448 0.190735 0.569209 7.99688 0.12982 38.6762 0.239667 3.1656 0.279611
36401.00 1357.55 100.138999 44.6479 0.12982 3.97448 0.190735 0.569209 7.99688 0.12982 38.6762 0.239667 3.1656 0.279611
36301.00 1357.34 100.138999 44.6479 0.12982 3.97448 0.190735 0.569209 7.99688 0.12982 38.6762 0.239667 3.1656 0.279611
36201.00 1357.13 100.138999 44.6479 0.12982 3.97448 0.190735 0.569209 7.99688 0.12982 38.6762 0.239667 3.1656 0.279611
36101.00 1356.92 100.138999 44.6479 0.12982 3.97448 0.190735 0.569209 7.99688 0.12982 38.6762 0.239667 3.1656 0.279611
36001.00 1356.71 100.138999 44.6479 0.12982 3.97448 0.190735 0.569209 7.99688 0.12982 38.6762 0.239667 3.1656 0.279611
35901.00 1356.51 100.138999 44.6479 0.12982 3.97448 0.190735 0.569209 7.99688 0.12982 38.6762 0.239667 3.1656 0.279611
35801.00 1356.30 100.138999 44.6479 0.12982 3.97448 0.190735 0.569209 7.99688 0.12982 38.6762 0.239667 3.1656 0.279611
35701.00 1356.09 100.138999 44.6479 0.12982 3.97448 0.190735 0.569209 7.99688 0.12982 38.6762 0.239667 3.1656 0.279611
35601.00 1355.88 100.138999 44.6479 0.12982 3.97448 0.190735 0.569209 7.99688 0.12982 38.6762 0.239667 3.1656 0.279611
35501.00 1355.67 100.138999 44.6479 0.12982 3.97448 0.190735 0.569209 7.99688 0.12982 38.6762 0.239667 3.1656 0.279611
35401.00 1355.46 100.138999 44.6479 0.12982 3.97448 0.190735 0.569209 7.99688 0.12982 38.6762 0.239667 3.1656 0.279611
35301.00 1355.25 100.138999 44.6479 0.12982 3.97448 0.190735 0.569209 7.99688 0.12982 38.6762 0.239667 3.1656 0.279611
35201.00 1355.04 100.138999 44.6479 0.12982 3.97448 0.190735 0.569209 7.99688 0.12982 38.6762 0.239667 3.1656 0.279611
35101.00 1354.83 100.138999 44.6479 0.12982 3.97448 0.190735 0.569209 7.99688 0.12982 38.6762 0.239667 3.1656 0.279611
35001.00 1354.62 100.138999 44.6479 0.12982 3.97448 0.190735 0.569209 7.99688 0.12982 38.6762 0.239667 3.1656 0.279611
34901.00 1354.41 100.138999 44.6479 0.12982 3.97448 0.190735 0.569209 7.99688 0.12982 38.6762 0.239667 3.1656 0.279611
34801.00 1354.20 100.138999 44.6479 0.12982 3.97448 0.190735 0.569209 7.99688 0.12982 38.6762 0.239667 3.1656 0.279611
34701.00 1353.99 100.138999 44.6479 0.12982 3.97448 0.190735 0.569209 7.99688 0.12982 38.6762 0.239667 3.1656 0.279611
34601.00 1353.78 100.138999 44.6479 0.12982 3.97448 0.190735 0.569209 7.99688 0.12982 38.6762 0.239667 3.1656 0.279611
34501.00 1353.57 100.138999 44.6479 0.12982 3.97448 0.190735 0.569209 7.99688 0.12982 38.6762 0.239667 3.1656 0.279611
34401.00 1353.36 100.138999 44.6479 0.12982 3.97448 0.190735 0.569209 7.99688 0.12982 38.6762 0.239667 3.1656 0.279611
34301.00 1353.15 100.138999 44.6479 0.12982 3.97448 0.190735 0.569209 7.99688 0.12982 38.6762 0.239667 3.1656 0.279611
34201.00 1352.94 100.138999 44.6479 0.12982 3.97448 0.190735 0.569209 7.99688 0.12982 38.6762 0.239667 3.1656 0.279611
34101.00 1352.73 100.138999 44.6479 0.12982 3.97448 0.190735 0.569209 7.99688 0.12982 38.6762 0.239667 3.1656 0.279611
34001.00 1352.52 100.138999 44.6479 0.12982 3.97448 0.190735 0.569209 7.99688 0.12982 38.6762 0.239667 3.1656 0.279611
33901.00 1352.31 100.138999 44.6479 0.12982 3.97448 0.190735 0.569209 7.99688 0.12982 38.6762 0.239667 3.1656 0.279611
33801.00 1352.10 100.138999 44.6479 0.12982 3.97448 0.190735 0.569209 7.99688 0.12982 38.6762 0.239667 3.1656 0.279611
33701.00 1351.89 100.138999 44.6479 0.12982 3.97448 0.190735 0.569209 7.99688 0.12982 38.6762 0.239667 3.1656 0.279611
33601.00 1351.67 100.138999 44.6479 0.12982 3.97448 0.190735 0.569209 7.99688 0.12982 38.6762 0.239667 3.1656 0.279611
33501.00 1351.46 100.138999 44.6479 0.12982 3.97448 0.190735 0.569209 7.99688 0.12982 38.6762 0.239667 3.1656 0.279611
33401.00 1351.25 100.138999 44.6479 0.12982 3.97448 0.190735 0.569209 7.99688 0.12982 38.6762 0.239667 3.1656 0.279611
33301.00 1351.04 100.138999 44.6479 0.12982 3.97448 0.190735 0.569209 7.99688 0.12982 38.6762 0.239667 3.1656 0.279611
33201.00 1350.83 100.138999 44.6479 0.12982 3.97448 0.190735 0.569209 7.99688 0.12982 38.6762 0.239667 3.1656 0.279611
33101.00 1350.62 100.138999 44.6479 0.12982 3.97448 0.190735 0.569209 7.99688 0.12982 38.6762 0.239667 3.1656 0.279611
33001.00 1350.40 100.138999 44.6479 0.12982 3.97448 0.190735 0.569209 7.99688 0.12982 38.6762 0.239667 3.1656 0.279611
32901.00 1350.19 100.138999 44.6479 0.12982 3.97448 0.190735 0.569209 7.99688 0.12982 38.6762 0.239667 3.1656 0.279611
32801.00 1349.98 100.138999 44.6479 0.12982 3.97448 0.190735 0.569209 7.99688 0.12982 38.6762 0.239667 3.1656 0.279611
32701.00 1349.77 100.138999 44.6479 0.12982 3.97448 0.190735 0.569209 7.99688 0.12982 38.6762 0.239667 3.1656 0.279611
32601.00 1349.55 100.138999 44.6479 0.12982 3.97448 0.190735 0.569209 7.99688 0.12982 38.6762 0.239667 3.1656 0.279611
32501.00 1349.34 100.138999 44.6479 0.12982 3.97448 0.190735 0.569209 7.99688 0.12982 38.6762 0.239667 3.1656 0.279611
32401.00 1349.13 100.138999 44.6479 0.12982 3.97448 0.190735 0.569209 7.99688 0.12982 38.6762 0.239667 3.1656 0.279611
32301.00 1348.91 100.138999 44.6479 0.12982 3.97448 0.190735 0.569209 7.99688 0.12982 38.6762 0.239667 3.1656 0.279611
32201.00 1348.70 100.138999 44.6479 0.12982 3.97448 0.190735 0.569209 7.99688 0.12982 38.6762 0.239667 3.1656 0.279611
32101.00 1348.49 100.138999 44.6479 0.12982 3.97448 0.190735 0.569209 7.99688 0.12982 38.6762 0.239667 3.1656 0.279611
32001.00 1348.27 100.138999 44.6479 0.12982 3.97448 0.190735 0.569209 7.99688 0.12982 38.6762 0.239667 3.1656 0.279611
31901.00 1348.06 100.138999 44.6479 0.12982 3.97448 0.190735 0.569209 7.99688 0.12982 38.6762 0.239667 3.1656 0.279611
31801.00 1347.84 100.138999 44.6479 0.12982 3.97448 0.190735 0.569209 7.99688 0.12982 38.6762 0.239667 3.1656 0.279611
31701.00 1347.63 100.138999 44.6479 0.12982 3.97448 0.190735 0.569209 7.99688 0.12982 38.6762 0.239667 3.1656 0.279611
31601.00 1347.42 100.138999 44.6479 0.12982 3.97448 0.190735 0.569209 7.99688 0.12982 38.6762 0.239667 3.1656 0.279611
31501.00 1347.20 100.138999 44.6479 0.12982 3.97448 0.190735 0.569209 7.99688 0.12982 38.6762 0.239667 3.1656 0.279611
31401.00 1346.99 100.138999 44.6479 0.12982 3.97448 0.190735 0.569209 7.99688 0.12982 38.6762 0.239667 3.1656 0.279611
31301.00 1346.77 100.138999 44.6479 0.12982 3.97448 0.190735 0.569209 7.99688 0.12982 38.6762 0.239667 3.1656 0.279611
31201.00 1346.56 100.138999 44.6479 0.12982 3.97448 0.190735 0.569209 7.99688 0.12982 38.6762 0.239667 3.1656 0.279611
31101.00 1346.34 100.138999 44.6479 0.12982 3.97448 0.190735 0.569209 7.99688 0.12982 38.6762 0.239667 3.1656 0.279611
31001.00 1346.12 100.138999 44.6479 0.12982 3.97448 0.190735 0.569209 7.99688 0.12982 38.6762 0.239667 3.1656 0.279611
30901.00 1345.91 100.138999 44.6479 0.12982 3.97448 0.190735 0.569209 7.99688 0.12982 38.6762 0.239667 3.1656 0.279611
30801.00 1345.69 100.138999 44.6479 0.12982 3.97448 0.190735 0.569209 7.99688 0.12982 38.6762 0.239667 3.1656 0.279611
30701.00 1345.48 100.138999 44.6479 0.12982 3.97448 0.190735 0.569209 7.99688 0.12982 38.6762 0.239667 3.1656 0.279611
30601.00 1345.26 100.138999 44.6479 0.12982 3.97448 0.190735 0.569209 7.99688 0.12982 38.6762 0.239667 3.1656 0.279611
30501.00 1345.04 100.138999 44.6479 0.12982 3.97448 0.190735 0.569209 7.99688 0.12982 38.6762 0.239667 3.1656 0.279611
30401.00 1344.83 100.138999 44.6479 0.12982 3.97448 0.190735 0.569209 7.99688 0.12982 38.6762 0.239667 3.1656 0.279611
30301.00 1344.61 100.138999 44.6479 0.12982 3.97448 0.190735 0.569209 7.99688 0.12982 38.6762 0.239667 3.1656 0.279611
30201.00 1344.39 100.138999 44.6479 0.12982 3.97448 0.190735 0.569209 7.99688 0.12982 38.6762 0.239667 3.1656 0.279611
30101.00 1344.17 100.138999 44.6479 0.12982 3.97448 0.190735 0.569209 7.99688 0.12982 38.6762 0.239667 3.1656 0.279611
30001.00 1343.95 100.138999 44.6479 0.12982 3.97448 0.190735 0.569209 7.99688 0.12982 38.6762 0.239667 3.1656 0.279611
29901.00 1343.74 100.138999 44.6479 0.12982 3.97448 0.190735 0.569209 7.99688 0.12982 38.6762 0.239667 3.1656 0.279611
29801.00 1343.52 100.138999 44.6479 0.12982 3.97448 0.190735 0.569209 7.99688 0.12982 38.6762 0.239667 3.1656 0.279611
29701.00 1343.30 100.138999 44.6479 0.12982 3.97448 0.190735 0.569209 7.99688 0.12982 38.6762 0.239667 3.1656 0.279611
29601.00 1343.08 100.138999 44.6479 0.12982 3.97448 0.190735 0.569209 7.99688 0.12982 38.6762 0.239667 3.1656 0.279611
29501.00 1342.86 100.138999 44.6479 0.12982 3.97448 0.190735 0.569209 7.99688 0.12982 38.6762 0.239667 3.1656 0.279611
29401.00 1342.64 100.138999 44.6479 0.12982 3.97448 0.190735 0.569209 7.99688 0.12982 38.6762 0.239667 3.1656 0.279611
29301.00 1342.42 100.138999 44.6479 0.12982 3.97448 0.190735 0.569209 7.99688 0.12982 38.6762 0.239667 3.1656 0.279611
29201.00 1342.20 100.138999 44.6479 0.12982 3.97448 0.190735 0.569209 7.99688 0.12982 38.6762 0.239667 3.1656 0.279611
29101.00 1341.98 100.138999 44.6479 0.12982 3.97448 0.190735 0.569209 7.99688 0.12982 38.6762 0.239667 3.1656 0.279611
29001.00 1341.76 100.138999 44.6479 0.12982 3.97448 0.190735 0.569209 7.99688 0.12982 38.6762 0.239667 3.1656 0.279611
28901.00 1341.54 100.138999 44.6479 0.12982 3.97448 0.190735 0.569209 7.99688 0.12982 38.6762 0.239667 3.1656 0.279611
28801.00 1341.32 100.138999 44.6479 0.12982 3.97448 0.190735 0.569209 7.99688 0.12982 38.6762 0.239667 3.1656 0.279611
28701.00 1341.10 100.138999 44.6479 0.12982 3.97448 0.190735 0.569209 7.99688 0.12982 38.6762 0.239667 3.1656 0.279611
28601.00 1340.87 100.138999 44.6479 0.12982 3.97448 0.190735 0.569209 7.99688 0.12982 38.6762 0.239667 3.1656 0.279611
28501.00 1340.65 100.138999 44.6479 0.12982 3.97448 0.190735 0.569209 7.99688 0.12982 38.6762 0.239667 3.1656 0.279611
28401.00 1340.43 100.138999 44.6479 0.12982 3.97448 0.190735 0.569209 7.99688 0.12982 38.6762 0.239667 3.1656 0.279611
28301.00 1340.21 100.138999 44.6479 0.12982 3.97448 0.190735 0.569209 7.99688 0.12982 38.6762 0.239667 3.1656 0.279611
28201.00 1339.98 100.138999 44.6479 0.12982 3.97448 0.190735 0.569209 7.99688 0.12982 38.6762 0.239667 3.1656 0.279611
28101.00 1339.76 100.138999 44.6479 0.12982 3.97448 0.190735 0.569209 7.99688 0.12982 38.6762 0.239667 3.1656 0.279611
28001.00 1339.54 100.138999 44.6479 0.12982 3.97448 0.190735 0.569209 7.99688 0.12982 38.6762 0.239667 3.1656 0.279611
27901.00 1339.31 100.138999 44.6479 0.12982 3.97448 0.190735 0.569209 7.99688 0.12982 38.6762 0.239667 3.1656 0.279611
27801.00 1339.09 100.138999 44.6479 0.12982 3.97448 0.190735 0.569209 7.99688 0.12982 38.6762 0.239667 3.1656 0.279611
27701.00 1338.86 100.138999 44.6479 0.12982 3.97448 0.190735 0.569209 7.99688 0.12982 38.6762 0.239667 3.1656 0.279611
27601.00 1338.64 100.138999 44.6479 0.12982 3.97448 0.190735 0.569209 7.99688 0.12982 38.6762 0.239667 3.1656 0.279611
27501.00 1338.41 100.138999 44.6479 0.12982 3.97448 0.190735 0.569209 7.99688 0.12982 38.6762 0.239667 3.1656 0.279611
27401.00 1338.18 100.138999 44.6479 0.12982 3.97448 0.190735 0.569209 7.99688 0.12982 38.6762 0.239667 3.1656 0.279611
27301.00 1337.96 100.138999 44.6479 0.12982 3.97448 0.190735 0.569209 7.99688 0.12982 38.6762 0.239667 3.1656 0.279611
27201.00 1337.73 100.138999 44.6479 0.12982 3.97448 0.190735 0.569209 7.99688 0.12982 38.6762 0.239667 3.1656 0.279611
27101.00 1337.50 100.138999 44.6479 0.12982 3.97448 0.190735 0.569209 7.99688 0.12982 38.6762 0.239667 3.1656 0.279611
27001.00 1337.28 100.138999 44.6479 0.12982 3.97448 0.190735 0.569209 7.99688 0.12982 38.6762 0.239667 3.1656 0.279611
26901.00 1337.05 100.138999 44.6479 0.12982 3.97448 0.190735 0.569209 7.99688 0.12982 38.6762 0.239667 3.1656 0.279611
26801.00 1336.82 100.138999 44.6479 0.12982 3.97448 0.190735 0.569209 7.99688 0.12982 38.6762 0.239667 3.1656 0.279611
26701.00 1336.59 100.138999 44.6479 0.12982 3.97448 0.190735 0.569209 7.99688 0.12982 38.6762 0.239667 3.1656 0.279611
26601.00 1336.36 100.138999 44.6479 0.12982 3.97448 0.190735 0.569209 7.99688 0.12982 38.6762 0.239667 3.1656 0.279611
26501.00 1336.13 100.138999 44.6479 0.12982 3.97448 0.190735 0.569209 7.99688 0.12982 38.6762 0.239667 3.1656 0.279611
26401.00 1335.90 100.138999 44.6479 0.12982 3.97448 0.190735 0.569209 7.99688 0.12982 38.6762 0.239667 3.1656 0.279611
26301.00 1335.67 100.138999 44.6479 0.12982 3.97448 0.190735 0.569209 7.99688 0.12982 38.6762 0.239667 3.1656 0.279611
26201.00 1335.44 100.138999 44.6479 0.12982 3.97448 0.190735 0.569209 7.99688 0.12982 38.6762 0.239667 3.1656 0.279611
26101.00 1335.20 100.138999 44.6479 0.12982 3.97448 0.190735 0.569209 7.99688 0.12982 38.6762 0.239667 3.1656 0.279611
26001.00 1334.97 100.138999 44.6479 0.12982 3.97448 0.190735 0.569209 7.99688 0.12982 38.6762 0.239667 3.1656 0.279611
25901.00 1334.74 100.138999 44.6479 0.12982 3.97448 0.190735 0.569209 7.99688 0.12982 38.6762 0.239667 3.1656 0.279611
25801.00 1334.50 100.138999 44.6479 0.12982 3.97448 0.190735 0.569209 7.99688 0.12982 38.6762 0.239667 3.1656 0.279611
25701.00 1334.27 100.138999 44.6479 0.12982 3.97448 0.190735 0.569209 7.99688 0.12982 38.6762 0.239667 3.1656 0.279611
25601.00 1334.04 100.138999 44.6479 0.12982 3.97448 0.190735 0.569209 7.99688 0.12982 38.6762 0.239667 3.1656 0.279611
25501.00 1333.80 100.138999 44.6479 0.12982 3.97448 0.190735 0.569209 7.99688 0.12982 38.6762 0.239667 3.1656 0.279611
25401.00 1333.56 100.138999 44.6479 0.12982 3.97448 0.190735 0.569209 7.99688 0.12982 38.6762 0.239667 3.1656 0.279611
25301.00 1333.33 100.138999 44.6479 0.12982 3.97448 0.190735 0.569209 7.99688 0.12982 38.6762 0.239667 3.1656 0.279611
25201.00 1333.09 100.138999 44.6479 0.12982 3.97448 0.190735 0.569209 7.99688 0.12982 38.6762 0.239667 3.1656 0.279611
25101.00 1332.85 100.138999 44.6479 0.12982 3.97448 0.190735 0.569209 7.99688 0.12982 38.6762 0.239667 3.1656 0.279611
25001.00 1332.61 100.138999 44.6479 0.12982 3.97448 0.190735 0.569209 7.99688 0.12982 38.6762 0.239667 3.1656 0.279611
24901.00 1332.38 100.138999 44.6479 0.12982 3.97448 0.190735 0.569209 7.99688 0.12982 38.6762 0.239667 3.1656 0.279611
24801.00 1332.14 100.138999 44.6479 0.12982 3.97448 0.190735 0.569209 7.99688 0.12982 38.6762 0.239667 3.1656 0.279611
24701.00 1331.90 100.138999 44.6479 0.12982 3.97448 0.190735 0.569209 7.99688 0.12982 38.6762 0.239667 3.1656 0.279611
24601.00 1331.65 100.138999 44.6479 0.12982 3.97448 0.190735 0.569209 7.99688 0.12982 38.6762 0.239667 3.1656 0.279611
24501.00 1331.41 100.138999 44.6479 0.12982 3.97448 0.190735 0.569209 7.99688 0.12982 38.6762 0.239667 3.1656 0.279611
24401.00 1331.17 100.138999 44.6479 0.12982 3.97448 0.190735 0.569209 7.99688 0.12982 38.6762 0.239667 3.1656 0.279611
24301.00 1330.93 100.138999 44.6479 0.12982 3.97448 0.190735 0.569209 7.99688 0.12982 38.6762 0.239667 3.1656 0.279611
24201.00 1330.68 100.138999 44.6479 0.12982 3.97448 0.190735 0.569209 7.99688 0.12982 38.6762 0.239667 3.1656 0.279611
24101.00 1330.44 100.138999 44.6479 0.12982 3.97448 0.190735 0.569209 7.99688 0.12982 38.6762 0.239667 3.1656 0.279611
24001.00 1330.19 100.138999 44.6479 0.12982 3.97448 0.190735 0.569209 7.99688 0.12982 38.6762 0.239667 3.1656 0.279611
23901.00 1329.94 100.138999 44.6479 0.12982 3.97448 0.190735 0.569209 7.99688 0.12982 38.6762 0.239667 3.1656 0.279611
23801.00 1329.70 100.138999 44.6479 0.12982 3.97448 0.190735 0.569209 7.99688 0.12982 38.6762 0.239667 3.1656 0.279611
23701.00 1329.45 100.138999 44.6479 0.12982 3.97448 0.190735 0.569209 7.99688 0.12982 38.6762 0.239667 3.1656 0.279611
23601.00 1329.20 100.138999 44.6479 0.12982 3.97448 0.190735 0.569209 7.99688 0.12982 38.6762 0.239667 3.1656 0.279611
23501.00 1328.95 100.138999 44.6479 0.12982 3.97448 0.190735 0.569209 7.99688 0.12982 38.6762 0.239667 3.1656 0.279611
23401.00 1328.70 100.138999 44.6479 0.12982 3.97448 0.190735 0.569209 7.99688 0.12982 38.6762 0.239667 3.1656 0.279611
23301.00 1328.44 100.138999 44.6479 0.12982 3.97448 0.190735 0.569209 7.99688 0.12982 38.6762 0.239667 3.1656 0.279611
23201.00 1328.19 100.138999 44.6479 0.12982 3.97448 0.190735 0.569209 7.99688 0.12982 38.6762 0.239667 3.1656 0.279611
23101.00 1327.94 100.138999 44.6479 0.12982 3.97448 0.190735 0.569209 7.99688 0.12982 38.6762 0.239667 3.1656 0.279611
23001.00 1327.68 100.138999 44.6479 0.12982 3.97448 0.190735 0.569209 7.99688 0.12982 38.6762 0.239667 3.1656 0.279611
22901.00 1327.42 100.138999 44.6479 0.12982 3.97448 0.190735 0.569209 7.99688 0.12982 38.6762 0.239667 3.1656 0.279611
22801.00 1327.17 100.138999 44.6479 0.12982 3.97448 0.190735 0.569209 7.99688 0.12982 38.6762 0.239667 3.1656 0.279611
22701.00 1326.91 100.138999 44.6479 0.12982 3.97448 0.190735 0.569209 7.99688 0.12982 38.6762 0.239667 3.1656 0.279611
22601.00 1326.65 100.138999 44.6479 0.12982 3.97448 0.190735 0.569209 7.99688 0.12982 38.6762 0.239667 3.1656 0.279611
22501.00 1326.39 100.138999 44.6479 0.12982 3.97448 0.190735 0.569209 7.99688 0.12982 38.6762 0.239667 3.1656 0.279611
22401.00 1326.12 100.138999 44.6479 0.12982 3.97448 0.190735 0.569209 7.99688 0.12982 38.6762 0.239667 3.1656 0.279611
22301.00 1325.86 100.138999 44.6479 0.12982 3.97448 0.190735 0.569209 7.99688 0.12982 38.6762 0.239667 3.1656 0.279611
22201.00 1325.60 100.138999 44.6479 0.12982 3.97448 0.190735 0.569209 7.99688 0.12982 38.6762 0.239667 3.1656 0.279611
22101.00 1325.33 100.138999 44.6479 0.12982 3.97448 0.190735 0.569209 7.99688 0.12982 38.6762 0.239667 3.1656 0.279611
22001.00 1325.06 100.138999 44.6479 0.12982 3.97448 0.190735 0.569209 7.99688 0.12982 38.6762 0.239667 3.1656 0.279611
21901.00 1324.79 100.138999 44.6479 0.12982 3.97448 0.190735 0.569209 7.99688 0.12982 38.6762 0.239667 3.1656 0.279611
21801.00 1324.52 100.138999 44.6479 0.12982 3.97448 0.190735 0.569209 7.99688 0.12982 38.6762 0.239667 3.1656 0.279611
21701.00 1324.25 100.138999 44.6479 0.12982 3.97448 0.190735 0.569209 7.99688 0.12982 38.6762 0.239667 3.1656 0.279611
21601.00 1323.97 100.138999 44.6479 0.12982 3.97448 0.190735 0.569209 7.99688 0.12982 38.6762 0.239667 3.1656 0.279611
21501.00 1323.70 100.138999 44.6479 0.12982 3.97448 0.190735 0.569209 7.99688 0.12982 38.6762 0.239667 3.1656 0.279611
21401.00 1323.42 100.138999 44.6479 0.12982 3.97448 0.190735 0.569209 7.99688 0.12982 38.6762 0.239667 3.1656 0.279611
21301.00 1323.14 100.138999 44.6479 0.12982 3.97448 0.190735 0.569209 7.99688 0.12982 38.6762 0.239667 3.1656 0.279611
21201.00 1322.86 100.138999 44.6479 0.12982 3.97448 0.190735 0.569209 7.99688 0.12982 38.6762 0.239667 3.1656 0.279611
21101.00 1322.57 100.138999 44.6479 0.12982 3.97448 0.190735 0.569209 7.99688 0.12982 38.6762 0.239667 3.1656 0.279611
21001.00 1322.29 100.138999 44.6479 0.12982 3.97448 0.190735 0.569209 7.99688 0.12982 38.6762 0.239667 3.1656 0.279611
20901.00 1322.00 100.138999 44.6479 0.12982 3.97448 0.190735 0.569209 7.99688 0.12982 38.6762 0.239667 3.1656 0.279611
20801.00 1321.71 100.138999 44.6479 0.12982 3.97448 0.190735 0.569209 7.99688 0.12982 38.6762 0.239667 3.1656 0.279611
20701.00 1321.42 100.138999 44.6479 0.12982 3.97448 0.190735 0.569209 7.99688 0.12982 38.6762 0.239667 3.1656 0.279611
20601.00 1321.12 100.138999 44.6479 0.12982 3.97448 0.190735 0.569209 7.99688 0.12982 38.6762 0.239667 3.1656 0.279611
20501.00 1320.82 100.138999 44.6479 0.12982 3.97448 0.190735 0.569209 7.99688 0.12982 38.6762 0.239667 3.1656 0.279611
20401.00 1320.52 100.138999 44.6479 0.12982 3.97448 0.190735 0.569209 7.99688 0.12982 38.6762 0.239667 3.1656 0.279611
20301.00 1320.22 100.138999 44.6479 0.12982 3.97448 0.190735 0.569209 7.99688 0.12982 38.6762 0.239667 3.1656 0.279611
20201.00 1319.92 100.138999 44.6479 0.12982 3.97448 0.190735 0.569209 7.99688 0.12982 38.6762 0.239667 3.1656 0.279611
20101.00 1319.61 100.138999 44.6479 0.12982 3.97448 0.190735 0.569209 7.99688 0.12982 38.6762 0.239667 3.1656 0.279611
20001.00 1319.30 100.138999 44.6479 0.12982 3.97448 0.190735 0.569209 7.99688 0.12982 38.6762 0.239667 3.1656 0.279611
19901.00 1318.98 100.138999 44.6479 0.12982 3.97448 0.190735 0.569209 7.99688 0.12982 38.6762 0.239667 3.1656 0.279611
19801.00 1318.66 100.138999 44.6479 0.12982 3.97448 0.190735 0.569209 7.99688 0.12982 38.6762 0.239667 3.1656 0.279611
19701.00 1318.34 100.138999 44.6479 0.12982 3.97448 0.190735 0.569209 7.99688 0.12982 38.6762 0.239667 3.1656 0.279611
19601.00 1318.07 100.138999 44.6479 0.12982 3.97448 0.190735 0.569209 7.99688 0.12982 38.6762 0.239667 3.1656 0.279611
19501.00 1317.88 100.138999 44.6479 0.12982 3.97448 0.190735 0.569209 7.99688 0.12982 38.6762 0.239667 3.1656 0.279611
19401.00 1317.69 100.138999 44.6479 0.12982 3.97448 0.190735 0.569209 7.99688 0.12982 38.6762 0.239667 3.1656 0.279611
19301.00 1317.50 100.138999 44.6479 0.12982 3.97448 0.190735 0.569209 7.99688 0.12982 38.6762 0.239667 3.1656 0.279611
19201.00 1317.31 100.138999 44.6479 0.12982 3.97448 0.190735 0.569209 7.99688 0.12982 38.6762 0.239667 3.1656 0.279611
19101.00 1317.12 100.138999 44.6479 0.12982 3.97448 0.190735 0.569209 7.99688 0.12982 38.6762 0.239667 3.1656 0.279611
19001.00 1316.93 100.138999 44.6479 0.12982 3.97448 0.190735 0.569209 7.99688 0.12982 38.6762 0.239667 3.1656 0.279611
18901.00 1316.74 100.138999 44.6479 0.12982 3.97448 0.190735 0.569209 7.99688 0.12982 38.6762 0.239667 3.1656 0.279611
18801.00 1316.55 100.138999 44.6479 0.12982 3.97448 0.190735 0.569209 7.99688 0.12982 38.6762 0.239667 3.1656 0.279611
18701.00 1316.36 100.138999 44.6479 0.12982 3.97448 0.190735 0.569209 7.99688 0.12982 38.6762 0.239667 3.1656 0.279611
18601.00 1316.16 100.138999 44.6479 0.12982 3.97448 0.190735 0.569209 7.99688 0.12982 38.6762 0.239667 3.1656 0.279611
18501.00 1315.97 100.138999 44.6479 0.12982 3.97448 0.190735 0.569209 7.99688 0.12982 38.6762 0.239667 3.1656 0.279611
18401.00 1315.78 100.138999 44.6479 0.12982 3.97448 0.190735 0.569209 7.99688 0.12982 38.6762 0.239667 3.1656 0.279611
18301.00 1315.59 100.138999 44.6479 0.12982 3.97448 0.190735 0.569209 7.99688 0.12982 38.6762 0.239667 3.1656 0.279611
18201.00 1315.40 100.138999 44.6479 0.12982 3.97448 0.190735 0.569209 7.99688 0.12982 38.6762 0.239667 3.1656 0.279611
18101.00 1315.21 100.138999 44.6479 0.12982 3.97448 0.190735 0.569209 7.99688 0.12982 38.6762 0.239667 3.1656 0.279611
18001.00 1315.02 100.138999 44.6479 0.12982 3.97448 0.190735 0.569209 7.99688 0.12982 38.6762 0.239667 3.1656 0.279611
17901.00 1314.83 100.138999 44.6479 0.12982 3.97448 0.190735 0.569209 7.99688 0.12982 38.6762 0.239667 3.1656 0.279611
17801.00 1314.64 100.138999 44.6479 0.12982 3.97448 0.190735 0.569209 7.99688 0.12982 38.6762 0.239667 3.1656 0.279611
17701.00 1314.45 100.138999 44.6479 0.12982 3.97448 0.190735 0.569209 7.99688 0.12982 38.6762 0.239667 3.1656 0.279611
17601.00 1314.26 100.138999 44.6479 0.12982 3.97448 0.190735 0.569209 7.99688 0.12982 38.6762 0.239667 3.1656 0.279611
17501.00 1314.07 100.138999 44.6479 0.12982 3.97448 0.190735 0.569209 7.99688 0.12982 38.6762 0.239667 3.1656 0.279611
17401.00 1313.88 100.138999 44.6479 0.12982 3.97448 0.190735 0.569209 7.99688 0.12982 38.6762 0.239667 3.1656 0.279611
17301.00 1313.68 100.138999 44.6479 0.12982 3.97448 0.190735 0.569209 7.99688 0.12982 38.6762 0.239667 3.1656 0.279611
17201.00 1313.49 100.138999 44.6479 0.12982 3.97448 0.190735 0.569209 7.99688 0.12982 38.6762 0.239667 3.1656 0.279611
17101.00 1313.30 100.138999 44.6479 0.12982 3.97448 0.190735 0.569209 7.99688 0.12982 38.6762 0.239667 3.1656 0.279611
17001.00 1313.11 100.138999 44.6479 0.12982 3.97448 0.190735 0.569209 7.99688 0.12982 38.6762 0.239667 3.1656 0.279611
16901.00 1312.92 100.138999 44.6479 0.12982 3.97448 0.190735 0.569209 7.99688 0.12982 38.6762 0.239667 3.1656 0.279611
16801.00 1312.73 100.138999 44.6479 0.12982 3.97448 0.190735 0.569209 7.99688 0.12982 38.6762 0.239667 3.1656 0.279611
16701.00 1312.54 100.138999 44.6479 0.12982 3.97448 0.190735 0.569209 7.99688 0.12982 38.6762 0.239667 3.1656 0.279611
16601.00 1312.35 100.138999 44.6479 0.12982 3.97448 0.190735 0.569209 7.99688 0.12982 38.6762 0.239667 3.1656 0.279611
16501.00 1312.16 100.138999 44.6479 0.12982 3.97448 0.190735 0.569209 7.99688 0.12982 38.6762 0.239667 3.1656 0.279611
16401.00 1311.97 100.138999 44.6479 0.12982 3.97448 0.190735 0.569209 7.99688 0.12982 38.6762 0.239667 3.1656 0.279611
16301.00 1311.77 100.138999 44.6479 0.12982 3.97448 0.190735 0.569209 7.99688 0.12982 38.6762 0.239667 3.1656 0.279611
16201.00 1311.58 100.138999 44.6479 0.12982 3.97448 0.190735 0.569209 7.99688 0.12982 38.6762 0.239667 3.1656 0.279611
16101.00 1311.39 100.138999 44.6479 0.12982 3.97448 0.190735 0.569209 7.99688 0.12982 38.6762 0.239667 3.1656 0.279611
16001.00 1311.20 100.138999 44.6479 0.12982 3.97448 0.190735 0.569209 7.99688 0.12982 38.6762 0.239667 3.1656 0.279611
15901.00 1311.01 100.138999 44.6479 0.12982 3.97448 0.190735 0.569209 7.99688 0.12982 38.6762 0.239667 3.1656 0.279611
15801.00 1310.82 100.138999 44.6479 0.12982 3.97448 0.190735 0.569209 7.99688 0.12982 38.6762 0.239667 3.1656 0.279611
15701.00 1310.63 100.138999 44.6479 0.12982 3.97448 0.190735 0.569209 7.99688 0.12982 38.6762 0.239667 3.1656 0.279611
15601.00 1310.44 100.138999 44.6479 0.12982 3.97448 0.190735 0.569209 7.99688 0.12982 38.6762 0.239667 3.1656 0.279611
15501.00 1310.25 100.138999 44.6479 0.12982 3.97448 0.190735 0.569209 7.99688 0.12982 38.6762 0.239667 3.1656 0.279611
15401.00 1310.05 100.138999 44.6479 0.12982 3.97448 0.190735 0.569209 7.99688 0.12982 38.6762 0.239667 3.1656 0.279611
15301.00 1309.86 100.138999 44.6479 0.12982 3.97448 0.190735 0.569209 7.99688 0.12982 38.6762 0.239667 3.1656 0.279611
15201.00 1309.67 100.138999 44.6479 0.12982 3.97448 0.190735 0.569209 7.99688 0.12982 38.6762 0.239667 3.1656 0.279611
15101.00 1309.48 100.138999 44.6479 0.12982 3.97448 0.190735 0.569209 7.99688 0.12982 38.6762 0.239667 3.1656 0.279611
15001.00 1309.29 100.138999 44.6479 0.12982 3.97448 0.190735 0.569209 7.99688 0.12982 38.6762 0.239667 3.1656 0.279611
14901.00 1309.10 100.138999 44.6479 0.12982 3.97448 0.190735 0.569209 7.99688 0.12982 38.6762 0.239667 3.1656 0.279611
14801.00 1308.91 100.138999 44.6479 0.12982 3.97448 0.190735 0.569209 7.99688 0.12982 38.6762 0.239667 3.1656 0.279611
14701.00 1308.72 100.138999 44.6479 0.12982 3.97448 0.190735 0.569209 7.99688 0.12982 38.6762 0.239667 3.1656 0.279611
14601.00 1308.52 100.138999 44.6479 0.12982 3.97448 0.190735 0.569209 7.99688 0.12982 38.6762 0.239667 3.1656 0.279611
14501.00 1308.33 100.138999 44.6479 0.12982 3.97448 0.190735 0.569209 7.99688 0.12982 38.6762 0.239667 3.1656 0.279611
14401.00 1308.14 100.138999 44.6479 0.12982 3.97448 0.190735 0.569209 7.99688 0.12982 38.6762 0.239667 3.1656 0.279611
14301.00 1307.95 100.138999 44.6479 0.12982 3.97448 0.190735 0.569209 7.99688 0.12982 38.6762 0.239667 3.1656 0.279611
14201.00 1307.69 100.121468 44.6469 0.129718 3.97206 0.19075 0.569256 7.99735 0.129839 38.6813 0.239707 3.16534 0.277778
14101.00 1307.35 100.084684 44.6446 0.129504 3.96699 0.190781 0.569357 7.99834 0.129879 38.692 0.239791 3.16476 0.273984
14001.00 1307.01 100.047312 44.6423 0.129288 3.96182 0.190811 0.569464 7.99936 0.129921 38.7028 0.239876 3.16414 0.270202
13901.00 1306.67 100.009330 44.6399 0.129068 3.95655 0.190841 0.569575 8.00039 0.129963 38.7138 0.239964 3.16347 0.266432
13801.00 1306.33 99.970715 44.6374 0.128845 3.95118 0.19087 0.569691 8.00145 0.130006 38.725 0.240052 3.16274 0.262674
13701.00 1305.99 99.931444 44.6349 0.128619 3.94571 0.190899 0.569812 8.00254 0.13005 38.7365 0.240143 3.16196 0.258928
13601.00 1305.64 99.891492 44.6322 0.12839 3.94013 0.190927 0.569939 8.00365 0.130095 38.7481 0.240235 3.16112 0.255194
13501.00 1305.30 99.850833 44.6295 0.128156 3.93444 0.190954 0.570071 8.00479 0.130141 38.7599 0.240329 3.16022 0.251473
13401.00 1304.95 99.809439 44.6267 0.127919 3.92863 0.19098 0.570208 8.00595 0.130188 38.772 0.240425 3.15926 0.247765
13301.00 1304.60 99.767284 44.6238 0.127678 3.92271 0.191006 0.570351 8.00714 0.130237 38.7843 0.240522 3.15823 0.244069
13201.00 1304.25 99.724336 44.6208 0.127432 3.91666 0.19103 0.5705 8.00836 0.130286 38.7968 0.240622 3.15714 0.240386
13101.00 1303.89 99.680564 44.6177 0.127182 3.91048 0.191053 0.570655 8.00961 0.130337 38.8096 0.240724 3.15597 0.236716
13001.00 1303.53 99.635936 44.6144 0.126927 3.90417 0.191076 0.570817 8.01089 0.130388 38.8227 0.240828 3.15472 0.233059
12901.00 1303.17 99.590418 44.6111 0.126666 3.89772 0.191097 0.570984 8.0122 0.130441 38.836 0.240935 3.1534 0.229415
12801.00 1302.81 99.543973 44.6077 0.126401 3.89113 0.191116 0.571159 8.01355 0.130496 38.8496 0.241043 3.15199 0.225784
12701.00 1302.45 99.496563 44.6042 0.12613 3.8844 0.191135 0.57134 8.01492 0.130551 38.8635 0.241155 3.1505 0.222167
12601.00 1302.08 99.448149 44.6006 0.125853 3.8775 0.191151 0.571527 8.01634 0.130608 38.8777 0.241268 3.14891 0.218563
12501.00 1301.71 99.398689 44.5968 0.12557 3.87045 0.191166 0.571723 8.01778 0.130667 38.8922 0.241385 3.14723 0.214973
12401.00 1301.34 99.348139 44.593 0.125281 3.86323 0.19118 0.571925 8.01927 0.130727 38.9071 0.241504 3.14545 0.211397
12301.00 1300.96 99.296452 44.589 0.124985 3.85584 0.191191 0.572136 8.02079 0.130788 38.9223 0.241626 3.14356 0.207834
12201.00 1300.58 99.243581 44.5848 0.124681 3.84827 0.1912 0.572354 8.02235 0.130852 38.9379 0.241751 3.14156 0.204286
12101.00 1300.20 99.189474 44.5806 0.12437 3.84051 0.191207 0.57258 8.02395 0.130917 38.9538 0.24188 3.13944 0.200752
12001.00 1299.81 99.134078 44.5762 0.124052 3.83255 0.191212 0.572815 8.0256 0.130983 38.9701 0.242011 3.1372 0.197232
11901.00 1299.42 99.077384 44.5717 0.123725 3.8244 0.191214 0.573059 8.02728 0.131052 38.9869 0.242146 3.13483 0.193727
11801.00 1299.03 99.020060 44.5671 0.123394 3.81615 0.191214 0.573307 8.02899 0.131121 39.0038 0.242283 3.13239 0.190237
11701.00 1298.64 98.962084 44.5624 0.123059 3.80779 0.191213 0.57356 8.03071 0.131192 39.021 0.242421 3.12988 0.186761
11601.00 1298.24 98.903435 44.5577 0.122719 3.79933 0.191209 0.573817 8.03246 0.131263 39.0383 0.242562 3.12729 0.183301
11501.00 1297.84 98.844092 44.5529 0.122373 3.79077 0.191204 0.574079 8.03423 0.131336 39.0559 0.242704 3.12461 0.179855
11401.00 1297.45 98.784031 44.5481 0.122023 3.78209 0.191196 0.574346 8.03602 0.131409 39.0737 0.242848 3.12185 0.176425
11301.00 1297.04 98.723228 44.5431 0.121668 3.7733 0.191186 0.574618 8.03783 0.131484 39.0918 0.242994 3.11901 0.17301
11201.00 1296.64 98.661656 44.5381 0.121307 3.76438 0.191174 0.574895 8.03967 0.13156 39.1101 0.243142 3.11607 0.16961
11101.00 1296.24 98.599291 44.533 0.12094 3.75535 0.191159 0.575178 8.04153 0.131636 39.1286 0.243292 3.11304 0.166225
11001.00 1295.83 98.536102 44.5279 0.120567 3.74618 0.191142 0.575466 8.04341 0.131715 39.1474 0.243445 3.10991 0.162857
10901.00 1295.42 98.472062 44.5226 0.120188 3.73689 0.191121 0.575759 8.04532 0.131794 39.1665 0.2436 3.10668 0.159504
10801.00 1295.01 98.407139 44.5173 0.119803 3.72745 0.191098 0.576059 8.04725 0.131874 39.1859 0.243757 3.10334 0.156167
10701.00 1294.59 98.341301 44.5119 0.119411 3.71788 0.191072 0.576365 8.04922 0.131956 39.2055 0.243916 3.0999 0.152845
10601.00 1294.18 98.274515 44.5064 0.119012 3.70816 0.191042 0.576677 8.0512 0.13204 39.2255 0.244079 3.09634 0.14954
10501.00 1293.76 98.206743 44.5008 0.118606 3.69828 0.19101 0.576996 8.05322 0.132124 39.2458 0.244244 3.09267 0.146252
10401.00 1293.33 98.137949 44.4951 0.118192 3.68825 0.190973 0.577321 8.05527 0.13221 39.2664 0.244411 3.08887 0.142979
10301.00 1292.91 98.068094 44.4894 0.117771 3.67806 0.190933 0.577653 8.05735 0.132298 39.2873 0.244582 3.08494 0.139724
10201.00 1292.48 97.997135 44.4835 0.117341 3.66769 0.190888 0.577993 8.05946 0.132387 39.3086 0.244755 3.08088 0.136485
10101.00 1292.05 97.925030 44.4775 0.116903 3.65715 0.19084 0.57834 8.0616 0.132478 39.3303 0.244932 3.07668 0.133263
10001.00 1291.61 97.851732 44.4714 0.116456 3.64642 0.190787 0.578694 8.06377 0.132571 39.3523 0.245112 3.07234 0.130058
9901.00 1291.17 97.777194 44.4652 0.116 3.6355 0.190729 0.579057 8.06598 0.132666 39.3748 0.245295 3.06784 0.12687
9801.00 1290.73 97.701363 44.4589 0.115534 3.62438 0.190666 0.579428 8.06823 0.132762 39.3977 0.245482 3.06319 0.1237
9701.00 1290.28 97.624186 44.4525 0.115057 3.61306 0.190598 0.579808 8.07052 0.13286 39.421 0.245672 3.05837 0.120547
9601.00 1289.83 97.545607 44.446 0.114571 3.60152 0.190524 0.580197 8.07284 0.132961 39.4447 0.245867 3.05338 0.117413
9501.00 1289.38 97.465565 44.4393 0.114073 3.58975 0.190444 0.580595 8.07521 0.133063 39.469 0.246065 3.04821 0.114297
9401.00 1288.92 97.383997 44.4325 0.113564 3.57774 0.190358 0.581003 8.07762 0.133168 39.4937 0.246267 3.04285 0.111199
9301.00 1288.46 97.300837 44.4256 0.113043 3.56549 0.190266 0.581421 8.08008 0.133275 39.519 0.246474 3.03729 0.10812
9201.00 1287.99 97.216013 44.4185 0.112509 3.55299 0.190166 0.58185 8.08258 0.133384 39.5448 0.246685 3.03153 0.105061
9101.00 1287.52 97.129452 44.4113 0.111962 3.54021 0.190059 0.582289 8.08514 0.133496 39.5711 0.246901 3.02555 0.10202
9001.00 1287.04 97.041073 44.4039 0.111401 3.52715 0.189943 0.582741 8.08774 0.133611 39.5981 0.247122 3.01935 0.0989997
8901.00 1286.56 96.950793 44.3963 0.110826 3.5138 0.18982 0.583204 8.0904 0.133729 39.6257 0.247349 3.0129 0.0959993
8801.00 1286.07 96.858524 44.3886 0.110235 3.50013 0.189687 0.583681 8.09311 0.133849 39.6539 0.247581 3.00621 0.0930195
8701.00 1285.57 96.764171 44.3807 0.109629 3.48614 0.189545 0.58417 8.09589 0.133972 39.6828 0.247818 2.99925 0.0900608
8601.00 1285.07 96.667635 44.3726 0.109006 3.47182 0.189393 0.584673 8.09873 0.134099 39.7125 0.248062 2.99202 0.0871236
8501.00 1284.56 96.568809 44.3644 0.108365 3.45713 0.18923 0.585191 8.10163 0.134229 39.7429 0.248312 2.98449 0.0842086
8401.00 1284.05 96.467582 44.3559 0.107707 3.44207 0.189056 0.585725 8.10461 0.134362 39.7741 0.248568 2.97666 0.0813161
8301.00 1283.53 96.363833 44.3472 0.107029 3.42662 0.188869 0.586274 8.10765 0.1345 39.8061 0.248832 2.96851 0.078447
8201.00 1283.00 96.257436 44.3383 0.106331 3.41075 0.18867 0.58684 8.11078 0.134641 39.839 0.249103 2.96002 0.0756019
8101.00 1282.46 96.148256 44.3291 0.105612 3.39444 0.188457 0.587424 8.11399 0.134786 39.8729 0.249381 2.95117 0.0727816
8001.00 1281.91 96.036148 44.3197 0.10487 3.37767 0.188229 0.588026 8.11728 0.134936 39.9077 0.249668 2.94195 0.0699868
7901.00 1281.36 95.920961 44.31 0.104105 3.36041 0.187986 0.588648 8.12067 0.13509 39.9436 0.249964 2.93232 0.0672184
7801.00 1280.79 95.802531 44.3001 0.103316 3.34265 0.187726 0.589291 8.12415 0.135249 39.9806 0.250269 2.92227 0.0644774
7701.00 1280.22 95.680683 44.2898 0.1025 3.32434 0.187448 0.589956 8.12773 0.135413 40.0187 0.250583 2.91178 0.061765
7601.00 1279.64 95.555234 44.2792 0.101658 3.30545 0.187151 0.590643 8.13143 0.135583 40.0581 0.250907 2.90081 0.0590821
7501.00 1279.04 95.425985 44.2683 0.100787 3.28596 0.186834 0.591355 8.13524 0.135759 40.0987 0.251243 2.88934 0.0564301
7401.00 1278.43 95.292725 44.2571 0.0998854 3.26583 0.186496 0.592093 8.13918 0.13594 40.1408 0.25159 2.87734 0.0538103
7301.00 1277.81 95.155229 44.2454 0.0989523 3.24502 0.186135 0.592858 8.14325 0.136128 40.1843 0.251949 2.86478 0.0512242
7201.00 1277.18 95.013258 44.2334 0.0979859 3.22349 0.185749 0.593652 8.14746 0.136323 40.2293 0.25232 2.85162 0.0486734
7101.00 1276.53 94.866555 44.221 0.0969842 3.20119 0.185336 0.594477 8.15182 0.136525 40.276 0.252706 2.83782 0.0461596
7001.00 1275.87 94.714846 44.208 0.0959455 3.17808 0.184896 0.595334 8.15635 0.136734 40.3245 0.253106 2.82335 0.0436848
6901.00 1275.20 94.557840 44.1946 0.0948678 3.15411 0.184426 0.596226 8.16104 0.136952 40.3748 0.253521 2.80816 0.0412509
6801.00 1274.51 94.395225 44.1807 0.093749 3.12922 0.183923 0.597155 8.16593 0.137179 40.4271 0.253952 2.7922 0.0388601
6701.00 1273.80 94.226672 44.1662 0.092587 3.10336 0.183386 0.598122 8.17101 0.137414 40.4815 0.254402 2.77543 0.036515
6601.00 1273.07 94.051828 44.1512 0.0913795 3.07645 0.182813 0.599131 8.1763 0.13766 40.5382 0.254869 2.75779 0.0342179
6501.00 1272.32 93.870319 44.1355 0.0901241 3.04844 0.1822 0.600184 8.18183 0.137916 40.5973 0.255357 2.73923 0.0319716
6401.00 1271.55 93.681750 44.1191 0.0888186 3.01926 0.181544 0.601284 8.1876 0.138184 40.6589 0.255865 2.71967 0.0297791
6301.00 1270.76 93.485705 44.102 0.0874603 2.98882 0.180844 0.602434 8.19363 0.138463 40.7233 0.256396 2.69907 0.0276435
6201.00 1269.95 93.281744 44.084 0.0860467 2.95704 0.180095 0.603637 8.19996 0.138755 40.7906 0.256951 2.67734 0.025568
6101.00 1269.11 93.069410 44.0653 0.0845754 2.92384 0.179295 0.604896 8.20659 0.13906 40.861 0.257531 2.65442 0.0235562
6001.00 1268.25 92.848226 44.0456 0.0830438 2.88914 0.178439 0.606216 8.21355 0.13938 40.9347 0.258138 2.63022 0.0216117
5901.00 1267.35 92.617705 44.0249 0.0814495 2.85282 0.177525 0.6076 8.22087 0.139715 41.0119 0.258775 2.60467 0.0197382
5801.00 1266.43 92.377347 44.0032 0.07979 2.8148 0.176548 0.609051 8.22858 0.140067 41.0929 0.259441 2.57767 0.0179396
5701.00 1265.48 92.126654 43.9804 0.0780634 2.77497 0.175505 0.610575 8.23669 0.140436 41.1778 0.260141 2.54915 0.0162197
5601.00 1264.50 91.865135 43.9563 0.0762678 2.73323 0.17439 0.612174 8.24526 0.140823 41.267 0.260875 2.51902 0.0145824
5501.00 1263.48 91.592322 43.931 0.0744018 2.68948 0.173201 0.613853 8.25429 0.141229 41.3607 0.261645 2.48717 0.0130315
5401.00 1262.43 91.307785 43.9043 0.0724646 2.64363 0.171934 0.615616 8.26384 0.141656 41.4591 0.262453 2.45354 0.0115706
5301.00 1261.34 91.011151 43.876 0.070456 2.59556 0.170583 0.617466 8.27392 0.142104 41.5623 0.263301 2.41803 0.0102027
5201.00 1260.22 90.702128 43.8463 0.0683768 2.54522 0.169147 0.619407 8.28458 0.142574 41.6707 0.26419 2.38058 0.0089307
5101.00 1259.06 90.380535 43.8149 0.0662287 2.49252 0.167622 0.621441 8.29584 0.143067 41.7844 0.265123 2.34111 0.00775661
5001.00 1257.86 90.046329 43.7817 0.0640149 2.43743 0.166006 0.623571 8.30773 0.143583 41.9036 0.266099 2.2996 0.00668178
4901.00 1256.62 89.699636 43.7468 0.0617398 2.37993 0.164298 0.625796 8.32027 0.144123 42.0282 0.267119 2.25601 0.00570654
4801.00 1255.34 89.340786 43.71 0.0594094 2.32002 0.162497 0.628118 8.33349 0.144686 42.1584 0.268184 2.21035 0.00483019
4701.00 1254.03 88.970333 43.6714 0.0570313 2.25777 0.160604 0.630533 8.34738 0.145273 42.294 0.269292 2.16264 0.00405079
4601.00 1252.69 88.589077 43.6309 0.0546149 2.19327 0.158621 0.633038 8.36196 0.145882 42.4349 0.270442 2.11297 0.00336519
4501.00 1251.31 88.198076 43.5885 0.052171 2.12667 0.156554 0.635628 8.3772 0.146512 42.5809 0.271632 2.06143 0.00276901
4401.00 1249.91 87.798632 43.5443 0.0497117 2.05815 0.154407 0.638295 8.3931 0.147162 42.7316 0.272859 2.00818 0.00225674
4301.00 1248.49 87.392276 43.4984 0.0472503 1.98795 0.152188 0.641031 8.4096 0.14783 42.8864 0.274119 1.95338 0.0018219
4201.00 1247.05 86.980732 43.4509 0.0448005 1.91637 0.149906 0.643825 8.42668 0.148512 43.0449 0.275407 1.89727 0.00145732
4101.00 1245.59 86.565865 43.4019 0.0423763 1.8437 0.147571 0.646666 8.44426 0.149207 43.2064 0.276718 1.84008 0.00115536
4001.00 1244.14 86.149628 43.3515 0.0399916 1.77031 0.145193 0.649539 8.46227 0.149912 43.3702 0.278047 1.78207 0.000908254
3901.00 1242.68 85.734001 43.3001 0.0376592 1.69654 0.142785 0.652432 8.48065 0.150622 43.5356 0.279386 1.72354 0.000708363
3801.00 1241.22 85.320930 43.2478 0.035391 1.62277 0.140359 0.655331 8.4993 0.151335 43.7017 0.28073 1.66476 0.000548445
3701.00 1239.78 84.912280 43.1947 0.0331976 1.54936 0.137927 0.658223 8.51814 0.152047 43.8679 0.282072 1.60602 0.000421827
3601.00 1238.36 84.509792 43.1412 0.0310877 1.47666 0.1355 0.661093 8.53709 0.152755 44.0333 0.283408 1.54758 0.000322536
3501.00 1236.95 84.115052 43.0875 0.0290686 1.40499 0.133089 0.663931 8.55604 0.153457 44.1973 0.28473 1.48972 0.000245354
3401.00 1235.58 83.729468 43.0337 0.0271457 1.33467 0.130707 0.666724 8.57493 0.154148 44.3591 0.286033 1.43266 0.000185832
3301.00 1234.23 83.354264 42.9801 0.0253227 1.26597 0.128361 0.669463 8.59366 0.154828 44.5182 0.287313 1.37664 0.000140251
3201.00 1232.92 82.990475 42.9269 0.023602 1.19914 0.126062 0.672138 8.61215 0.155492 44.674 0.288565 1.32184 0.000105558
3101.00 1231.64 82.638947 42.8743 0.0219841 1.13438 0.123817 0.674741 8.63035 0.15614 44.826 0.289785 1.26844 7.92886e-005
3001.00 1230.41 82.300345 42.8224 0.0204688 1.07187 0.121632 0.677266 8.64818 0.156769 44.9738 0.290971 1.21658 5.94837e-005
2901.00 1229.21 81.975157 42.7714 0.0190543 1.01176 0.119514 0.679706 8.6656 0.157378 45.1171 0.292118 1.16638 4.46034e-005
2801.00 1228.05 81.663710 42.7214 0.0177381 0.954162 0.117468 0.682059 8.68254 0.157966 45.2554 0.293226 1.11794 3.34517e-005
2701.00 1226.94 81.366174 42.6726 0.016517 0.899143 0.115497 0.68432 8.69897 0.158532 45.3887 0.294292 1.07133 2.51088e-005
2601.00 1225.87 81.082577 42.6251 0.0153869 0.846753 0.113603 0.686488 8.71486 0.159075 45.5168 0.295315 1.0266 1.8873e-005
2501.00 1224.84 80.812816 42.5789 0.0143434 0.797009 0.111789 0.688563 8.73019 0.159595 45.6395 0.296296 0.983783 1.42128e-005
2401.00 1223.85 80.556671 42.5341 0.0133817 0.749898 0.110055 0.690543 8.74493 0.160092 45.7569 0.297232 0.942874 1.07281e-005
2301.00 1222.90 80.313817 42.4907 0.0124969 0.705386 0.1084 0.69243 8.75908 0.160567 45.869 0.298126 0.903863 8.11933e-006
2201.00 1222.00 80.083844 42.4487 0.0116838 0.663415 0.106825 0.694226 8.77264 0.161018 45.9758 0.298977 0.866719 6.16266e-006
2101.00 1221.13 79.866269 42.4082 0.0109374 0.62391 0.105327 0.695934 8.78561 0.161448 46.0775 0.299787 0.831398 4.69166e-006
2001.00 1220.29 79.660553 42.3691 0.0102525 0.586781 0.103904 0.697556 8.798 0.161856 46.1741 0.300557 0.797842 3.58268e-006
1901.00 1219.50 79.466117 42.3314 0.00962441 0.551927 0.102554 0.699096 8.80982 0.162243 46.266 0.301288 0.765984 2.74398e-006
1801.00 1218.73 79.282359 42.2951 0.00904832 0.51924 0.101273 0.700557 8.82111 0.162611 46.3533 0.301982 0.735749 2.10749e-006
1701.00 1218.00 79.108660 42.2602 0.00851986 0.488604 0.100058 0.701945 8.83186 0.16296 46.4362 0.302641 0.707059 1.62271e-006
1601.00 1217.29 78.944405 42.2265 0.00803486 0.459906 0.0989054 0.703261 8.84212 0.163292 46.5149 0.303267 0.679831 1.25208e-006
1501.00 1216.76 78.824701 42.2008 0.00770364 0.439157 0.0980396 0.70422 8.84961 0.163534 46.5721 0.303724 0.66109 1.03442e-006
1401.00 1216.37 78.739467 42.1815 0.00748716 0.42448 0.0973925 0.704899 8.85495 0.163707 46.6125 0.304051 0.649098 9.0744e-007
1301.00 1215.98 78.655567 42.1621 0.0072783 0.410135 0.0967493 0.705568 8.86022 0.163878 46.6522 0.304373 0.637497 7.96372e-007
1201.00 1215.60 78.572954 42.1427 0.00707665 0.396115 0.0961098 0.706227 8.86541 0.164046 46.6913 0.304691 0.626274 6.99169e-007
1101.00 1215.21 78.491585 42.1233 0.00688186 0.382416 0.095474 0.706876 8.87055 0.164212 46.7299 0.305005 0.615414 6.14056e-007
1001.00 1214.84 78.411421 42.1039 0.00669359 0.369033 0.0948418 0.707516 8.87562 0.164375 46.7678 0.305314 0.604905 5.39494e-007
901.00 1214.46 78.332426 42.0844 0.00651154 0.355964 0.0942132 0.708148 8.88062 0.164537 46.8052 0.30562 0.594735 4.74145e-007
801.00 1214.09 78.254567 42.0649 0.00633543 0.343204 0.0935881 0.70877 8.88557 0.164696 46.8421 0.305922 0.584891 4.16846e-007
701.00 1213.72 78.177812 42.0454 0.00616501 0.330752 0.0929667 0.709385 8.89045 0.164854 46.8784 0.30622 0.575364 3.66586e-007
601.00 1213.35 78.103208 42.0802 0.00620617 0.331437 0.0929806 0.71005 8.89877 0.165011 46.9221 0.306512 0.577169 0
501.00 1212.99 78.028546 42.0606 0.00604657 0.3196 0.0923667 0.710649 8.90354 0.165164 46.9574 0.306804 0.568249 0
401.00 1212.62 77.954904 42.0411 0.00589197 0.308062 0.0917564 0.711239 8.90825 0.165316 46.9922 0.307091 0.559613 0
301.00 1212.26 77.882254 42.0215 0.00574218 0.296823 0.0911498 0.711823 8.9129 0.165466 47.0266 0.307375 0.551251 0
201.00 1211.90 77.810568 42.0019 0.005597 0.285879 0.0905468 0.712398 8.9175 0.165614 47.0605 0.307656 0.543153 0
101.00 1211.54 77.739818 41.9823 0.00545626 0.275229 0.0899476 0.712967 8.92204 0.16576 47.0939 0.307934 0.535311 0
1.00 1211.19 77.669974 41.9626 0.00531978 0.26487 0.089352 0.713529 8.92652 0.165904 47.1269 0.308209 0.527715 0