Title: Depleted MORB Mantle of Workmann & Hart 2005

System Thermodynamic Data:
Pressure Temperature mass F phi S H V Cp dVdP*10^6 dVdT*10^6 fO2(absolute) fO2(absolute) rhol rhos viscosity aH2O chisqr
44001.00 1373.20 100.138999 0.0000000000000000 0.000000 250.999004 -1155135.360568 30.144304 124.686130 -19.892534 1432.700626 -6.111 -6.111 0.000000 3.321987 0.000 0 0.000
43901.00 1372.99 100.138999 0.0000000000000000 0.000000 250.999004 -1155436.813261 30.146235 124.692712 -19.899589 1432.632673 -6.116 -6.116 0.000000 3.321775 0.000 0 0.000
43801.00 1372.79 100.138999 0.0000000000000000 0.000000 250.999004 -1155738.285284 30.148169 124.699294 -19.906650 1432.564877 -6.120 -6.120 0.000000 3.321561 0.000 0 0.000
43701.00 1372.59 100.138999 0.0000000000000000 0.000000 250.999004 -1156039.776659 30.150106 124.705877 -19.913715 1432.497240 -6.125 -6.125 0.000000 3.321348 0.000 0 0.000
43601.00 1372.38 100.138999 0.0000000000000000 0.000000 250.999004 -1156341.287409 30.152045 124.712460 -19.920786 1432.429763 -6.130 -6.130 0.000000 3.321135 0.000 0 0.000
43501.00 1372.18 100.138999 0.0000000000000000 0.000000 250.999004 -1156642.817557 30.153986 124.719043 -19.927862 1432.362447 -6.135 -6.135 0.000000 3.320921 0.000 0 0.000
43401.00 1371.97 100.138999 0.0000000000000000 0.000000 250.999004 -1156944.367128 30.155929 124.725627 -19.934942 1432.295293 -6.140 -6.140 0.000000 3.320707 0.000 0 0.000
43301.00 1371.77 100.138999 0.0000000000000000 0.000000 250.999004 -1157245.936144 30.157875 124.732212 -19.942029 1432.228304 -6.144 -6.144 0.000000 3.320493 0.000 0 0.000
43201.00 1371.56 100.138999 0.0000000000000000 0.000000 250.999004 -1157547.524628 30.159823 124.738796 -19.949120 1432.161479 -6.149 -6.149 0.000000 3.320278 0.000 0 0.000
43101.00 1371.36 100.138999 0.0000000000000000 0.000000 250.999004 -1157849.132605 30.161773 124.745382 -19.956217 1432.094822 -6.154 -6.154 0.000000 3.320063 0.000 0 0.000
43001.00 1371.15 100.138999 0.0000000000000000 0.000000 250.999004 -1158150.760098 30.163726 124.751967 -19.963319 1432.028332 -6.159 -6.159 0.000000 3.319848 0.000 0 0.000
42901.00 1370.95 100.138999 0.0000000000000000 0.000000 250.999004 -1158452.407132 30.165681 124.758554 -19.970427 1431.962012 -6.164 -6.164 0.000000 3.319633 0.000 0 0.000
42801.00 1370.74 100.138999 0.0000000000000000 0.000000 250.999004 -1158754.073731 30.167639 124.765141 -19.977540 1431.895864 -6.169 -6.169 0.000000 3.319418 0.000 0 0.000
42701.00 1370.54 100.138999 0.0000000000000000 0.000000 250.999004 -1159055.759918 30.169599 124.771728 -19.984658 1431.829888 -6.174 -6.174 0.000000 3.319202 0.000 0 0.000
42601.00 1370.34 100.138999 0.0000000000000000 0.000000 250.999004 -1159357.465720 30.171562 124.778316 -19.991782 1431.764086 -6.178 -6.178 0.000000 3.318986 0.000 0 0.000
42501.00 1370.13 100.138999 0.0000000000000000 0.000000 250.999004 -1159659.191160 30.173527 124.784905 -19.998912 1431.698460 -6.183 -6.183 0.000000 3.318770 0.000 0 0.000
42401.00 1369.93 100.138999 0.0000000000000000 0.000000 250.999004 -1159960.936263 30.175494 124.791494 -20.006048 1431.633012 -6.188 -6.188 0.000000 3.318554 0.000 0 0.000
42301.00 1369.72 100.138999 0.0000000000000000 0.000000 250.999004 -1160262.701055 30.177464 124.798084 -20.013189 1431.567742 -6.193 -6.193 0.000000 3.318337 0.000 0 0.000
42201.00 1369.52 100.138999 0.0000000000000000 0.000000 250.999004 -1160564.485560 30.179437 124.804675 -20.020336 1431.502653 -6.198 -6.198 0.000000 3.318120 0.000 0 0.000
42101.00 1369.31 100.138999 0.0000000000000000 0.000000 250.999004 -1160866.289805 30.181412 124.811266 -20.027489 1431.437746 -6.203 -6.203 0.000000 3.317903 0.000 0 0.000
42001.00 1369.11 100.138999 0.0000000000000000 0.000000 250.999004 -1161168.113815 30.183390 124.817858 -20.034648 1431.373023 -6.208 -6.208 0.000000 3.317686 0.000 0 0.000
41901.00 1368.90 100.138999 0.0000000000000000 0.000000 250.999004 -1161469.957615 30.185370 124.824451 -20.041812 1431.308486 -6.213 -6.213 0.000000 3.317468 0.000 0 0.000
41801.00 1368.70 100.138999 0.0000000000000000 0.000000 250.999004 -1161771.821232 30.187353 124.831045 -20.048983 1431.244136 -6.218 -6.218 0.000000 3.317250 0.000 0 0.000
41701.00 1368.49 100.138999 0.0000000000000000 0.000000 250.999004 -1162073.704691 30.189339 124.837640 -20.056160 1431.179975 -6.223 -6.223 0.000000 3.317032 0.000 0 0.000
41601.00 1368.29 100.138999 0.0000000000000000 0.000000 250.999004 -1162375.608020 30.191327 124.844235 -20.063343 1431.116004 -6.228 -6.228 0.000000 3.316813 0.000 0 0.000
41501.00 1368.08 100.138999 0.0000000000000000 0.000000 250.999004 -1162677.531245 30.193318 124.850831 -20.070532 1431.052226 -6.233 -6.233 0.000000 3.316595 0.000 0 0.000
41401.00 1367.88 100.138999 0.0000000000000000 0.000000 250.999004 -1162979.474392 30.195312 124.857429 -20.077728 1430.988643 -6.238 -6.238 0.000000 3.316376 0.000 0 0.000
41301.00 1367.67 100.138999 0.0000000000000000 0.000000 250.999004 -1163281.437489 30.197308 124.864027 -20.084929 1430.925255 -6.244 -6.244 0.000000 3.316156 0.000 0 0.000
41201.00 1367.47 100.138999 0.0000000000000000 0.000000 250.999004 -1163583.420562 30.199307 124.870626 -20.092138 1430.862066 -6.249 -6.249 0.000000 3.315937 0.000 0 0.000
41101.00 1367.26 100.138999 0.0000000000000000 0.000000 250.999004 -1163885.423640 30.201309 124.877227 -20.099352 1430.799077 -6.254 -6.254 0.000000 3.315717 0.000 0 0.000
41001.00 1367.05 100.138999 0.0000000000000000 0.000000 250.999004 -1164187.446750 30.203313 124.883828 -20.106573 1430.736289 -6.259 -6.259 0.000000 3.315497 0.000 0 0.000
40901.00 1366.85 100.138999 0.0000000000000000 0.000000 250.999004 -1164489.489919 30.205321 124.890430 -20.113801 1430.673706 -6.264 -6.264 0.000000 3.315277 0.000 0 0.000
40801.00 1366.64 100.138999 0.0000000000000000 0.000000 250.999004 -1164791.553175 30.207331 124.897034 -20.121035 1430.611328 -6.269 -6.269 0.000000 3.315056 0.000 0 0.000
40701.00 1366.44 100.138999 0.0000000000000000 0.000000 250.999004 -1165093.636548 30.209344 124.903639 -20.128276 1430.549158 -6.274 -6.274 0.000000 3.314835 0.000 0 0.000
40601.00 1366.23 100.138999 0.0000000000000000 0.000000 250.999004 -1165395.740065 30.211360 124.910244 -20.135524 1430.487198 -6.280 -6.280 0.000000 3.314614 0.000 0 0.000
40501.00 1366.03 100.138999 0.0000000000000000 0.000000 250.999004 -1165697.863754 30.213379 124.916852 -20.142779 1430.425449 -6.285 -6.285 0.000000 3.314393 0.000 0 0.000
40401.00 1365.82 100.138999 0.0000000000000000 0.000000 250.999004 -1166000.007646 30.215400 124.923460 -20.150040 1430.363915 -6.290 -6.290 0.000000 3.314171 0.000 0 0.000
40301.00 1365.62 100.138999 0.0000000000000000 0.000000 250.999004 -1166302.171769 30.217425 124.930070 -20.157309 1430.302597 -6.295 -6.295 0.000000 3.313949 0.000 0 0.000
40201.00 1365.41 100.138999 0.0000000000000000 0.000000 250.999004 -1166604.356153 30.219452 124.936681 -20.164584 1430.241498 -6.301 -6.301 0.000000 3.313726 0.000 0 0.000
40101.00 1365.20 100.138999 0.0000000000000000 0.000000 250.999004 -1166906.560826 30.221483 124.943293 -20.171867 1430.180619 -6.306 -6.306 0.000000 3.313504 0.000 0 0.000
40001.00 1365.00 100.138999 0.0000000000000000 0.000000 250.999004 -1167208.785820 30.223516 124.949907 -20.179157 1430.119962 -6.311 -6.311 0.000000 3.313281 0.000 0 0.000
39901.00 1364.79 100.138999 0.0000000000000000 0.000000 250.999004 -1167511.031164 30.225553 124.956522 -20.186454 1430.059531 -6.316 -6.316 0.000000 3.313058 0.000 0 0.000
39801.00 1364.59 100.138999 0.0000000000000000 0.000000 250.999004 -1167813.296888 30.227592 124.963138 -20.193758 1429.999327 -6.322 -6.322 0.000000 3.312834 0.000 0 0.000
39701.00 1364.38 100.138999 0.0000000000000000 0.000000 250.999004 -1168115.583024 30.229635 124.969757 -20.201070 1429.939353 -6.327 -6.327 0.000000 3.312610 0.000 0 0.000
39601.00 1364.17 100.138999 0.0000000000000000 0.000000 250.999004 -1168417.889602 30.231681 124.976376 -20.208389 1429.879610 -6.332 -6.332 0.000000 3.312386 0.000 0 0.000
39501.00 1363.97 100.138999 0.0000000000000000 0.000000 250.999004 -1168720.216653 30.233730 124.982998 -20.215716 1429.820103 -6.338 -6.338 0.000000 3.312162 0.000 0 0.000
39401.00 1363.76 100.138999 0.0000000000000000 0.000000 250.999004 -1169022.564209 30.235782 124.989620 -20.223051 1429.760832 -6.343 -6.343 0.000000 3.311937 0.000 0 0.000
39301.00 1363.56 100.138999 0.0000000000000000 0.000000 250.999004 -1169324.932301 30.237837 124.996245 -20.230393 1429.701800 -6.349 -6.349 0.000000 3.311712 0.000 0 0.000
39201.00 1363.35 100.138999 0.0000000000000000 0.000000 250.999004 -1169627.320962 30.239896 125.002871 -20.237743 1429.643011 -6.354 -6.354 0.000000 3.311486 0.000 0 0.000
39101.00 1363.14 100.138999 0.0000000000000000 0.000000 250.999004 -1169929.730223 30.241957 125.009500 -20.245101 1429.584466 -6.359 -6.359 0.000000 3.311261 0.000 0 0.000
39001.00 1362.94 100.138999 0.0000000000000000 0.000000 250.999004 -1170232.160117 30.244022 125.016129 -20.252467 1429.526168 -6.365 -6.365 0.000000 3.311034 0.000 0 0.000
38901.00 1362.73 100.138999 0.0000000000000000 0.000000 250.999004 -1170534.610678 30.246090 125.022761 -20.259841 1429.468121 -6.370 -6.370 0.000000 3.310808 0.000 0 0.000
38801.00 1362.52 100.138999 0.0000000000000000 0.000000 250.999004 -1170837.081937 30.248162 125.029395 -20.267224 1429.410325 -6.376 -6.376 0.000000 3.310581 0.000 0 0.000
38701.00 1362.32 100.138999 0.0000000000000000 0.000000 250.999004 -1171139.573929 30.250237 125.036030 -20.274614 1429.352785 -6.381 -6.381 0.000000 3.310354 0.000 0 0.000
38601.00 1362.11 100.138999 0.0000000000000000 0.000000 250.999004 -1171442.086688 30.252315 125.042668 -20.282013 1429.295503 -6.387 -6.387 0.000000 3.310127 0.000 0 0.000
38501.00 1361.90 100.138999 0.0000000000000000 0.000000 250.999004 -1171744.620246 30.254397 125.049308 -20.289420 1429.238482 -6.393 -6.393 0.000000 3.309899 0.000 0 0.000
38401.00 1361.70 100.138999 0.0000000000000000 0.000000 250.999004 -1172047.174640 30.256482 125.055949 -20.296836 1429.181725 -6.398 -6.398 0.000000 3.309671 0.000 0 0.000
38301.00 1361.49 100.138999 0.0000000000000000 0.000000 250.999004 -1172349.749902 30.258571 125.062593 -20.304260 1429.125234 -6.404 -6.404 0.000000 3.309442 0.000 0 0.000
38201.00 1361.28 100.138999 0.0000000000000000 0.000000 250.999004 -1172652.346069 30.260663 125.069239 -20.311693 1429.069013 -6.409 -6.409 0.000000 3.309214 0.000 0 0.000
38101.00 1361.08 100.138999 0.0000000000000000 0.000000 250.999004 -1172954.963176 30.262759 125.075888 -20.319135 1429.013065 -6.415 -6.415 0.000000 3.308984 0.000 0 0.000
38001.00 1360.87 100.138999 0.0000000000000000 0.000000 250.999004 -1173257.601258 30.264858 125.082538 -20.326586 1428.957393 -6.421 -6.421 0.000000 3.308755 0.000 0 0.000
37901.00 1360.66 100.138999 0.0000000000000000 0.000000 250.999004 -1173560.260351 30.266961 125.089191 -20.334046 1428.902000 -6.426 -6.426 0.000000 3.308525 0.000 0 0.000
37801.00 1360.46 100.138999 0.0000000000000000 0.000000 250.999004 -1173862.940492 30.269068 125.095846 -20.341515 1428.846889 -6.432 -6.432 0.000000 3.308295 0.000 0 0.000
37701.00 1360.25 100.138999 0.0000000000000000 0.000000 250.999004 -1174165.641717 30.271178 125.102504 -20.348993 1428.792064 -6.438 -6.438 0.000000 3.308064 0.000 0 0.000
37601.00 1360.04 100.138999 0.0000000000000000 0.000000 250.999004 -1174468.364064 30.273292 125.109164 -20.356480 1428.737527 -6.443 -6.443 0.000000 3.307833 0.000 0 0.000
37501.00 1359.83 100.138999 0.0000000000000000 0.000000 250.999004 -1174771.107569 30.275410 125.115827 -20.363977 1428.683282 -6.449 -6.449 0.000000 3.307602 0.000 0 0.000
37401.00 1359.63 100.138999 0.0000000000000000 0.000000 250.999004 -1175073.872271 30.277531 125.122493 -20.371483 1428.629334 -6.455 -6.455 0.000000 3.307370 0.000 0 0.000
37301.00 1359.42 100.138999 0.0000000000000000 0.000000 250.999004 -1175376.658208 30.279657 125.129161 -20.378999 1428.575684 -6.460 -6.460 0.000000 3.307138 0.000 0 0.000
37201.00 1359.21 100.138999 0.0000000000000000 0.000000 250.999004 -1175679.465418 30.281786 125.135832 -20.386525 1428.522336 -6.466 -6.466 0.000000 3.306905 0.000 0 0.000
37101.00 1359.00 100.138999 0.0000000000000000 0.000000 250.999004 -1175982.293940 30.283919 125.142505 -20.394060 1428.469295 -6.472 -6.472 0.000000 3.306672 0.000 0 0.000
37001.00 1358.80 100.138999 0.0000000000000000 0.000000 250.999004 -1176285.143814 30.286056 125.149182 -20.401606 1428.416564 -6.478 -6.478 0.000000 3.306439 0.000 0 0.000
36901.00 1358.59 100.138999 0.0000000000000000 0.000000 250.999004 -1176588.015079 30.288197 125.155862 -20.409162 1428.364147 -6.484 -6.484 0.000000 3.306205 0.000 0 0.000
36801.00 1358.38 100.138999 0.0000000000000000 0.000000 250.999004 -1176890.907776 30.290343 125.162544 -20.416728 1428.312047 -6.490 -6.490 0.000000 3.305971 0.000 0 0.000
36701.00 1358.17 100.138999 0.0000000000000000 0.000000 250.999004 -1177193.821945 30.292492 125.169230 -20.424304 1428.260269 -6.496 -6.496 0.000000 3.305737 0.000 0 0.000
36601.00 1357.96 100.138999 0.0000000000000000 0.000000 250.999004 -1177496.757627 30.294645 125.175918 -20.431891 1428.208815 -6.501 -6.501 0.000000 3.305502 0.000 0 0.000
36501.00 1357.76 100.138999 0.0000000000000000 0.000000 250.999004 -1177799.714863 30.296803 125.182610 -20.439488 1428.157692 -6.507 -6.507 0.000000 3.305266 0.000 0 0.000
36401.00 1357.55 100.138999 0.0000000000000000 0.000000 250.999004 -1178102.693696 30.298965 125.189306 -20.447096 1428.106901 -6.513 -6.513 0.000000 3.305030 0.000 0 0.000
36301.00 1357.34 100.138999 0.0000000000000000 0.000000 250.999004 -1178405.694167 30.301131 125.196004 -20.454715 1428.056449 -6.519 -6.519 0.000000 3.304794 0.000 0 0.000
36201.00 1357.13 100.138999 0.0000000000000000 0.000000 250.999004 -1178708.716320 30.303301 125.202706 -20.462344 1428.006338 -6.525 -6.525 0.000000 3.304557 0.000 0 0.000
36101.00 1356.92 100.138999 0.0000000000000000 0.000000 250.999004 -1179011.760198 30.305475 125.209412 -20.469985 1427.956574 -6.531 -6.531 0.000000 3.304320 0.000 0 0.000
36001.00 1356.71 100.138999 0.0000000000000000 0.000000 250.999004 -1179314.825845 30.307655 125.216121 -20.477637 1427.907160 -6.537 -6.537 0.000000 3.304083 0.000 0 0.000
35901.00 1356.51 100.138999 0.0000000000000000 0.000000 250.999004 -1179617.913304 30.309838 125.222833 -20.485301 1427.858102 -6.543 -6.543 0.000000 3.303845 0.000 0 0.000
35801.00 1356.30 100.138999 0.0000000000000000 0.000000 250.999004 -1179921.022620 30.312026 125.229550 -20.492976 1427.809403 -6.550 -6.550 0.000000 3.303606 0.000 0 0.000
35701.00 1356.09 100.138999 0.0000000000000000 0.000000 250.999004 -1180224.153839 30.314219 125.236270 -20.500663 1427.761069 -6.556 -6.556 0.000000 3.303367 0.000 0 0.000
35601.00 1355.88 100.138999 0.0000000000000000 0.000000 250.999004 -1180527.307007 30.316416 125.242994 -20.508361 1427.713104 -6.562 -6.562 0.000000 3.303128 0.000 0 0.000
35501.00 1355.67 100.138999 0.0000000000000000 0.000000 250.999004 -1180830.482169 30.318618 125.249723 -20.516072 1427.665514 -6.568 -6.568 0.000000 3.302888 0.000 0 0.000
35401.00 1355.46 100.138999 0.0000000000000000 0.000000 250.999004 -1181133.679373 30.320824 125.256455 -20.523795 1427.618302 -6.574 -6.574 0.000000 3.302648 0.000 0 0.000
35301.00 1355.25 100.138999 0.0000000000000000 0.000000 250.999004 -1181436.898665 30.323035 125.263191 -20.531530 1427.571475 -6.580 -6.580 0.000000 3.302407 0.000 0 0.000
35201.00 1355.04 100.138999 0.0000000000000000 0.000000 250.999004 -1181740.140094 30.325251 125.269932 -20.539277 1427.525037 -6.586 -6.586 0.000000 3.302166 0.000 0 0.000
35101.00 1354.83 100.138999 0.0000000000000000 0.000000 250.999004 -1182043.403708 30.327472 125.276677 -20.547037 1427.478994 -6.593 -6.593 0.000000 3.301924 0.000 0 0.000
35001.00 1354.62 100.138999 0.0000000000000000 0.000000 250.999004 -1182346.689557 30.329698 125.283426 -20.554810 1427.433351 -6.599 -6.599 0.000000 3.301681 0.000 0 0.000
34901.00 1354.41 100.138999 0.0000000000000000 0.000000 250.999004 -1182649.997689 30.331929 125.290180 -20.562595 1427.388113 -6.605 -6.605 0.000000 3.301439 0.000 0 0.000
34801.00 1354.20 100.138999 0.0000000000000000 0.000000 250.999004 -1182953.328155 30.334165 125.296939 -20.570394 1427.343286 -6.612 -6.612 0.000000 3.301195 0.000 0 0.000
34701.00 1353.99 100.138999 0.0000000000000000 0.000000 250.999004 -1183256.681006 30.336406 125.303702 -20.578206 1427.298877 -6.618 -6.618 0.000000 3.300951 0.000 0 0.000
34601.00 1353.78 100.138999 0.0000000000000000 0.000000 250.999004 -1183560.056293 30.338652 125.310470 -20.586032 1427.254889 -6.624 -6.624 0.000000 3.300707 0.000 0 0.000
34501.00 1353.57 100.138999 0.0000000000000000 0.000000 250.999004 -1183863.454068 30.340904 125.317243 -20.593871 1427.211331 -6.631 -6.631 0.000000 3.300462 0.000 0 0.000
34401.00 1353.36 100.138999 0.0000000000000000 0.000000 250.999004 -1184166.874385 30.343160 125.324022 -20.601724 1427.168207 -6.637 -6.637 0.000000 3.300217 0.000 0 0.000
34301.00 1353.15 100.138999 0.0000000000000000 0.000000 250.999004 -1184470.317296 30.345423 125.330805 -20.609591 1427.125524 -6.644 -6.644 0.000000 3.299970 0.000 0 0.000
34201.00 1352.94 100.138999 0.0000000000000000 0.000000 250.999004 -1184773.782856 30.347690 125.337594 -20.617472 1427.083288 -6.650 -6.650 0.000000 3.299724 0.000 0 0.000
34101.00 1352.73 100.138999 0.0000000000000000 0.000000 250.999004 -1185077.271119 30.349963 125.344387 -20.625368 1427.041506 -6.657 -6.657 0.000000 3.299477 0.000 0 0.000
34001.00 1352.52 100.138999 0.0000000000000000 0.000000 250.999004 -1185380.782141 30.352242 125.351187 -20.633278 1427.000183 -6.663 -6.663 0.000000 3.299229 0.000 0 0.000
33901.00 1352.31 100.138999 0.0000000000000000 0.000000 250.999004 -1185684.315977 30.354526 125.357992 -20.641203 1426.959328 -6.670 -6.670 0.000000 3.298981 0.000 0 0.000
33801.00 1352.10 100.138999 0.0000000000000000 0.000000 250.999004 -1185987.872686 30.356816 125.364803 -20.649142 1426.918947 -6.676 -6.676 0.000000 3.298732 0.000 0 0.000
33701.00 1351.89 100.138999 0.0000000000000000 0.000000 250.999004 -1186291.452324 30.359112 125.371619 -20.657098 1426.879046 -6.683 -6.683 0.000000 3.298482 0.000 0 0.000
33601.00 1351.67 100.138999 0.0000000000000000 0.000000 250.999004 -1186595.054950 30.361414 125.378442 -20.665068 1426.839634 -6.689 -6.689 0.000000 3.298232 0.000 0 0.000
33501.00 1351.46 100.138999 0.0000000000000000 0.000000 250.999004 -1186898.680624 30.363722 125.385271 -20.673054 1426.800717 -6.696 -6.696 0.000000 3.297982 0.000 0 0.000
33401.00 1351.25 100.138999 0.0000000000000000 0.000000 250.999004 -1187202.329404 30.366035 125.392106 -20.681056 1426.762302 -6.703 -6.703 0.000000 3.297730 0.000 0 0.000
33301.00 1351.04 100.138999 0.0000000000000000 0.000000 250.999004 -1187506.001353 30.368355 125.398947 -20.689074 1426.724399 -6.709 -6.709 0.000000 3.297479 0.000 0 0.000
33201.00 1350.83 100.138999 0.0000000000000000 0.000000 250.999004 -1187809.696531 30.370681 125.405795 -20.697109 1426.687013 -6.716 -6.716 0.000000 3.297226 0.000 0 0.000
33101.00 1350.62 100.138999 0.0000000000000000 0.000000 250.999004 -1188113.415002 30.373014 125.412650 -20.705160 1426.650154 -6.723 -6.723 0.000000 3.296973 0.000 0 0.000
33001.00 1350.40 100.138999 0.0000000000000000 0.000000 250.999004 -1188417.156828 30.375353 125.419511 -20.713227 1426.613829 -6.730 -6.730 0.000000 3.296719 0.000 0 0.000
32901.00 1350.19 100.138999 0.0000000000000000 0.000000 250.999004 -1188720.922074 30.377698 125.426380 -20.721312 1426.578046 -6.737 -6.737 0.000000 3.296464 0.000 0 0.000
32801.00 1349.98 100.138999 0.0000000000000000 0.000000 250.999004 -1189024.710804 30.380050 125.433255 -20.729414 1426.542816 -6.743 -6.743 0.000000 3.296209 0.000 0 0.000
32701.00 1349.77 100.138999 0.0000000000000000 0.000000 250.999004 -1189328.523086 30.382408 125.440138 -20.737534 1426.508145 -6.750 -6.750 0.000000 3.295953 0.000 0 0.000
32601.00 1349.55 100.138999 0.0000000000000000 0.000000 250.999004 -1189632.358986 30.384773 125.447028 -20.745671 1426.474043 -6.757 -6.757 0.000000 3.295697 0.000 0 0.000
32501.00 1349.34 100.138999 0.0000000000000000 0.000000 250.999004 -1189936.218573 30.387145 125.453926 -20.753827 1426.440519 -6.764 -6.764 0.000000 3.295440 0.000 0 0.000
32401.00 1349.13 100.138999 0.0000000000000000 0.000000 250.999004 -1190240.101914 30.389524 125.460832 -20.762001 1426.407583 -6.771 -6.771 0.000000 3.295182 0.000 0 0.000
32301.00 1348.91 100.138999 0.0000000000000000 0.000000 250.999004 -1190544.009080 30.391910 125.467745 -20.770193 1426.375243 -6.778 -6.778 0.000000 3.294923 0.000 0 0.000
32201.00 1348.70 100.138999 0.0000000000000000 0.000000 250.999004 -1190847.940143 30.394303 125.474667 -20.778405 1426.343510 -6.785 -6.785 0.000000 3.294663 0.000 0 0.000
32101.00 1348.49 100.138999 0.0000000000000000 0.000000 250.999004 -1191151.895174 30.396704 125.481597 -20.786636 1426.312394 -6.792 -6.792 0.000000 3.294403 0.000 0 0.000
32001.00 1348.27 100.138999 0.0000000000000000 0.000000 250.999004 -1191455.874246 30.399112 125.488535 -20.794886 1426.281905 -6.799 -6.799 0.000000 3.294142 0.000 0 0.000
31901.00 1348.06 100.138999 0.0000000000000000 0.000000 250.999004 -1191759.877434 30.401527 125.495483 -20.803156 1426.252053 -6.807 -6.807 0.000000 3.293881 0.000 0 0.000
31801.00 1347.84 100.138999 0.0000000000000000 0.000000 250.999004 -1192063.904813 30.403950 125.502438 -20.811446 1426.222849 -6.814 -6.814 0.000000 3.293618 0.000 0 0.000
31701.00 1347.63 100.138999 0.0000000000000000 0.000000 250.999004 -1192367.956460 30.406381 125.509403 -20.819757 1426.194304 -6.821 -6.821 0.000000 3.293355 0.000 0 0.000
31601.00 1347.42 100.138999 0.0000000000000000 0.000000 250.999004 -1192672.032452 30.408819 125.516378 -20.828088 1426.166429 -6.828 -6.828 0.000000 3.293091 0.000 0 0.000
31501.00 1347.20 100.138999 0.0000000000000000 0.000000 250.999004 -1192976.132868 30.411266 125.523361 -20.836440 1426.139236 -6.835 -6.835 0.000000 3.292826 0.000 0 0.000
31401.00 1346.99 100.138999 0.0000000000000000 0.000000 250.999004 -1193280.257789 30.413720 125.530355 -20.844814 1426.112736 -6.843 -6.843 0.000000 3.292560 0.000 0 0.000
31301.00 1346.77 100.138999 0.0000000000000000 0.000000 250.999004 -1193584.407297 30.416183 125.537358 -20.853210 1426.086941 -6.850 -6.850 0.000000 3.292293 0.000 0 0.000
31201.00 1346.56 100.138999 0.0000000000000000 0.000000 250.999004 -1193888.581473 30.418654 125.544371 -20.861628 1426.061865 -6.858 -6.858 0.000000 3.292026 0.000 0 0.000
31101.00 1346.34 100.138999 0.0000000000000000 0.000000 250.999004 -1194192.780402 30.421133 125.551395 -20.870068 1426.037518 -6.865 -6.865 0.000000 3.291758 0.000 0 0.000
31001.00 1346.12 100.138999 0.0000000000000000 0.000000 250.999004 -1194497.004169 30.423622 125.558429 -20.878531 1426.013915 -6.872 -6.872 0.000000 3.291488 0.000 0 0.000
30901.00 1345.91 100.138999 0.0000000000000000 0.000000 250.999004 -1194801.252861 30.426118 125.565475 -20.887018 1425.991068 -6.880 -6.880 0.000000 3.291218 0.000 0 0.000
30801.00 1345.69 100.138999 0.0000000000000000 0.000000 250.999004 -1195105.526567 30.428624 125.572531 -20.895528 1425.968991 -6.887 -6.887 0.000000 3.290947 0.000 0 0.000
30701.00 1345.48 100.138999 0.0000000000000000 0.000000 250.999004 -1195409.825376 30.431139 125.579598 -20.904062 1425.947697 -6.895 -6.895 0.000000 3.290675 0.000 0 0.000
30601.00 1345.26 100.138999 0.0000000000000000 0.000000 250.999004 -1195714.149380 30.433663 125.586677 -20.912621 1425.927202 -6.903 -6.903 0.000000 3.290402 0.000 0 0.000
30501.00 1345.04 100.138999 0.0000000000000000 0.000000 250.999004 -1196018.498671 30.436197 125.593768 -20.921204 1425.907519 -6.910 -6.910 0.000000 3.290129 0.000 0 0.000
30401.00 1344.83 100.138999 0.0000000000000000 0.000000 250.999004 -1196322.873343 30.438739 125.600871 -20.929813 1425.888664 -6.918 -6.918 0.000000 3.289854 0.000 0 0.000
30301.00 1344.61 100.138999 0.0000000000000000 0.000000 250.999004 -1196627.273492 30.441292 125.607987 -20.938448 1425.870652 -6.926 -6.926 0.000000 3.289578 0.000 0 0.000
30201.00 1344.39 100.138999 0.0000000000000000 0.000000 250.999004 -1196931.699217 30.443854 125.615115 -20.947108 1425.853497 -6.934 -6.934 0.000000 3.289301 0.000 0 0.000
30101.00 1344.17 100.138999 0.0000000000000000 0.000000 250.999004 -1197236.150615 30.446427 125.622256 -20.955796 1425.837218 -6.941 -6.941 0.000000 3.289023 0.000 0 0.000
30001.00 1343.95 100.138999 0.0000000000000000 0.000000 250.999004 -1197540.627789 30.449010 125.629410 -20.964510 1425.821829 -6.949 -6.949 0.000000 3.288744 0.000 0 0.000
29901.00 1343.74 100.138999 0.0000000000000000 0.000000 250.999004 -1197845.130841 30.451603 125.636578 -20.973252 1425.807348 -6.957 -6.957 0.000000 3.288464 0.000 0 0.000
29801.00 1343.52 100.138999 0.0000000000000000 0.000000 250.999004 -1198149.659875 30.454206 125.643759 -20.982022 1425.793792 -6.965 -6.965 0.000000 3.288183 0.000 0 0.000
29701.00 1343.30 100.138999 0.0000000000000000 0.000000 250.999004 -1198454.214998 30.456820 125.650955 -20.990821 1425.781179 -6.973 -6.973 0.000000 3.287901 0.000 0 0.000
29601.00 1343.08 100.138999 0.0000000000000000 0.000000 250.999004 -1198758.796318 30.459446 125.658166 -20.999648 1425.769527 -6.981 -6.981 0.000000 3.287617 0.000 0 0.000
29501.00 1342.86 100.138999 0.0000000000000000 0.000000 250.999004 -1199063.403945 30.462082 125.665391 -21.008506 1425.758854 -6.989 -6.989 0.000000 3.287333 0.000 0 0.000
29401.00 1342.64 100.138999 0.0000000000000000 0.000000 250.999004 -1199368.037992 30.464729 125.672631 -21.017393 1425.749180 -6.997 -6.997 0.000000 3.287047 0.000 0 0.000
29301.00 1342.42 100.138999 0.0000000000000000 0.000000 250.999004 -1199672.698573 30.467389 125.679887 -21.026311 1425.740525 -7.006 -7.006 0.000000 3.286760 0.000 0 0.000
29201.00 1342.20 100.138999 0.0000000000000000 0.000000 250.999004 -1199977.385804 30.470060 125.687159 -21.035261 1425.732908 -7.014 -7.014 0.000000 3.286472 0.000 0 0.000
29101.00 1341.98 100.138999 0.0000000000000000 0.000000 250.999004 -1200282.099804 30.472742 125.694448 -21.044242 1425.726351 -7.022 -7.022 0.000000 3.286183 0.000 0 0.000
29001.00 1341.76 100.138999 0.0000000000000000 0.000000 250.999004 -1200586.840694 30.475438 125.701753 -21.053256 1425.720873 -7.031 -7.031 0.000000 3.285892 0.000 0 0.000
28901.00 1341.54 100.138999 0.0000000000000000 0.000000 250.999004 -1200891.608596 30.478145 125.709075 -21.062303 1425.716498 -7.039 -7.039 0.000000 3.285600 0.000 0 0.000
28801.00 1341.32 100.138999 0.0000000000000000 0.000000 250.999004 -1201196.403637 30.480865 125.716415 -21.071383 1425.713248 -7.047 -7.047 0.000000 3.285307 0.000 0 0.000
28701.00 1341.10 100.138999 0.0000000000000000 0.000000 250.999004 -1201501.225943 30.483598 125.723772 -21.080498 1425.711144 -7.056 -7.056 0.000000 3.285012 0.000 0 0.000
28601.00 1340.87 100.138999 0.0000000000000000 0.000000 250.999004 -1201806.075645 30.486344 125.731148 -21.089648 1425.710212 -7.064 -7.064 0.000000 3.284717 0.000 0 0.000
28501.00 1340.65 100.138999 0.0000000000000000 0.000000 250.999004 -1202110.952876 30.489104 125.738543 -21.098833 1425.710475 -7.073 -7.073 0.000000 3.284419 0.000 0 0.000
28401.00 1340.43 100.138999 0.0000000000000000 0.000000 250.999004 -1202415.857771 30.491877 125.745957 -21.108055 1425.711957 -7.082 -7.082 0.000000 3.284120 0.000 0 0.000
28301.00 1340.21 100.138999 0.0000000000000000 0.000000 250.999004 -1202720.790468 30.494664 125.753391 -21.117313 1425.714685 -7.090 -7.090 0.000000 3.283820 0.000 0 0.000
28201.00 1339.98 100.138999 0.0000000000000000 0.000000 250.999004 -1203025.751107 30.497466 125.760845 -21.126610 1425.718685 -7.099 -7.099 0.000000 3.283519 0.000 0 0.000
28101.00 1339.76 100.138999 0.0000000000000000 0.000000 250.999004 -1203330.739833 30.500282 125.768320 -21.135945 1425.723983 -7.108 -7.108 0.000000 3.283216 0.000 0 0.000
28001.00 1339.54 100.138999 0.0000000000000000 0.000000 250.999004 -1203635.756790 30.503112 125.775816 -21.145320 1425.730607 -7.117 -7.117 0.000000 3.282911 0.000 0 0.000
27901.00 1339.31 100.138999 0.0000000000000000 0.000000 250.999004 -1203940.802130 30.505958 125.783334 -21.154734 1425.738585 -7.126 -7.126 0.000000 3.282605 0.000 0 0.000
27801.00 1339.09 100.138999 0.0000000000000000 0.000000 250.999004 -1204245.876003 30.508819 125.790873 -21.164189 1425.747947 -7.135 -7.135 0.000000 3.282297 0.000 0 0.000
27701.00 1338.86 100.138999 0.0000000000000000 0.000000 250.999004 -1204550.978565 30.511696 125.798436 -21.173686 1425.758722 -7.144 -7.144 0.000000 3.281987 0.000 0 0.000
27601.00 1338.64 100.138999 0.0000000000000000 0.000000 250.999004 -1204856.109975 30.514589 125.806022 -21.183226 1425.770941 -7.153 -7.153 0.000000 3.281676 0.000 0 0.000
27501.00 1338.41 100.138999 0.0000000000000000 0.000000 250.999004 -1205161.270394 30.517498 125.813632 -21.192809 1425.784637 -7.162 -7.162 0.000000 3.281363 0.000 0 0.000
27401.00 1338.18 100.138999 0.0000000000000000 0.000000 250.999004 -1205466.459988 30.520424 125.821267 -21.202437 1425.799841 -7.172 -7.172 0.000000 3.281049 0.000 0 0.000
27301.00 1337.96 100.138999 0.0000000000000000 0.000000 250.999004 -1205771.678926 30.523367 125.828927 -21.212109 1425.816587 -7.181 -7.181 0.000000 3.280732 0.000 0 0.000
27201.00 1337.73 100.138999 0.0000000000000000 0.000000 250.999004 -1206076.927379 30.526327 125.836613 -21.221828 1425.834909 -7.190 -7.190 0.000000 3.280414 0.000 0 0.000
27101.00 1337.50 100.138999 0.0000000000000000 0.000000 250.999004 -1206382.205524 30.529305 125.844325 -21.231594 1425.854843 -7.200 -7.200 0.000000 3.280094 0.000 0 0.000
27001.00 1337.28 100.138999 0.0000000000000000 0.000000 250.999004 -1206687.513539 30.532301 125.852064 -21.241408 1425.876426 -7.209 -7.209 0.000000 3.279772 0.000 0 0.000
26901.00 1337.05 100.138999 0.0000000000000000 0.000000 250.999004 -1206992.851610 30.535316 125.859831 -21.251272 1425.899694 -7.219 -7.219 0.000000 3.279449 0.000 0 0.000
26801.00 1336.82 100.138999 0.0000000000000000 0.000000 250.999004 -1207298.219923 30.538350 125.867627 -21.261186 1425.924687 -7.229 -7.229 0.000000 3.279123 0.000 0 0.000
26701.00 1336.59 100.138999 0.0000000000000000 0.000000 250.999004 -1207603.618669 30.541403 125.875451 -21.271151 1425.951444 -7.238 -7.238 0.000000 3.278795 0.000 0 0.000
26601.00 1336.36 100.138999 0.0000000000000000 0.000000 250.999004 -1207909.048045 30.544476 125.883306 -21.281169 1425.980006 -7.248 -7.248 0.000000 3.278465 0.000 0 0.000
26501.00 1336.13 100.138999 0.0000000000000000 0.000000 250.999004 -1208214.508251 30.547569 125.891192 -21.291240 1426.010415 -7.258 -7.258 0.000000 3.278133 0.000 0 0.000
26401.00 1335.90 100.138999 0.0000000000000000 0.000000 250.999004 -1208519.999491 30.550683 125.899109 -21.301366 1426.042715 -7.268 -7.268 0.000000 3.277799 0.000 0 0.000
26301.00 1335.67 100.138999 0.0000000000000000 0.000000 250.999004 -1208825.521974 30.553818 125.907059 -21.311548 1426.076950 -7.278 -7.278 0.000000 3.277463 0.000 0 0.000
26201.00 1335.44 100.138999 0.0000000000000000 0.000000 250.999004 -1209131.075915 30.556974 125.915042 -21.321788 1426.113167 -7.288 -7.288 0.000000 3.277124 0.000 0 0.000
26101.00 1335.20 100.138999 0.0000000000000000 0.000000 250.999004 -1209436.661532 30.560153 125.923059 -21.332086 1426.151413 -7.299 -7.299 0.000000 3.276783 0.000 0 0.000
26001.00 1334.97 100.138999 0.0000000000000000 0.000000 250.999004 -1209742.279050 30.563354 125.931111 -21.342444 1426.191738 -7.309 -7.309 0.000000 3.276440 0.000 0 0.000
25901.00 1334.74 100.138999 0.0000000000000000 0.000000 250.999004 -1210047.928697 30.566579 125.939200 -21.352863 1426.234191 -7.319 -7.319 0.000000 3.276094 0.000 0 0.000
25801.00 1334.50 100.138999 0.0000000000000000 0.000000 250.999004 -1210353.610708 30.569827 125.947325 -21.363346 1426.278825 -7.330 -7.330 0.000000 3.275746 0.000 0 0.000
25701.00 1334.27 100.138999 0.0000000000000000 0.000000 250.999004 -1210659.325322 30.573100 125.955488 -21.373892 1426.325693 -7.341 -7.341 0.000000 3.275396 0.000 0 0.000
25601.00 1334.04 100.138999 0.0000000000000000 0.000000 250.999004 -1210965.072786 30.576397 125.963690 -21.384504 1426.374852 -7.351 -7.351 0.000000 3.275042 0.000 0 0.000
25501.00 1333.80 100.138999 0.0000000000000000 0.000000 250.999004 -1211270.853351 30.579720 125.971932 -21.395184 1426.426358 -7.362 -7.362 0.000000 3.274687 0.000 0 0.000
25401.00 1333.56 100.138999 0.0000000000000000 0.000000 250.999004 -1211576.667274 30.583069 125.980216 -21.405932 1426.480271 -7.373 -7.373 0.000000 3.274328 0.000 0 0.000
25301.00 1333.33 100.138999 0.0000000000000000 0.000000 250.999004 -1211882.514819 30.586445 125.988541 -21.416751 1426.536652 -7.384 -7.384 0.000000 3.273967 0.000 0 0.000
25201.00 1333.09 100.138999 0.0000000000000000 0.000000 250.999004 -1212188.396258 30.589848 125.996910 -21.427643 1426.595564 -7.395 -7.395 0.000000 3.273602 0.000 0 0.000
25101.00 1332.85 100.138999 0.0000000000000000 0.000000 250.999004 -1212494.311866 30.593279 126.005324 -21.438608 1426.657072 -7.406 -7.406 0.000000 3.273235 0.000 0 0.000
25001.00 1332.61 100.138999 0.0000000000000000 0.000000 250.999004 -1212800.261928 30.596739 126.013784 -21.449649 1426.721244 -7.417 -7.417 0.000000 3.272865 0.000 0 0.000
24901.00 1332.38 100.138999 0.0000000000000000 0.000000 250.999004 -1213106.246734 30.600228 126.022290 -21.460768 1426.788150 -7.429 -7.429 0.000000 3.272492 0.000 0 0.000
24801.00 1332.14 100.138999 0.0000000000000000 0.000000 250.999004 -1213412.266584 30.603747 126.030846 -21.471967 1426.857862 -7.440 -7.440 0.000000 3.272116 0.000 0 0.000
24701.00 1331.90 100.138999 0.0000000000000000 0.000000 250.999004 -1213718.321783 30.607298 126.039451 -21.483248 1426.930455 -7.452 -7.452 0.000000 3.271736 0.000 0 0.000
24601.00 1331.65 100.138999 0.0000000000000000 0.000000 250.999004 -1214024.412646 30.610880 126.048108 -21.494613 1427.006006 -7.464 -7.464 0.000000 3.271353 0.000 0 0.000
24501.00 1331.41 100.138999 0.0000000000000000 0.000000 250.999004 -1214330.539494 30.614495 126.056818 -21.506063 1427.084595 -7.476 -7.476 0.000000 3.270967 0.000 0 0.000
24401.00 1331.17 100.138999 0.0000000000000000 0.000000 250.999004 -1214636.702659 30.618144 126.065582 -21.517602 1427.166306 -7.488 -7.488 0.000000 3.270577 0.000 0 0.000
24301.00 1330.93 100.138999 0.0000000000000000 0.000000 250.999004 -1214942.902479 30.621826 126.074402 -21.529232 1427.251224 -7.500 -7.500 0.000000 3.270184 0.000 0 0.000
24201.00 1330.68 100.138999 0.0000000000000000 0.000000 250.999004 -1215249.139304 30.625545 126.083280 -21.540955 1427.339438 -7.512 -7.512 0.000000 3.269787 0.000 0 0.000
24101.00 1330.44 100.138999 0.0000000000000000 0.000000 250.999004 -1215555.413492 30.629299 126.092218 -21.552773 1427.431042 -7.524 -7.524 0.000000 3.269386 0.000 0 0.000
24001.00 1330.19 100.138999 0.0000000000000000 0.000000 250.999004 -1215861.725410 30.633091 126.101216 -21.564689 1427.526130 -7.537 -7.537 0.000000 3.268981 0.000 0 0.000
23901.00 1329.94 100.138999 0.0000000000000000 0.000000 250.999004 -1216168.075436 30.636921 126.110278 -21.576707 1427.624803 -7.549 -7.549 0.000000 3.268573 0.000 0 0.000
23801.00 1329.70 100.138999 0.0000000000000000 0.000000 250.999004 -1216474.463959 30.640790 126.119405 -21.588828 1427.727164 -7.562 -7.562 0.000000 3.268160 0.000 0 0.000
23701.00 1329.45 100.138999 0.0000000000000000 0.000000 250.999004 -1216780.891379 30.644700 126.128598 -21.601055 1427.833320 -7.575 -7.575 0.000000 3.267743 0.000 0 0.000
23601.00 1329.20 100.138999 0.0000000000000000 0.000000 250.999004 -1217087.358106 30.648652 126.137861 -21.613392 1427.943382 -7.588 -7.588 0.000000 3.267321 0.000 0 0.000
23501.00 1328.95 100.138999 0.0000000000000000 0.000000 250.999004 -1217393.864563 30.652647 126.147196 -21.625842 1428.057467 -7.601 -7.601 0.000000 3.266896 0.000 0 0.000
23401.00 1328.70 100.138999 0.0000000000000000 0.000000 250.999004 -1217700.411185 30.656685 126.156604 -21.638408 1428.175694 -7.614 -7.614 0.000000 3.266465 0.000 0 0.000
23301.00 1328.44 100.138999 0.0000000000000000 0.000000 250.999004 -1218006.998420 30.660769 126.166087 -21.651093 1428.298190 -7.628 -7.628 0.000000 3.266030 0.000 0 0.000
23201.00 1328.19 100.138999 0.0000000000000000 0.000000 250.999004 -1218313.626728 30.664900 126.175649 -21.663902 1428.425084 -7.642 -7.642 0.000000 3.265590 0.000 0 0.000
23101.00 1327.94 100.138999 0.0000000000000000 0.000000 250.999004 -1218620.296585 30.669079 126.185293 -21.676836 1428.556512 -7.655 -7.655 0.000000 3.265145 0.000 0 0.000
23001.00 1327.68 100.138999 0.0000000000000000 0.000000 250.999004 -1218927.008480 30.673308 126.195019 -21.689901 1428.692615 -7.669 -7.669 0.000000 3.264695 0.000 0 0.000
22901.00 1327.42 100.138999 0.0000000000000000 0.000000 250.999004 -1219233.762917 30.677588 126.204832 -21.703101 1428.833541 -7.683 -7.683 0.000000 3.264240 0.000 0 0.000
22801.00 1327.17 100.138999 0.0000000000000000 0.000000 250.999004 -1219540.560416 30.681921 126.214735 -21.716439 1428.979442 -7.698 -7.698 0.000000 3.263779 0.000 0 0.000
22701.00 1326.91 100.138999 0.0000000000000000 0.000000 250.999004 -1219847.401513 30.686308 126.224729 -21.729919 1429.130479 -7.712 -7.712 0.000000 3.263312 0.000 0 0.000
22601.00 1326.65 100.138999 0.0000000000000000 0.000000 250.999004 -1220154.286762 30.690751 126.234819 -21.743547 1429.286819 -7.727 -7.727 0.000000 3.262840 0.000 0 0.000
22501.00 1326.39 100.138999 0.0000000000000000 0.000000 250.999004 -1220461.216734 30.695253 126.245008 -21.757327 1429.448634 -7.742 -7.742 0.000000 3.262361 0.000 0 0.000
22401.00 1326.12 100.138999 0.0000000000000000 0.000000 250.999004 -1220768.192017 30.699814 126.255299 -21.771264 1429.616107 -7.757 -7.757 0.000000 3.261876 0.000 0 0.000
22301.00 1325.86 100.138999 0.0000000000000000 0.000000 250.999004 -1221075.213220 30.704437 126.265696 -21.785364 1429.789427 -7.772 -7.772 0.000000 3.261385 0.000 0 0.000
22201.00 1325.60 100.138999 0.0000000000000000 0.000000 250.999004 -1221382.280973 30.709124 126.276202 -21.799630 1429.968792 -7.787 -7.787 0.000000 3.260887 0.000 0 0.000
22101.00 1325.33 100.138999 0.0000000000000000 0.000000 250.999004 -1221689.395926 30.713877 126.286822 -21.814070 1430.154409 -7.803 -7.803 0.000000 3.260383 0.000 0 0.000
22001.00 1325.06 100.138999 0.0000000000000000 0.000000 250.999004 -1221996.558751 30.718699 126.297559 -21.828688 1430.346494 -7.819 -7.819 0.000000 3.259871 0.000 0 0.000
21901.00 1324.79 100.138999 0.0000000000000000 0.000000 250.999004 -1222303.770142 30.723591 126.308418 -21.843492 1430.545274 -7.835 -7.835 0.000000 3.259352 0.000 0 0.000
21801.00 1324.52 100.138999 0.0000000000000000 0.000000 250.999004 -1222611.030820 30.728557 126.319403 -21.858486 1430.750984 -7.851 -7.851 0.000000 3.258825 0.000 0 0.000
21701.00 1324.25 100.138999 0.0000000000000000 0.000000 250.999004 -1222918.341528 30.733598 126.330519 -21.873679 1430.963874 -7.868 -7.868 0.000000 3.258291 0.000 0 0.000
21601.00 1323.97 100.138999 0.0000000000000000 0.000000 250.999004 -1223225.703039 30.738718 126.341772 -21.889078 1431.184202 -7.884 -7.884 0.000000 3.257748 0.000 0 0.000
21501.00 1323.70 100.138999 0.0000000000000000 0.000000 250.999004 -1223533.116150 30.743919 126.353166 -21.904688 1431.412239 -7.901 -7.901 0.000000 3.257197 0.000 0 0.000
21401.00 1323.42 100.138999 0.0000000000000000 0.000000 250.999004 -1223840.581690 30.749204 126.364706 -21.920519 1431.648271 -7.919 -7.919 0.000000 3.256637 0.000 0 0.000
21301.00 1323.14 100.138999 0.0000000000000000 0.000000 250.999004 -1224148.100517 30.754576 126.376398 -21.936578 1431.892596 -7.936 -7.936 0.000000 3.256068 0.000 0 0.000
21201.00 1322.86 100.138999 0.0000000000000000 0.000000 250.999004 -1224455.673521 30.760040 126.388249 -21.952874 1432.145526 -7.954 -7.954 0.000000 3.255490 0.000 0 0.000
21101.00 1322.57 100.138999 0.0000000000000000 0.000000 250.999004 -1224763.301627 30.765597 126.400265 -21.969416 1432.407391 -7.972 -7.972 0.000000 3.254902 0.000 0 0.000
21001.00 1322.29 100.138999 0.0000000000000000 0.000000 250.999004 -1225070.985793 30.771253 126.412451 -21.986213 1432.678535 -7.990 -7.990 0.000000 3.254304 0.000 0 0.000
20901.00 1322.00 100.138999 0.0000000000000000 0.000000 250.999004 -1225378.727017 30.777009 126.424816 -22.003275 1432.959319 -8.009 -8.009 0.000000 3.253695 0.000 0 0.000
20801.00 1321.71 100.138999 0.0000000000000000 0.000000 250.999004 -1225686.526331 30.782872 126.437366 -22.020612 1433.250124 -8.028 -8.028 0.000000 3.253075 0.000 0 0.000
20701.00 1321.42 100.138999 0.0000000000000000 0.000000 250.999004 -1225994.384814 30.788844 126.450109 -22.038235 1433.551349 -8.047 -8.047 0.000000 3.252444 0.000 0 0.000
20601.00 1321.12 100.138999 0.0000000000000000 0.000000 250.999004 -1226302.303583 30.794930 126.463054 -22.056156 1433.863414 -8.067 -8.067 0.000000 3.251802 0.000 0 0.000
20501.00 1320.82 100.138999 0.0000000000000000 0.000000 250.999004 -1226610.283803 30.801135 126.476208 -22.074386 1434.186759 -8.087 -8.087 0.000000 3.251146 0.000 0 0.000
20401.00 1320.52 100.138999 0.0000000000000000 0.000000 250.999004 -1226918.326685 30.807463 126.489580 -22.092939 1434.521850 -8.107 -8.107 0.000000 3.250479 0.000 0 0.000
20301.00 1320.22 100.138999 0.0000000000000000 0.000000 250.999004 -1227226.433492 30.813920 126.503181 -22.111827 1434.869173 -8.127 -8.127 0.000000 3.249797 0.000 0 0.000
20201.00 1319.92 100.138999 0.0000000000000000 0.000000 250.999004 -1227534.605537 30.820512 126.517020 -22.131065 1435.229244 -8.148 -8.148 0.000000 3.249102 0.000 0 0.000
20101.00 1319.61 100.138999 0.0000000000000000 0.000000 250.999004 -1227842.844190 30.827243 126.531106 -22.150667 1435.602602 -8.170 -8.170 0.000000 3.248393 0.000 0 0.000
20001.00 1319.30 100.138999 0.0000000000000000 0.000000 250.999004 -1228151.150881 30.834120 126.545453 -22.170649 1435.989818 -8.191 -8.191 0.000000 3.247668 0.000 0 0.000
19901.00 1318.98 100.138999 0.0000000000000000 0.000000 250.999004 -1228459.527100 30.841150 126.560070 -22.191028 1436.391492 -8.213 -8.213 0.000000 3.246928 0.000 0 0.000
19801.00 1318.66 100.138999 0.0000000000000000 0.000000 250.999004 -1228767.974401 30.848338 126.574971 -22.211821 1436.808255 -8.236 -8.236 0.000000 3.246172 0.000 0 0.000
19701.00 1318.34 100.138999 0.0000000000000000 0.000000 250.999004 -1229076.494409 30.855692 126.590167 -22.233045 1437.240774 -8.259 -8.259 0.000000 3.245398 0.000 0 0.000
19601.00 1318.07 100.138999 0.0000000000000000 0.000000 250.999004 -1229385.084639 30.861067 126.601882 -22.248782 1437.480259 -8.275 -8.275 0.000000 3.244833 0.000 0 0.000
19501.00 1317.88 100.138999 0.0000000000000000 0.000000 250.999004 -1229693.705557 30.863117 126.607742 -22.255338 1437.396094 -8.280 -8.280 0.000000 3.244617 0.000 0 0.000
19401.00 1317.69 100.138999 0.0000000000000000 0.000000 250.999004 -1230002.346986 30.865169 126.613600 -22.261894 1437.311921 -8.285 -8.285 0.000000 3.244401 0.000 0 0.000
19301.00 1317.50 100.138999 0.0000000000000000 0.000000 250.999004 -1230311.008936 30.867222 126.619456 -22.268452 1437.227739 -8.291 -8.291 0.000000 3.244186 0.000 0 0.000
19201.00 1317.31 100.138999 0.0000000000000000 0.000000 250.999004 -1230619.691420 30.869275 126.625311 -22.275009 1437.143548 -8.296 -8.296 0.000000 3.243970 0.000 0 0.000
19101.00 1317.12 100.138999 0.0000000000000000 0.000000 250.999004 -1230928.394448 30.871330 126.631163 -22.281568 1437.059347 -8.301 -8.301 0.000000 3.243754 0.000 0 0.000
19001.00 1316.93 100.138999 0.0000000000000000 0.000000 250.999004 -1231237.118033 30.873387 126.637013 -22.288127 1436.975137 -8.306 -8.306 0.000000 3.243538 0.000 0 0.000
18901.00 1316.74 100.138999 0.0000000000000000 0.000000 250.999004 -1231545.862184 30.875444 126.642861 -22.294686 1436.890917 -8.311 -8.311 0.000000 3.243322 0.000 0 0.000
18801.00 1316.55 100.138999 0.0000000000000000 0.000000 250.999004 -1231854.626915 30.877502 126.648706 -22.301246 1436.806686 -8.317 -8.317 0.000000 3.243106 0.000 0 0.000
18701.00 1316.36 100.138999 0.0000000000000000 0.000000 250.999004 -1232163.412236 30.879562 126.654550 -22.307807 1436.722445 -8.322 -8.322 0.000000 3.242889 0.000 0 0.000
18601.00 1316.16 100.138999 0.0000000000000000 0.000000 250.999004 -1232472.218159 30.881623 126.660392 -22.314368 1436.638192 -8.327 -8.327 0.000000 3.242673 0.000 0 0.000
18501.00 1315.97 100.138999 0.0000000000000000 0.000000 250.999004 -1232781.044695 30.883685 126.666232 -22.320930 1436.553929 -8.332 -8.332 0.000000 3.242456 0.000 0 0.000
18401.00 1315.78 100.138999 0.0000000000000000 0.000000 250.999004 -1233089.891856 30.885748 126.672070 -22.327493 1436.469653 -8.337 -8.337 0.000000 3.242240 0.000 0 0.000
18301.00 1315.59 100.138999 0.0000000000000000 0.000000 250.999004 -1233398.759654 30.887812 126.677906 -22.334056 1436.385366 -8.343 -8.343 0.000000 3.242023 0.000 0 0.000
18201.00 1315.40 100.138999 0.0000000000000000 0.000000 250.999004 -1233707.648100 30.889877 126.683739 -22.340620 1436.301066 -8.348 -8.348 0.000000 3.241806 0.000 0 0.000
18101.00 1315.21 100.138999 0.0000000000000000 0.000000 250.999004 -1234016.557206 30.891944 126.689571 -22.347184 1436.216754 -8.353 -8.353 0.000000 3.241589 0.000 0 0.000
18001.00 1315.02 100.138999 0.0000000000000000 0.000000 250.999004 -1234325.486983 30.894012 126.695401 -22.353749 1436.132428 -8.358 -8.358 0.000000 3.241372 0.000 0 0.000
17901.00 1314.83 100.138999 0.0000000000000000 0.000000 250.999004 -1234634.437444 30.896081 126.701228 -22.360314 1436.048089 -8.363 -8.363 0.000000 3.241155 0.000 0 0.000
17801.00 1314.64 100.138999 0.0000000000000000 0.000000 250.999004 -1234943.408599 30.898151 126.707054 -22.366880 1435.963736 -8.369 -8.369 0.000000 3.240938 0.000 0 0.000
17701.00 1314.45 100.138999 0.0000000000000000 0.000000 250.999004 -1235252.400462 30.900222 126.712877 -22.373447 1435.879369 -8.374 -8.374 0.000000 3.240721 0.000 0 0.000
17601.00 1314.26 100.138999 0.0000000000000000 0.000000 250.999004 -1235561.413043 30.902294 126.718699 -22.380014 1435.794988 -8.379 -8.379 0.000000 3.240504 0.000 0 0.000
17501.00 1314.07 100.138999 0.0000000000000000 0.000000 250.999004 -1235870.446354 30.904368 126.724518 -22.386582 1435.710591 -8.384 -8.384 0.000000 3.240286 0.000 0 0.000
17401.00 1313.88 100.138999 0.0000000000000000 0.000000 250.999004 -1236179.500408 30.906443 126.730335 -22.393151 1435.626179 -8.389 -8.389 0.000000 3.240069 0.000 0 0.000
17301.00 1313.68 100.138999 0.0000000000000000 0.000000 250.999004 -1236488.575217 30.908519 126.736150 -22.399720 1435.541751 -8.395 -8.395 0.000000 3.239851 0.000 0 0.000
17201.00 1313.49 100.138999 0.0000000000000000 0.000000 250.999004 -1236797.670791 30.910596 126.741963 -22.406290 1435.457307 -8.400 -8.400 0.000000 3.239633 0.000 0 0.000
17101.00 1313.30 100.138999 0.0000000000000000 0.000000 250.999004 -1237106.787144 30.912675 126.747774 -22.412860 1435.372847 -8.405 -8.405 0.000000 3.239416 0.000 0 0.000
17001.00 1313.11 100.138999 0.0000000000000000 0.000000 250.999004 -1237415.924287 30.914754 126.753583 -22.419431 1435.288369 -8.410 -8.410 0.000000 3.239198 0.000 0 0.000
16901.00 1312.92 100.138999 0.0000000000000000 0.000000 250.999004 -1237725.082233 30.916835 126.759390 -22.426003 1435.203874 -8.416 -8.416 0.000000 3.238980 0.000 0 0.000
16801.00 1312.73 100.138999 0.0000000000000000 0.000000 250.999004 -1238034.260994 30.918917 126.765195 -22.432575 1435.119361 -8.421 -8.421 0.000000 3.238762 0.000 0 0.000
16701.00 1312.54 100.138999 0.0000000000000000 0.000000 250.999004 -1238343.460581 30.921000 126.770997 -22.439148 1435.034830 -8.426 -8.426 0.000000 3.238543 0.000 0 0.000
16601.00 1312.35 100.138999 0.0000000000000000 0.000000 250.999004 -1238652.681007 30.923085 126.776798 -22.445722 1434.950279 -8.431 -8.431 0.000000 3.238325 0.000 0 0.000
16501.00 1312.16 100.138999 0.0000000000000000 0.000000 250.999004 -1238961.922284 30.925171 126.782596 -22.452296 1434.865710 -8.436 -8.436 0.000000 3.238107 0.000 0 0.000
16401.00 1311.97 100.138999 0.0000000000000000 0.000000 250.999004 -1239271.184425 30.927258 126.788392 -22.458871 1434.781121 -8.442 -8.442 0.000000 3.237888 0.000 0 0.000
16301.00 1311.77 100.138999 0.0000000000000000 0.000000 250.999004 -1239580.467441 30.929346 126.794186 -22.465446 1434.696512 -8.447 -8.447 0.000000 3.237669 0.000 0 0.000
16201.00 1311.58 100.138999 0.0000000000000000 0.000000 250.999004 -1239889.771346 30.931435 126.799978 -22.472022 1434.611882 -8.452 -8.452 0.000000 3.237451 0.000 0 0.000
16101.00 1311.39 100.138999 0.0000000000000000 0.000000 250.999004 -1240199.096151 30.933526 126.805768 -22.478599 1434.527231 -8.457 -8.457 0.000000 3.237232 0.000 0 0.000
16001.00 1311.20 100.138999 0.0000000000000000 0.000000 250.999004 -1240508.441869 30.935618 126.811556 -22.485176 1434.442558 -8.463 -8.463 0.000000 3.237013 0.000 0 0.000
15901.00 1311.01 100.138999 0.0000000000000000 0.000000 250.999004 -1240817.808513 30.937711 126.817341 -22.491754 1434.357863 -8.468 -8.468 0.000000 3.236794 0.000 0 0.000
15801.00 1310.82 100.138999 0.0000000000000000 0.000000 250.999004 -1241127.196095 30.939806 126.823124 -22.498333 1434.273146 -8.473 -8.473 0.000000 3.236575 0.000 0 0.000
15701.00 1310.63 100.138999 0.0000000000000000 0.000000 250.999004 -1241436.604628 30.941901 126.828906 -22.504913 1434.188405 -8.478 -8.478 0.000000 3.236356 0.000 0 0.000
15601.00 1310.44 100.138999 0.0000000000000000 0.000000 250.999004 -1241746.034124 30.943998 126.834685 -22.511493 1434.103640 -8.484 -8.484 0.000000 3.236136 0.000 0 0.000
15501.00 1310.25 100.138999 0.0000000000000000 0.000000 250.999004 -1242055.484595 30.946096 126.840462 -22.518073 1434.018851 -8.489 -8.489 0.000000 3.235917 0.000 0 0.000
15401.00 1310.05 100.138999 0.0000000000000000 0.000000 250.999004 -1242364.956056 30.948196 126.846236 -22.524655 1433.934038 -8.494 -8.494 0.000000 3.235697 0.000 0 0.000
15301.00 1309.86 100.138999 0.0000000000000000 0.000000 250.999004 -1242674.448518 30.950297 126.852009 -22.531237 1433.849198 -8.499 -8.499 0.000000 3.235478 0.000 0 0.000
15201.00 1309.67 100.138999 0.0000000000000000 0.000000 250.999004 -1242983.961995 30.952399 126.857779 -22.537820 1433.764333 -8.505 -8.505 0.000000 3.235258 0.000 0 0.000
15101.00 1309.48 100.138999 0.0000000000000000 0.000000 250.999004 -1243293.496498 30.954502 126.863547 -22.544403 1433.679441 -8.510 -8.510 0.000000 3.235038 0.000 0 0.000
15001.00 1309.29 100.138999 0.0000000000000000 0.000000 250.999004 -1243603.052042 30.956607 126.869313 -22.550987 1433.594522 -8.515 -8.515 0.000000 3.234818 0.000 0 0.000
14901.00 1309.10 100.138999 0.0000000000000000 0.000000 250.999004 -1243912.628639 30.958713 126.875076 -22.557572 1433.509575 -8.520 -8.520 0.000000 3.234598 0.000 0 0.000
14801.00 1308.91 100.138999 0.0000000000000000 0.000000 250.999004 -1244222.226303 30.960820 126.880838 -22.564157 1433.424599 -8.525 -8.525 0.000000 3.234378 0.000 0 0.000
14701.00 1308.72 100.138999 0.0000000000000000 0.000000 250.999004 -1244531.845045 30.962929 126.886597 -22.570744 1433.339594 -8.531 -8.531 0.000000 3.234158 0.000 0 0.000
14601.00 1308.52 100.138999 0.0000000000000000 0.000000 250.999004 -1244841.484880 30.965039 126.892354 -22.577331 1433.254560 -8.536 -8.536 0.000000 3.233937 0.000 0 0.000
14501.00 1308.33 100.138999 0.0000000000000000 0.000000 250.999004 -1245151.145821 30.967150 126.898109 -22.583918 1433.169495 -8.541 -8.541 0.000000 3.233717 0.000 0 0.000
14401.00 1308.14 100.138999 0.0000000000000000 0.000000 250.999004 -1245460.827881 30.969262 126.903861 -22.590506 1433.084398 -8.546 -8.546 0.000000 3.233496 0.000 0 0.000
14301.00 1307.95 100.138999 0.0000000000000000 0.000000 250.999004 -1245770.531073 30.971376 126.909611 -22.597095 1432.999270 -8.552 -8.552 0.000000 3.233276 0.000 0 0.000
14201.00 1307.69 100.138999 0.0001750719844103 0.000208 250.999004 -1246080.257873 30.974514 126.919931 -22.626057 1433.143623 -11.587 -11.587 2.726015 3.233053 1.822 0 0.000
14101.00 1307.35 100.138999 0.0005423945495951 0.000643 250.999004 -1246390.024308 30.978780 126.935261 -22.679740 1433.540582 -11.557 -11.557 2.725294 3.232830 1.831 0 0.000
14001.00 1307.01 100.138999 0.0009155953982825 0.001086 250.999004 -1246699.833601 30.983086 126.950732 -22.734382 1433.945959 -11.527 -11.527 2.724583 3.232606 1.841 0 0.000
13901.00 1306.67 100.138999 0.0012948897095648 0.001536 250.999004 -1247009.686162 30.987434 126.966348 -22.790017 1434.359946 -11.496 -11.496 2.723883 3.232381 1.851 0 0.000
13801.00 1306.33 100.138999 0.0016805026136476 0.001994 250.999004 -1247319.582417 30.991825 126.982116 -22.846678 1434.782746 -11.465 -11.465 2.723193 3.232157 1.860 0 0.000
13701.00 1305.99 100.138999 0.0020726697765615 0.002460 250.999004 -1247629.522801 30.996260 126.998042 -22.904399 1435.214571 -11.434 -11.434 2.722514 3.231933 1.870 0 0.000
13601.00 1305.64 100.138999 0.0024716379483651 0.002933 250.999004 -1247939.507767 31.000741 127.014133 -22.963217 1435.655644 -11.403 -11.403 2.721847 3.231709 1.879 0 0.000
13501.00 1305.30 100.138999 0.0028776655717561 0.003415 250.999004 -1248249.537780 31.005270 127.030395 -23.023170 1436.106198 -11.371 -11.371 2.721190 3.231484 1.889 0 0.000
13401.00 1304.95 100.138999 0.0032910234172996 0.003906 250.999004 -1248559.613322 31.009847 127.046836 -23.084298 1436.566481 -11.340 -11.340 2.720545 3.231260 1.898 0 0.000
13301.00 1304.60 100.138999 0.0037119952678527 0.004406 250.999004 -1248869.734889 31.014475 127.063464 -23.146643 1437.036748 -11.308 -11.308 2.719912 3.231035 1.908 0 0.000
13201.00 1304.25 100.138999 0.0041408786234690 0.004916 250.999004 -1249179.902995 31.019155 127.080286 -23.210248 1437.517272 -11.276 -11.276 2.719290 3.230810 1.917 0 0.000
13101.00 1303.89 100.138999 0.0045779854611413 0.005435 250.999004 -1249490.118171 31.023889 127.097311 -23.275160 1438.008337 -11.244 -11.244 2.718680 3.230585 1.926 0 0.000
13001.00 1303.53 100.138999 0.0050236430313858 0.005965 250.999004 -1249800.380968 31.028680 127.114547 -23.341426 1438.510242 -11.211 -11.211 2.718083 3.230360 1.935 0 0.000
12901.00 1303.17 100.138999 0.0054781947005620 0.006505 250.999004 -1250110.691954 31.033528 127.132004 -23.409097 1439.023303 -11.178 -11.178 2.717497 3.230135 1.945 0 0.000
12801.00 1302.81 100.138999 0.0059420008399647 0.007056 250.999004 -1250421.051719 31.038436 127.149692 -23.478226 1439.547849 -11.145 -11.145 2.716924 3.229910 1.954 0 0.000
12701.00 1302.45 100.138999 0.0064154397637212 0.007619 250.999004 -1250731.460873 31.043406 127.167621 -23.548868 1440.084230 -11.112 -11.112 2.716364 3.229684 1.963 0 0.000
12601.00 1302.08 100.138999 0.0068989087176760 0.008193 250.999004 -1251041.920048 31.048440 127.185801 -23.621082 1440.632812 -11.079 -11.079 2.715816 3.229459 1.972 0 0.000
12501.00 1301.71 100.138999 0.0073928249209967 0.008780 250.999004 -1251352.429902 31.053542 127.204243 -23.694928 1441.193978 -11.045 -11.045 2.715281 3.229233 1.981 0 0.000
12401.00 1301.34 100.138999 0.0078976266626035 0.009380 250.999004 -1251662.991114 31.058713 127.222961 -23.770472 1441.768136 -11.011 -11.011 2.714759 3.229007 1.990 0 0.000
12301.00 1300.96 100.138999 0.0084137744570977 0.009993 250.999004 -1251973.604392 31.063955 127.241966 -23.847779 1442.355711 -10.977 -10.977 2.714250 3.228781 1.999 0 0.000
12201.00 1300.58 100.138999 0.0089417522404247 0.010620 250.999004 -1252284.270469 31.069273 127.261270 -23.926923 1442.957152 -10.943 -10.943 2.713754 3.228555 2.008 0 0.000
12101.00 1300.20 100.138999 0.0094820686708715 0.011262 250.999004 -1252594.990108 31.074668 127.280890 -24.007976 1443.572932 -10.909 -10.909 2.713271 3.228329 2.016 0 0.000
12001.00 1299.81 100.138999 0.0100352584293281 0.011919 250.999004 -1252905.764101 31.080144 127.300837 -24.091018 1444.203547 -10.874 -10.874 2.712802 3.228102 2.025 0 0.000
11901.00 1299.42 100.135433 0.0105661725770451 0.012549 250.988897 -1253173.386762 31.084387 127.315648 -24.170444 1444.757680 -10.839 -10.839 2.712346 3.227876 2.034 0 0.000
11801.00 1299.03 100.078166 0.0105728003139779 0.012558 250.826689 -1252790.011124 31.068868 127.248273 -24.166156 1443.944846 -10.804 -10.804 2.711908 3.227649 2.042 0 0.000
11701.00 1298.64 100.020262 0.0105796425758772 0.012567 250.662768 -1252398.281094 31.053151 127.180084 -24.161703 1443.123176 -10.768 -10.768 2.711488 3.227422 2.051 0 0.000
11601.00 1298.24 99.961701 0.0105867092497183 0.012577 250.497079 -1251997.937368 31.037227 127.111056 -24.157081 1442.292408 -10.733 -10.733 2.711085 3.227194 2.059 0 0.000
11501.00 1297.84 99.902460 0.0105940107688284 0.012586 250.329564 -1251588.708865 31.021091 127.041161 -24.152285 1441.452270 -10.697 -10.697 2.710701 3.226967 2.067 0 0.000
11401.00 1297.45 99.842517 0.0106015581814889 0.012596 250.160163 -1251170.312084 31.004736 126.970372 -24.147310 1440.602479 -10.661 -10.661 2.710336 3.226739 2.076 0 0.000
11301.00 1297.04 99.781849 0.0106093631425993 0.012606 249.988813 -1250742.450383 30.988154 126.898660 -24.142151 1439.742739 -10.625 -10.625 2.709990 3.226511 2.084 0 0.000
11201.00 1296.64 99.720432 0.0106174380049006 0.012616 249.815448 -1250304.813270 30.971338 126.825993 -24.136803 1438.872739 -10.588 -10.588 2.709663 3.226283 2.092 0 0.000
11101.00 1296.24 99.658239 0.0106257958166842 0.012627 249.639998 -1249857.075581 30.954280 126.752339 -24.131259 1437.992156 -10.551 -10.551 2.709356 3.226054 2.099 0 0.000
11001.00 1295.83 99.595243 0.0106344504023437 0.012637 249.462392 -1249398.896675 30.936971 126.677665 -24.125514 1437.100652 -10.514 -10.514 2.709069 3.225826 2.107 0 0.000
10901.00 1295.42 99.531417 0.0106434164025162 0.012648 249.282554 -1248929.919523 30.919403 126.601935 -24.119562 1436.197873 -10.477 -10.477 2.708803 3.225597 2.115 0 0.000
10801.00 1295.01 99.466730 0.0106527093327177 0.012660 249.100404 -1248449.769756 30.901566 126.525113 -24.113397 1435.283448 -10.439 -10.439 2.708557 3.225367 2.122 0 0.000
10701.00 1294.59 99.401151 0.0106623456332438 0.012671 248.915859 -1247958.054650 30.883451 126.447158 -24.107013 1434.356989 -10.401 -10.401 2.708332 3.225138 2.130 0 0.000
10601.00 1294.18 99.334648 0.0106723427525181 0.012683 248.728831 -1247454.362046 30.865048 126.368031 -24.100402 1433.418089 -10.363 -10.363 2.708128 3.224908 2.137 0 0.000
10501.00 1293.76 99.267186 0.0106827192003806 0.012695 248.539230 -1246938.259185 30.846347 126.287688 -24.093559 1432.466323 -10.325 -10.325 2.707946 3.224678 2.144 0 0.000
10401.00 1293.33 99.198730 0.0106934946304201 0.012708 248.346957 -1246409.291473 30.827335 126.206084 -24.086474 1431.501243 -10.287 -10.287 2.707786 3.224448 2.151 0 0.000
10301.00 1292.91 99.129242 0.0107046899198236 0.012721 248.151912 -1245866.981156 30.808002 126.123173 -24.079143 1430.522380 -10.248 -10.248 2.707648 3.224217 2.158 0 0.000
10201.00 1292.48 99.058681 0.0107163272570780 0.012734 247.953989 -1245310.825910 30.788336 126.038903 -24.071555 1429.529242 -10.209 -10.209 2.707532 3.223986 2.165 0 0.000
10101.00 1292.05 98.987005 0.0107284302355559 0.012748 247.753076 -1244740.297323 30.768322 125.953224 -24.063705 1428.521311 -10.170 -10.170 2.707438 3.223755 2.171 0 0.000
10001.00 1291.61 98.914172 0.0107410239637753 0.012763 247.549054 -1244154.839278 30.747948 125.866079 -24.055583 1427.498043 -10.131 -10.131 2.707367 3.223523 2.178 0 0.000
9901.00 1291.17 98.840134 0.0107541351570754 0.012778 247.341800 -1243553.866209 30.727200 125.777410 -24.047180 1426.458867 -10.091 -10.091 2.707318 3.223291 2.184 0 0.000
9801.00 1290.73 98.764842 0.0107677922840655 0.012793 247.131184 -1242936.761255 30.706063 125.687157 -24.038489 1425.403180 -10.052 -10.052 2.707292 3.223059 2.190 0 0.000
9701.00 1290.28 98.688245 0.0107820256774897 0.012809 246.917068 -1242302.874249 30.684520 125.595255 -24.029499 1424.330350 -10.012 -10.012 2.707289 3.222826 2.196 0 0.000
9601.00 1289.83 98.610289 0.0107968676839172 0.012825 246.699306 -1241651.519585 30.662554 125.501636 -24.020202 1423.239708 -9.972 -9.972 2.707309 3.222593 2.202 0 0.000
9501.00 1289.38 98.530916 0.0108123528163632 0.012843 246.477747 -1240981.973917 30.640150 125.406228 -24.010586 1422.130553 -9.931 -9.931 2.707351 3.222359 2.208 0 0.000
9401.00 1288.92 98.450065 0.0108285179211308 0.012861 246.252229 -1240293.473686 30.617287 125.308956 -24.000643 1421.002141 -9.891 -9.891 2.707416 3.222125 2.214 0 0.000
9301.00 1288.46 98.367674 0.0108454023603765 0.012879 246.022581 -1239585.212466 30.593946 125.209739 -23.990362 1419.853690 -9.850 -9.850 2.707504 3.221891 2.219 0 0.000
9201.00 1287.99 98.283674 0.0108630482092255 0.012899 245.788624 -1238856.338105 30.570106 125.108493 -23.979730 1418.684374 -9.810 -9.810 2.707613 3.221656 2.225 0 0.000
9101.00 1287.52 98.197993 0.0108815004718429 0.012919 245.550167 -1238105.949650 30.545746 125.005129 -23.968738 1417.493320 -9.769 -9.769 2.707745 3.221421 2.230 0 0.000
9001.00 1287.04 98.110557 0.0109008073152502 0.012940 245.307011 -1237333.094032 30.520843 124.899553 -23.957372 1416.279604 -9.728 -9.728 2.707898 3.221185 2.235 0 0.000
8901.00 1286.56 98.021286 0.0109210203276270 0.012963 245.058942 -1236536.762496 30.495372 124.791664 -23.945621 1415.042252 -9.687 -9.687 2.708072 3.220949 2.240 0 0.000
8801.00 1286.07 97.930094 0.0109421947897157 0.012986 244.805735 -1235715.886751 30.469307 124.681356 -23.933472 1413.780229 -9.646 -9.646 2.708266 3.220712 2.245 0 0.000
8701.00 1285.57 97.836893 0.0109643899872275 0.013010 244.547153 -1234869.334815 30.442620 124.568518 -23.920911 1412.492441 -9.605 -9.605 2.708480 3.220474 2.249 0 0.000
8601.00 1285.07 97.741587 0.0109876695341772 0.013036 244.282943 -1233995.906534 30.415283 124.453030 -23.907924 1411.177730 -9.564 -9.564 2.708714 3.220236 2.254 0 0.000
8501.00 1284.56 97.644076 0.0110121017343985 0.013062 244.012836 -1233094.328740 30.387265 124.334766 -23.894498 1409.834864 -9.523 -9.523 2.708965 3.219998 2.259 0 0.000
8401.00 1284.05 97.544252 0.0110377599723934 0.013090 243.736551 -1232163.250022 30.358533 124.213593 -23.880616 1408.462541 -9.482 -9.482 2.709234 3.219758 2.263 0 0.000
8301.00 1283.53 97.442002 0.0110647231379862 0.013120 243.453784 -1231201.235086 30.329052 124.089369 -23.866263 1407.059375 -9.441 -9.441 2.709518 3.219518 2.267 0 0.000
8201.00 1283.00 97.337205 0.0110930760664105 0.013151 243.164217 -1230206.758646 30.298786 123.961942 -23.851422 1405.623894 -9.400 -9.400 2.709818 3.219278 2.271 0 0.000
8101.00 1282.46 97.229733 0.0111229100881982 0.013184 242.867509 -1229178.198870 30.267695 123.831152 -23.836077 1404.154534 -9.359 -9.359 2.710131 3.219036 2.275 0 0.000
8001.00 1281.91 97.119450 0.0111543234870929 0.013219 242.563299 -1228113.830225 30.235738 123.696829 -23.820210 1402.649632 -9.319 -9.319 2.710456 3.218794 2.279 0 0.000
7901.00 1281.36 97.006211 0.0111874221305236 0.013255 242.251202 -1227011.815861 30.202870 123.558790 -23.803802 1401.107416 -9.278 -9.278 2.710791 3.218551 2.283 0 0.000
7801.00 1280.79 96.889860 0.0112223200554476 0.013294 241.930810 -1225870.199331 30.169044 123.416842 -23.786833 1399.526002 -9.238 -9.238 2.711134 3.218308 2.287 0 0.000
7701.00 1280.22 96.770233 0.0112591401206724 0.013335 241.601686 -1224686.895722 30.134210 123.270780 -23.769282 1397.903378 -9.198 -9.198 2.711483 3.218063 2.291 0 0.000
7601.00 1279.64 96.647155 0.0112980146669723 0.013378 241.263367 -1223459.682117 30.098315 123.120384 -23.751129 1396.237404 -9.158 -9.158 2.711836 3.217818 2.295 0 0.000
7501.00 1279.04 96.520438 0.0113390862552455 0.013424 240.915358 -1222186.187408 30.061301 122.965419 -23.732350 1394.525794 -9.118 -9.118 2.712191 3.217571 2.298 0 0.000
7401.00 1278.43 96.389884 0.0113825083369707 0.013472 240.557131 -1220863.881388 30.023107 122.805636 -23.712922 1392.766110 -9.079 -9.079 2.712545 3.217324 2.302 0 0.000
7301.00 1277.81 96.255278 0.0114284459723908 0.013524 240.188125 -1219490.063212 29.983668 122.640768 -23.692819 1390.955749 -9.040 -9.040 2.712894 3.217075 2.306 0 0.000
7201.00 1277.18 96.116393 0.0114770765320300 0.013578 239.807739 -1218061.849203 29.942916 122.470532 -23.672015 1389.091931 -9.002 -9.002 2.713236 3.216826 2.310 0 0.000
7101.00 1276.53 95.972988 0.0115285902845723 0.013636 239.415333 -1216576.160060 29.900775 122.294622 -23.650481 1387.171689 -8.964 -8.964 2.713568 3.216575 2.314 0 0.000
7001.00 1275.87 95.824803 0.0115831909189961 0.013698 239.010226 -1215029.707611 29.857167 122.112716 -23.628188 1385.191850 -8.927 -8.927 2.713885 3.216323 2.317 0 0.000
6901.00 1275.20 95.671562 0.0116410958742551 0.013764 238.591688 -1213418.981249 29.812008 121.924467 -23.605104 1383.149031 -8.890 -8.890 2.714185 3.216070 2.322 0 0.000
6801.00 1274.51 95.512969 0.0117025364197987 0.013834 238.158944 -1211740.234307 29.765208 121.729506 -23.581194 1381.039613 -8.854 -8.854 2.714463 3.215815 2.326 0 0.000
6701.00 1273.80 95.348712 0.0117677573655519 0.013909 237.711169 -1209989.470706 29.716670 121.527440 -23.556422 1378.859738 -8.819 -8.819 2.714714 3.215560 2.330 0 0.000
6601.00 1273.07 95.178457 0.0118370162677659 0.013988 237.247481 -1208162.432373 29.666293 121.317850 -23.530750 1376.605289 -8.784 -8.784 2.714935 3.215302 2.335 0 0.000
6501.00 1272.32 95.001846 0.0119105819032341 0.014073 236.766948 -1206254.588060 29.613968 121.100289 -23.504134 1374.271883 -8.750 -8.750 2.715119 3.215043 2.340 0 0.000
6401.00 1271.55 94.818504 0.0119887318442908 0.014163 236.268578 -1204261.124496 29.559579 120.874284 -23.476528 1371.854853 -8.717 -8.717 2.715262 3.214783 2.345 0 0.000
6301.00 1270.76 94.628031 0.0120717487067001 0.014259 235.751323 -1202176.940950 29.503005 120.639333 -23.447883 1369.349245 -8.685 -8.685 2.715359 3.214521 2.350 0 0.000
6201.00 1269.95 94.430005 0.0121599148611225 0.014362 235.214078 -1199996.648848 29.444116 120.394905 -23.418143 1366.749814 -8.653 -8.653 2.715403 3.214257 2.356 0 0.000
6101.00 1269.11 94.223984 0.0122535048724971 0.014471 234.655683 -1197714.578246 29.382776 120.140443 -23.387248 1364.051022 -8.623 -8.623 2.715388 3.213991 2.362 0 0.000
6001.00 1268.25 94.009505 0.0123527754582909 0.014587 234.074927 -1195324.793861 29.318843 119.875360 -23.355130 1361.247047 -8.594 -8.594 2.715309 3.213724 2.369 0 0.000
5901.00 1267.35 93.786087 0.0124579519588479 0.014711 233.470553 -1192821.123526 29.252169 119.599050 -23.321715 1358.331805 -8.566 -8.566 2.715157 3.213455 2.376 0 0.000
5801.00 1266.43 93.553237 0.0125692108798554 0.014842 232.841271 -1190197.203098 29.182601 119.310883 -23.286916 1355.298980 -8.539 -8.539 2.714928 3.213183 2.384 0 0.000
5701.00 1265.48 93.310451 0.0126866576638239 0.014981 232.185772 -1187446.542237 29.109984 119.010217 -23.250639 1352.142076 -8.513 -8.513 2.714612 3.212910 2.392 0 0.000
5601.00 1264.50 93.057226 0.0128102991149702 0.015127 231.502743 -1184562.616384 29.034161 118.696408 -23.212775 1348.854489 -8.489 -8.489 2.714204 3.212634 2.401 0 0.000
5501.00 1263.48 92.793066 0.0129400101016573 0.015281 230.790902 -1181538.990775 28.954977 118.368814 -23.173200 1345.429611 -8.466 -8.466 2.713696 3.212357 2.410 0 0.000
5401.00 1262.43 92.517497 0.0130754946585969 0.015443 230.049024 -1178369.482529 28.872282 118.026819 -23.131771 1341.860968 -8.444 -8.444 2.713080 3.212077 2.421 0 0.000
5301.00 1261.34 92.230086 0.0132162424322733 0.015612 229.275992 -1175048.366526 28.785939 117.669849 -23.088329 1338.142397 -8.424 -8.424 2.712350 3.211795 2.432 0 0.000
5201.00 1260.22 91.930456 0.0133614826245408 0.015787 228.470846 -1171570.629335 28.695824 117.297395 -23.042691 1334.268278 -8.405 -8.405 2.711498 3.211511 2.444 0 0.000
5101.00 1259.06 91.618311 0.0135101390501265 0.015966 227.632847 -1167932.272680 28.601840 116.909047 -22.994655 1330.233813 -8.387 -8.387 2.710519 3.211226 2.457 0 0.000
5001.00 1257.86 91.293470 0.0136607921451842 0.016149 226.761552 -1164130.663416 28.503920 116.504523 -22.943996 1326.035362 -8.372 -8.372 2.709408 3.210938 2.470 0 0.000
4901.00 1256.62 90.955888 0.0138116551434798 0.016333 225.856892 -1160164.920053 28.402040 116.083711 -22.890474 1321.670832 -8.357 -8.357 2.708159 3.210649 2.485 0 0.000
4801.00 1255.34 90.605693 0.0139605733481644 0.016515 224.919256 -1156036.317466 28.296226 115.646711 -22.833841 1317.140098 -8.344 -8.344 2.706770 3.210358 2.501 0 0.000
4701.00 1254.03 90.243218 0.0141050552598733 0.016693 223.949570 -1151748.681431 28.186564 115.193869 -22.773847 1312.445440 -8.333 -8.333 2.705241 3.210067 2.518 0 0.000
4601.00 1252.69 89.869023 0.0142423421486233 0.016864 222.949368 -1147308.735213 28.073211 114.725821 -22.710262 1307.591968 -8.323 -8.323 2.703570 3.209774 2.535 0 0.000
4501.00 1251.31 89.483917 0.0143695182139908 0.017024 221.920839 -1142726.354055 27.956401 114.243515 -22.642890 1302.587961 -8.314 -8.314 2.701761 3.209482 2.554 0 0.000
4401.00 1249.91 89.088965 0.0144836563663457 0.017169 220.866848 -1138014.682551 27.836446 113.748228 -22.571593 1297.445108 -8.307 -8.307 2.699817 3.209189 2.573 0 0.000
4301.00 1248.49 88.685486 0.0145819867757289 0.017297 219.790921 -1133190.077505 27.713738 113.241564 -22.496313 1292.178563 -8.301 -8.301 2.697745 3.208897 2.594 0 0.000
4201.00 1247.05 88.275026 0.0146620685423466 0.017404 218.697183 -1128271.855373 27.588739 112.725429 -22.417086 1286.806798 -8.296 -8.296 2.695553 3.208605 2.615 0 0.000
4101.00 1245.59 87.859325 0.0147219415819133 0.017488 217.590265 -1123281.847126 27.461980 112.201990 -22.334059 1281.351235 -8.293 -8.293 2.693251 3.208315 2.637 0 0.000
4001.00 1244.14 87.440268 0.0147602379341307 0.017547 216.475168 -1118243.789877 27.334034 111.673619 -22.247491 1275.835673 -8.290 -8.290 2.690848 3.208027 2.660 0 0.000
3901.00 1242.68 87.019827 0.0147762386014776 0.017581 215.357117 -1113182.607480 27.205510 111.142814 -22.157746 1270.285551 -8.288 -8.288 2.688355 3.207742 2.683 0 0.000
3801.00 1241.22 86.600001 0.0147698724314075 0.017588 214.241395 -1108123.646319 27.077026 110.612126 -22.065284 1264.727133 -8.287 -8.287 2.685784 3.207459 2.706 0 0.000
3701.00 1239.78 86.182758 0.0147416637592868 0.017570 213.133194 -1103091.933895 26.949196 110.084082 -21.970636 1259.186676 -8.287 -8.287 2.683146 3.207179 2.730 0 0.000
3601.00 1238.36 85.769980 0.0146926431815326 0.017528 212.037472 -1098111.517650 26.822610 109.561117 -21.874380 1253.689670 -8.288 -8.288 2.680452 3.206902 2.754 0 0.000
3501.00 1236.95 85.363427 0.0146242391192017 0.017462 210.958850 -1093204.922926 26.697822 109.045514 -21.777121 1248.260187 -8.289 -8.289 2.677711 3.206629 2.778 0 0.000
3401.00 1235.58 84.964699 0.0145381668450057 0.017376 209.901528 -1088392.747652 26.575340 108.539366 -21.679462 1242.920388 -8.291 -8.291 2.674932 3.206360 2.803 0 0.000
3301.00 1234.23 84.575220 0.0144363277060873 0.017271 208.869229 -1083693.391930 26.455618 108.044543 -21.581992 1237.690185 -8.293 -8.293 2.672124 3.206094 2.827 0 0.000
3201.00 1232.92 84.196226 0.0143207258323330 0.017150 207.865179 -1079122.906563 26.339052 107.562678 -21.485269 1232.587036 -8.296 -8.296 2.669294 3.205832 2.851 0 0.000
3101.00 1231.64 83.828763 0.0141934047748901 0.017014 206.892093 -1074694.937061 26.225979 107.095162 -21.389812 1227.625869 -8.300 -8.300 2.666446 3.205575 2.875 0 0.000
3001.00 1230.41 83.473684 0.0140564021858062 0.016867 205.952182 -1070420.737774 26.116679 106.643140 -21.296092 1222.819079 -8.304 -8.304 2.663588 3.205320 2.899 0 0.000
2901.00 1229.21 83.131661 0.0139117184915745 0.016710 205.047174 -1066309.233783 26.011372 106.207525 -21.204535 1218.176596 -8.309 -8.309 2.660723 3.205070 2.923 0 0.000
2801.00 1228.05 82.803189 0.0137612946091447 0.016546 204.178331 -1062367.113443 25.910226 105.788999 -21.115517 1213.705986 -8.315 -8.315 2.657856 3.204823 2.946 0 0.000
2701.00 1226.94 82.488596 0.0136069936875488 0.016378 203.346477 -1058598.940430 25.813355 105.388034 -21.029362 1209.412567 -8.321 -8.321 2.654988 3.204579 2.969 0 0.000
2601.00 1225.87 82.188055 0.0134505836348979 0.016206 202.552024 -1055007.280118 25.720824 105.004896 -20.946348 1205.299548 -8.328 -8.328 2.652123 3.204339 2.992 0 0.000
2501.00 1224.84 81.901593 0.0132937182212877 0.016033 201.795008 -1051592.838835 25.632653 104.639664 -20.866703 1201.368172 -8.336 -8.336 2.649264 3.204101 3.015 0 0.000
2401.00 1223.85 81.629108 0.0131379170479461 0.015861 201.075116 -1048354.617208 25.548821 104.292245 -20.790605 1197.617871 -8.344 -8.344 2.646410 3.203867 3.036 0 0.000
2301.00 1222.90 81.370375 0.0129845452923779 0.015692 200.391725 -1045290.078593 25.469267 103.962390 -20.718186 1194.046436 -8.352 -8.352 2.643565 3.203634 3.058 0 0.000
2201.00 1222.00 81.125068 0.0128347958055801 0.015527 199.743943 -1042395.332852 25.393899 103.649712 -20.649529 1190.650201 -8.362 -8.362 2.640729 3.203404 3.079 0 0.000
2101.00 1221.13 80.892772 0.0126896758238566 0.015367 199.130643 -1039665.333117 25.322594 103.353708 -20.584672 1187.424243 -8.371 -8.371 2.637902 3.203177 3.100 0 0.000
2001.00 1220.29 80.672999 0.0125500002444810 0.015213 198.550515 -1037094.081031 25.255207 103.073775 -20.523609 1184.362588 -8.382 -8.382 2.635086 3.202951 3.120 0 0.000
1901.00 1219.50 80.465205 0.0124163925359026 0.015067 198.002100 -1034674.834055 25.191573 102.809235 -20.466298 1181.458432 -8.393 -8.393 2.632281 3.202727 3.140 0 0.000
1801.00 1218.73 80.268806 0.0122892931504632 0.014927 197.483836 -1032400.307476 25.131514 102.559355 -20.412660 1178.704345 -8.404 -8.404 2.629487 3.202504 3.159 0 0.000
1701.00 1218.00 80.083191 0.0121689744181960 0.014796 196.994098 -1030262.864016 25.074844 102.323363 -20.362589 1176.092483 -8.417 -8.417 2.626704 3.202283 3.178 0 0.000
1601.00 1217.29 79.907738 0.0120555602648149 0.014673 196.531229 -1028254.685046 25.021370 102.100469 -20.315954 1173.614763 -8.429 -8.429 2.623933 3.202062 3.197 0 0.000
1501.00 1216.76 79.741823 0.0115011437909926 0.014015 196.093570 -1026367.912033 24.968251 101.880809 -20.211040 1171.027683 -8.428 -8.428 2.620878 3.201871 3.216 0 0.000
1401.00 1216.37 79.620910 0.0110704958556759 0.013508 195.774583 -1025059.479222 24.929715 101.720936 -20.136759 1169.103527 -8.414 -8.414 2.617563 3.201706 3.235 0 0.000
1301.00 1215.98 79.534815 0.0110548844818938 0.013505 195.547385 -1024198.740085 24.904363 101.613676 -20.130826 1167.853183 -8.400 -8.400 2.614248 3.201541 3.255 0 0.000
1201.00 1215.60 79.450068 0.0110398131584354 0.013503 195.323676 -1023354.528206 24.879430 101.508063 -20.125342 1166.619397 -8.387 -8.387 2.610932 3.201376 3.274 0 0.000
1101.00 1215.21 79.366620 0.0110252312472763 0.013501 195.103332 -1022526.262430 24.854900 101.404038 -20.120285 1165.401438 -8.374 -8.374 2.607616 3.201212 3.293 0 0.000
1001.00 1214.84 79.284429 0.0110110951142587 0.013500 194.886242 -1021713.415991 24.830758 101.301548 -20.115636 1164.198641 -8.361 -8.361 2.604301 3.201049 3.312 0 0.000
901.00 1214.46 79.203455 0.0109973678904779 0.013500 194.672303 -1020915.509041 24.806994 101.200545 -20.111377 1163.010400 -8.349 -8.349 2.600986 3.200886 3.330 0 0.000
801.00 1214.09 79.123662 0.0109840192499263 0.013500 194.461421 -1020132.101469 24.783596 101.100984 -20.107493 1161.836158 -8.337 -8.337 2.597674 3.200723 3.348 0 0.000
701.00 1213.72 79.045017 0.0109710251725685 0.013500 194.253509 -1019362.785969 24.760553 101.002825 -20.103970 1160.675403 -8.326 -8.326 2.594364 3.200560 3.366 0 0.000
601.00 1213.35 78.896885 0.0100596677820844 0.012396 193.861771 -1017693.595385 24.710533 100.798373 -19.945503 1158.215476 -8.315 -8.315 2.591066 3.200398 3.383 0 0.000
501.00 1212.99 78.892130 0.0109463839444152 0.013502 193.849192 -1017879.174892 24.715841 100.812047 -20.098289 1158.405827 -8.305 -8.305 2.587763 3.200236 3.401 0 0.000
401.00 1212.62 78.816713 0.0109343481836559 0.013504 193.649641 -1017149.551670 24.693798 100.717835 -20.095769 1157.282406 -8.296 -8.296 2.584464 3.200074 3.418 0 0.000
301.00 1212.26 78.742327 0.0109226307978353 0.013506 193.452758 -1016432.612350 24.672074 100.624885 -20.093566 1156.170734 -8.287 -8.287 2.581170 3.199913 3.434 0 0.000
201.00 1211.90 78.668943 0.0109112352834226 0.013508 193.258470 -1015728.017638 24.650660 100.533164 -20.091672 1155.070410 -8.279 -8.279 2.577883 3.199753 3.450 0 0.000
101.00 1211.54 78.596533 0.0109001698991311 0.013510 193.066705 -1015035.425647 24.629547 100.442638 -20.090079 1153.981040 -8.272 -8.272 2.574602 3.199592 3.466 0 0.000
1.00 1211.19 78.525068 0.0108894472662939 0.013514 192.877389 -1014354.486979 24.608729 100.353272 -20.088862 1152.901614 -8.266 -8.266 2.571313 3.199432 3.481 0 0.000
